0.327625663262533
0.674435609254247
-0.068471211516446
-0.214707124565357
0.31913432978489
0.0421140346618754
0.0983145082023073
0.149366009589646
0.196015210170094
0.691063066793605
-0.922720913492087
0.637290275573202
-0.361063741514865
-0.330984083242559
1.0834505614667
0.972101639918083
1.28734246334889
0.634737104259139
0.172318352620953
0.295415797895257
0.629054069415929
0.422272417171081
0.664886010305415
-0.486892001774931
0.123480339474652
-1.20120588716205
-0.917305356439386
0.0824525528015271
-0.54547590290498
-0.645507321978115
0.212151376103969
-0.865437617206663
0.429078005977024
0.786263575571726
0.501146637802243
0.181795059232303
0.345293313421436
-0.111936747593221
2.31322442168816
1.81596895832048
0.577620061081198
-0.564319460587249
0.90002493534941
2.54824521745578
0.831169369974368
-0.040323228040822
1.03680623698959
-1.74695582491916
1.32381513909147
-0.181995840269459
0.462669788592342
0.330942384459463
-0.109442926685976
0.515065780064557
0.512275116644282
0.413592479499826
0.495574563331946
0.404014839028181
1.04573188788798
1.00871881332185
-1.1542098517
-0.0729409527578072
-0.704997667052071
0.44101178768191
-0.218889892686668
-1.07699930135812
0.0239265089475316
0.211730046273084
-1.47675267213086
-1.09688002012421
-2.3669989937848
-2.1323286703315
-0.170933715883407
1.79514908392226
0.915106477954786
0.854330299450939
-0.706425626772297
0.205447188041647
1.17828217567964
-1.98182217688315
-0.46524572886324
-0.0280469116081799
-0.365198855892422
0.210777108471251
0.134590043696565
-1.29898769219444
1.17158524677621
1.3859919796519
-0.333384517786432
-0.789357329514118
0.352312925518409
0.586828968072522
0.05778380034947
0.205146869360013
1.07295039622874
1.02031688755648
0.287993285467456
-0.382771965559069
0.19712997488581
0.174021881980357
-0.363892440654138
-0.788384982582407
-0.348155805573526
0.144337982087866
1.34166105581295
0.459790783362167
-0.127231459047541
-1.32224622088527
0.794672481882141
-0.305931342485605
0.66649220553028
0.486798932538831
-0.154003164801486
0.344681115426684
-0.185431564432923
0.498594274658908
-0.307898201537751
1.06826926101421
0.548997493461402
0.892636543026115
1.13399263632195
0.899447125949781
-1.77368270484089
-1.52031890112195
-1.4358939223945
-1.55287707637414
-1.46458225907507
-1.49526014307379
-0.951872413530464
-2.31275230521287
-2.25935599186104
-0.97211855375268
-1.14224438597435
-1.51890410681751
-0.749437432495297
-2.66334260631139
-2.72609017163029
-1.90615441663534
-0.279351196548633
-2.52364608645947
-2.02089028890556
-2.01287803403034
0.697479251401786
-0.77266592586613
-1.7638714936431
-0.764615435918766
-0.147959432410319
-0.817353499674128
-0.691154714106776
-1.40610366907826
-1.00970536647971
-1.11559838919708
0.154077231870622
0.355268635352007
-1.32146892236194
-0.77917926899494
0.0631337550820348
-1.24560374556525
-1.15025605392392
0.477000975825105
-1.33781998221938
-1.06279587999515
-1.10731875633219
-0.710695902370122
0.144528215094098
-0.902180639466346
0.0802125921905436
0.709170478346076
1.87898549023187
-0.206949547466747
-1.02872586985433
0.602275479548508
-0.29543995771033
0.0948430555555957
1.0250746673533
1.0848979120071
0.456294694348074
1.23645732608846
-0.074445296356114
1.51642035353539
-0.321068902408721
0.858142317146868
1.70341606971631
0.367681047772902
-0.859569902558163
0.0359125987986511
1.6921293231342
0.240397164163003
-0.0724469444641437
0.352883013068688
0.44026489546587
1.23046925240387
0.330388119540061
1.19240617108639
-0.242965160200115
0.175462063715304
-0.232005858955449
1.0271236735293
0.982312114245732
0.268020381618815
1.41790219647826
1.1828086066771
0.714747862894252
0.803678159677614
1.63006464887581
0.692823279858122
1.13010111318278
0.676297036224279
0.602226388529707
1.14604050129431
1.42520524974183
0.622595922062253
0.988248340767251
