-0.880448836145959
-1.25339676249434
0.374398624170026
0.370032572813064
1.31787118531189
-0.961433470742854
-0.644736181098605
-0.62288275551165
-0.767322010973389
-1.52591226164128
0.783972366347045
-0.251125280530346
-0.815149304662166
-0.867294811369852
0.644647919833642
-0.700831127536651
0.543683551951581
-0.465987995767864
-0.707675815113819
-1.10258216168515
-1.22097966542356
-1.03997274600779
-1.03219281340192
-0.689167172931226
-0.706028382667692
-0.110330236547341
0.271409665690606
-1.28253727617105
-0.407588773513549
-0.0874810775286816
-0.842299338798327
0.163682186795046
-1.15740296256361
-0.950966008276923
-0.941782741137674
-0.919744563753137
-1.14426994634802
-0.318368605758003
0.68126458493208
0.394641864617075
1.49930959362161
-0.219819719891183
0.513985591450796
0.18850454053652
1.52705858481765
0.050000849572837
0.94892840545488
-0.722076141471142
0.607538046568547
-0.927283192556715
-1.27344984233785
-1.09255585318114
-0.383637410121231
-0.634164268516059
-1.39089280631059
-1.0889804782065
-0.856392020305437
-1.02476019024341
-1.20277296858397
-0.852602944543107
0.635875055646397
1.35290341241964
1.86796446903444
1.5514778073331
1.64446087087449
-0.00466090412396738
0.237688834102222
1.17739526330901
1.82658195085413
1.65580381153383
1.8367524700685
1.802593107036
1.52996731868613
-0.25282825850863
0.909355943467024
0.658391747852811
1.24200403248802
1.38372103178764
-0.874351226821872
0.726878781009383
1.12179637413183
0.406584099631567
1.60026351942847
1.02694202161027
1.44163863051135
1.58233091864543
-1.22027635632796
-0.423720623216136
-2.4745722221402
-1.91064681635959
-1.75200826868338
-1.09473092106879
-0.988608052747603
-0.462622635943838
-1.50273729432654
-0.524334557371799
0.862099456640334
2.03195648640672
-0.147695713345453
-0.842421077129381
-0.71191326281991
0.119554206274952
-0.169272679494985
3.21063494021102
0.0164416753795302
-0.737692725291442
0.677663281153176
-0.0266781045438207
-0.746344932795485
0.722001622701904
0.517845569169486
-0.766877261820333
-1.33694713696822
0.00951135682150439
1.16839755334723
1.80974519694116
0.360148480101628
-2.11142891783624
-0.552069777288155
-1.56870946439952
-1.25060499121028
0.0914707964422714
0.127810270124774
0.719745637100443
0.146488097277585
0.344638443874391
1.06528503872031
1.25950841215663
-1.30329141917484
0.877770329007685
1.03883196948875
0.302789469471948
-0.711582245880502
0.231946175325359
0.138269942060532
0.404776614098264
-0.158228170162325
-0.544166681224497
-1.5791081489908
-0.881543525351362
0.38315622671595
0.66542867582816
0.511588994412102
-1.37261189490059
1.40494117790292
0.753722482955254
0.853590339943884
0.879527857450415
0.97228631474211
0.199375504981477
0.573297930321501
0.175189177536407
-0.018162824897946
0.0801165276656019
1.02657009198358
0.391760303141672
-0.761303282458085
0.0170562471586441
0.696709550368529
0.837049698895978
-0.272077364267693
-0.741482117217077
-1.20253195117216
0.197697394013529
-0.540451792869895
0.225160123517933
1.58390528276766
0.363425549182559
-1.02632724207861
0.502477640718241
0.624001874516449
0.497955525013392
0.692354747075742
1.17232688185759
-0.206486245644597
2.31642839157084
0.895150321629883
-0.774639225832491
-0.0512787500571321
0.869768581567905
1.00490464643872
-0.496431087424111
0.515973002018045
-0.0644697223919991
0.808826406830538
0.749555410507521
-0.00936229053323708
1.02102192187568
0.764042205623394
0.217307215258309
0.198826916148573
-0.143188213901689
-0.53588778170535
0.442862372275086
-0.230113704805198
0.0626005284664751
0.33719278475974
-0.911266314778161
-0.918194976031459
1.5853738297935
2.19554695779053
-1.09818386388981
-0.356148880861265
-0.964407133668304
-0.693038156517905
-0.233881502752133
-0.988854368083145
-0.608098246580952
-1.26075854443604
-1.34235395088747
-1.53992279830615
-1.64251704048606
-1.89730167429087
