0.872444179351191
0.185018240676206
1.82127449120312
1.16641509657821
1.11754791073704
1.75252790613939
1.12006113320602
1.19983921922936
0.963496642065181
1.73538981281238
1.22471307866478
0.969405975750896
1.51396231825919
1.50319996457958
1.64829696603369
1.11573569880001
1.65129786670041
0.873028684418911
0.875760003534781
1.32366175861618
0.487459307530124
0.281453100194214
-0.0982545149172445
1.306473172589
1.30508601797768
1.1598934245875
1.33891717893538
1.18167454810304
1.31022094842349
1.66068346486321
1.2642472079561
1.25940416584254
1.37554742768305
0.970973900000233
1.33139204761502
0.620230758242364
0.284782939291726
0.268911446112058
-0.0679356159581959
0.590329922098872
0.112011674218397
0.0309861901822958
1.13631096664329
-0.107278395442356
0.686822827280334
0.388406703842626
1.0324942305281
0.832793077671459
0.908887673893705
0.917372017237005
0.987369339974088
1.19586058327159
-0.0321341342985395
1.74328264625092
0.910271320257097
0.708145424040727
-0.195547786751338
-0.0729166521934887
0.319807930792864
0.936607547064039
1.38580323041677
0.780142565053576
-0.218947888254288
0.524571331747201
1.09400232328007
1.05611184490086
0.32091652302518
0.802541671395213
-0.388616487044188
0.245815309573945
-0.494414333202347
0.205053313139914
0.173614818762605
-0.18761402920605
-0.89998140341707
-0.645300968836075
0.00358769441512195
0.0806645712899047
-0.883679309513551
-0.89309380763541
-0.802011708913866
-0.762066145604329
0.841110815419301
-1.85211212117875
-0.11221068649979
-0.0552390841624795
-0.579832377277555
-0.237510637887755
-2.77142221342894
-2.59134693439724
-1.1908705630034
-1.64116649728572
-2.69282249689094
-2.49310565995705
0.520017722382158
-0.428242233230467
-0.321867894566655
-0.0922102596099753
-0.983650541300628
-0.701813671247078
-1.79623346476607
-0.975083026784762
-1.82021585031889
-0.807557182703702
-0.27743780636124
0.0821488451730518
-0.998653320019204
-0.145649438688722
-0.870817641689822
-1.62985793314763
-1.17436896868085
-2.6054989423409
-0.0645350361803691
-0.855116378736462
-1.22561787749762
-0.147100863782264
-0.0258539625087813
-0.144675182253992
-0.753874280103626
0.494184830438788
0.565270552328421
-0.438712813094604
-0.296598598765578
-1.39855915220484
-0.174675329133779
-0.0635863048092744
-0.0302944742787441
-2.22954988470347
-1.65119624412934
-0.0800730129524816
-0.251754898017539
-0.485864950381181
0.30754746164447
-1.7047135364015
-1.3044053910902
-3.91626300957341
-1.50641096799849
-3.51502141483609
0.380071800194733
-0.328324635831138
-1.18541230731086
0.209426586982229
-0.112128577355113
-1.05208734657607
0.334429527047851
-0.470833083358704
0.00306773336842126
-0.535708229982823
0.00161985095357109
-1.35778924362815
-0.574717692383856
-0.227719011256124
0.424650497228665
-0.160741763016068
-0.430885110157878
0.0623404765898985
0.281449692025608
0.37349157990761
-0.233679115539748
-0.605080780865324
0.405337741113535
0.393995314753889
-0.00858742615720808
-1.16867858693396
-0.499428733498879
-0.718001878918185
0.556005816584029
-0.123959545779383
-1.53834103350224
0.215551840961333
-0.185914348749882
-0.315372696054519
-0.858271868487811
0.776015212527323
0.235556341527885
0.445177240842157
1.08007153700566
-0.0276517377370327
0.264713163979789
-1.40085172601362
0.403233168747758
1.00314338301572
-0.663846939563231
-0.136765698639287
0.458168491760524
0.697222716037946
0.786950159779813
0.86585246079752
0.658837117417342
-0.431959164667479
-0.104428419443542
-0.0354853352111523
-0.0360342089901708
1.05025766533241
0.209330477606646
0.0548513790198287
0.221428397121406
0.80245455687138
-1.09426187225207
-0.304514620657463
0.286238068180331
0.165312084896977
0.0191710590141472
0.0583525813571519
-0.59105515812402
0.11696076573354
-0.529887921815448
0.00123649489816484
-0.0574494746652795
-0.0943978481691099
0.486772906455269
-0.707070512395675
0.0183284551614472
