1.11412133863673
1.04606106507905
-1.5852372740868
-0.316114932817881
-0.588788789271546
0.245448933104554
-0.337310225753761
-1.92889287169295
0.127389932946146
0.86653060834451
-1.59275887824258
0.415589077499909
-0.0461630768504016
0.66130361400703
0.390839889270318
0.750989593195368
1.86251371612417
-1.12953690448438
0.473177369332702
0.615427938047163
0.315333905396827
0.575693279421272
0.871955986103782
-0.296488903657654
0.537697426173373
-0.693308190541813
-1.28795231943429
0.269889013390797
-0.270264603961408
-0.963768438943468
0.73799155293015
-1.74394985354127
0.666590561416656
0.498740116649721
0.280337717276714
-0.0827322520333499
0.0268284967985004
0.0972733788200012
1.66375478805007
0.678746124364045
0.343820550451453
1.64304792968377
0.830848922979818
0.536130768608759
-0.0704147175125452
1.73376751870669
0.990245386909047
1.98564093057847
1.04373718845061
2.16497718941126
1.6269253538112
2.19856302320168
1.73579258162091
0.950507296368062
0.922878248634175
0.288811116108981
0.72924383178739
0.157629594890371
1.06156195939037
1.72157382134402
2.78851191735208
1.73068831752821
-1.20915186382779
-0.803962219335641
1.54892363098745
1.89849491453152
1.85204844813861
-0.598160782681075
-0.393200427339625
1.29445082776442
0.500533713466428
-1.64338231052956
1.68393961471226
0.363290489754599
-0.259780967717306
-0.131145494356026
-0.0532807540421907
-0.345585820089478
1.38904331650931
-0.367526832933967
-0.686135089655272
-1.06638975763235
-0.162407679239309
-0.188097458189204
0.407290619970479
-0.741132554078843
1.15127587557756
1.0788822275383
-0.344513733472222
0.466838092101882
0.227663463675804
-0.604945201592279
-0.832498101458304
0.644077801544121
1.04430866463458
1.08179649409769
1.25444702465362
0.496069267873559
0.577643612646152
-0.0707779585462893
0.76022625948459
-0.602191555215812
-0.0787274461566522
1.29151476975335
0.0993452362055831
-1.05511482519189
-1.51692757858887
1.71719170633712
-0.872342930599316
-0.447518505161944
-0.448216370682034
-1.10187350671079
0.0181230390257631
-0.730347348983686
2.19745993344366
-0.362527793782542
-0.993320100134015
-1.7122239109984
-0.0535741508689228
-0.0811359046057745
-1.13524666674559
0.849187682877141
-0.20059244918417
-1.62347820585794
-1.13602548522353
-0.378851902891153
-0.272916590784459
-0.693308190541813
0.240074063482925
0.0629192638396797
0.260668408316277
-0.0677964562988258
0.30264450452026
-0.0491288502988076
0.0911354868906825
-0.824624672606455
-0.367032163182789
-0.843887064465129
-0.941184876533122
0.318887331052812
-0.598212858645697
-1.6818010055358
-0.526719039326151
-1.92048087084262
-0.670346261056223
-1.78302475721476
-0.531932932420402
0.3452727521282
-0.771879842175673
-0.671385755735077
0.282086347107183
-1.30585932979817
0.514736489047185
-1.51753953236015
-0.564878022150149
-1.21732807146568
-1.38782387342019
-1.58546866842469
-0.649986709690686
0.759795066091239
-0.822669101547905
0.592189240321163
-0.117445924839117
-1.31548323150557
-1.45137096639419
0.080081267265449
-0.875254149767364
-0.397684920759699
-0.162704948591355
-0.991948229165711
-0.14115377407028
-1.40851993209286
-1.94239960702111
-0.713519980604332
0.30877671687113
0.217634762510865
1.98880748450338
-0.529052674933363
0.658661752909772
-1.24841483594899
0.141524135738581
1.76751648668269
0.66662964211771
-0.375383030017597
0.76792979352241
1.02035573098748
0.409042732244302
0.306092899232856
0.992730598405303
-0.756231209439716
0.655520073119076
-0.812215925541195
-2.09587346929281
1.24473547332309
0.58595394584396
-0.0967292358730035
-0.0333654983765379
0.120117424091837
-0.140827680870722
-1.74204176966162
-0.88369498747788
-0.42893704757735
-0.127627673874064
-0.735249875932523
-0.528529820627679
1.00180763920619
-1.26545820045871
-0.769872625107843
-0.333065364692882
-0.527960652209655
-1.91610000742277
0.709237005486264
-1.18543349056665
