1.64566787558313
1.63374065693341
1.41438313849709
1.15866985757555
1.33666561690814
1.42195131532118
1.32723379793425
1.3313626305559
1.39518746251675
0.680829817559627
1.46922360507104
1.50029642058775
1.51336729580725
1.54694729468553
1.34061792601533
1.47631821201453
1.41387320968806
1.24444556391018
1.57826636042752
1.52658572168301
1.46947167256774
1.43040994597056
1.5001255333234
1.20286436574776
1.40285043443103
1.31894468131963
1.24281951091421
1.38658141949161
1.34855927480044
1.26733046240833
1.4165944646554
1.24013791611534
1.41981756363776
1.50679300001898
1.5209434160831
1.23191241163977
1.38054226122271
1.00467527110888
-0.748810884295736
-0.181699091382191
-1.06643558250965
-0.368420135237117
1.04470411900466
-0.551480553970414
-0.950704411765469
0.190660016682396
0.328751814891611
0.265985784805805
0.495349713988089
1.29269082161986
1.25012916762442
1.40438980124928
0.651820473029087
1.10303853780177
0.927049775070044
1.34685320114449
1.46850643570145
1.59462526988839
1.45343751823786
1.08510837357784
0.797099160853392
-0.0151164292291466
0.954447235916734
0.762008605292243
0.617868756708057
0.925473681526029
0.383941482246865
-0.813487884466143
-0.352265071444986
-0.797201206199443
-0.513866212414356
-1.26899993641008
-0.42493375049328
-0.0424692604137053
-0.339844075758917
-1.06812146163907
-0.434091061837184
-1.19805624497548
-0.761840977539891
-0.827306679371986
-1.16838309968672
-0.490269750214577
-0.92359197110862
-1.01660865263872
-0.485322887023425
-1.15620599561128
-0.905412628353707
0.660741933284915
-1.91432807015549
-1.7668065576674
-0.437994961301715
-1.35475209003038
-1.90825429648998
-0.967540279414552
0.397589941147301
0.231793616300022
-0.695868072589327
-1.08058346599738
-0.95004384937536
-1.86996859619806
-1.12573722579069
-1.48669006627357
-0.790800598779092
-0.668072049199931
-0.539600793795981
-2.11841711812871
-1.24130083838051
-0.637827615951452
-0.878362095576738
-0.700521083453815
-0.631509954649219
-1.97562532625677
-1.77301210959808
-1.56003123407348
-0.579370116639718
-0.421057076030847
-0.996693185269794
-2.38470344550573
-1.2852560228754
-2.44940175366627
-2.66205481464173
-1.63206598118052
-0.318810807448095
0.371939949934511
-0.0759089472258853
-0.158420156964292
-0.914642805493193
-0.524015867857278
0.44329685069242
-0.759110687259914
-0.841766228444216
0.213777739227189
0.144435434768723
-0.0331801348617317
0.217267090197948
-0.663694515640238
-0.489326375919062
-0.270588974442165
-0.45068450169405
0.433695204265302
0.0402575450326315
0.312772155309964
-0.887641733806821
-0.358194368420699
0.304535773559238
0.481820687657608
-0.898824392048805
-0.449495027874149
-0.580493707568231
-0.195647295883464
0.279764071316877
-0.275987911785714
-0.0906727474762725
-0.2334543722193
0.397806952940874
0.0793163252285365
-0.642879022611486
-0.190135489597704
0.114055367815404
0.285598079119357
0.288255902154529
0.135364190582497
0.233397053278445
-0.0959065288542799
-0.136341699579256
-0.152567707247621
0.502804486416574
0.247380339270523
-1.17565808321947
0.163373279028705
0.231910571237485
0.183253760761111
-0.0552479046397816
0.773338528908919
-0.355442836487261
0.91408079362392
0.149543644105384
-0.257143128361195
0.171905237693485
-1.59884271885967
0.327033591912696
0.504174979300761
-0.477231168755338
-0.075291951319781
0.302213313833852
0.14346727207759
0.155148874276778
0.635772237034868
0.415653365312484
-0.228181193772633
0.00433522260772528
-0.2055071859073
-0.101316298879944
-0.0111248890930366
0.348146981458429
0.191938680096229
0.573818470316606
0.234752319082548
-0.122226743769323
1.19097782941637
0.710702838162168
-1.66053311453659
-0.856482847061009
-1.49460526918205
-0.230458527241022
-0.202418027547942
-1.06083725499195
-1.09319198285274
-1.18355604572252
-1.7659989169438
-1.0824848729444
-0.595582863004192
-0.801203137095863
