1.66299127385198
1.56291013355418
1.17324088459142
1.15409301611508
1.33570585454864
1.3443426863657
1.3663129640892
1.43444158330019
1.39038872952155
-1.00573338434528
1.36120269805809
1.30106872563825
1.42450491719492
1.30004157881967
1.20000459029796
1.13441623000857
1.28589888736188
1.2426241547671
1.35039516858654
1.60805791692625
1.19448438798256
1.30911997228814
1.27190783374502
1.37986097210331
1.56704416746402
1.34034925713077
1.29901387847104
1.3330717513802
1.52832781147522
1.45457932555129
1.6461504695854
1.24843197950765
1.59807519451698
1.54594368500177
1.86166880923775
1.57150489908953
1.80201384974487
1.47906741862095
1.25733584777689
0.882462380136433
-1.26694256503232
-0.0975841875173292
0.881748039711191
0.338572563937344
-0.954167279201163
-1.71458277629984
0.904721515449544
0.356925611961471
1.18850965971429
0.60223147328348
-0.0258832107064388
0.520981037399207
0.310203072143853
0.917288058238581
0.500333948299123
1.16785707439139
1.08275526841154
0.896347046128228
0.677039332542232
1.03019383854521
0.883342478244395
0.840598849471964
0.912323698942912
0.551636279083839
0.620967940888381
0.816078303549914
0.756513116507742
0.206789219693962
-1.29925731679568
0.765028679167514
-1.95714982052739
-0.359601122241318
0.707993757084597
0.686800030546561
0.926139521960166
0.798854534545765
0.0803741334946346
-1.75575801302529
-0.692271307412342
0.306241444604573
-1.25884405975089
-1.64742691091006
0.154332823585104
0.430524906445113
-0.323993751906349
-0.41831759079027
-1.03992024698616
0.534689716037659
-1.05469660351042
-0.794697013386287
0.105936168540662
-1.37789976813327
-1.99931413917044
-2.10892151355047
-0.219289373860688
0.656432026180842
0.451104676045069
-1.36857621502174
-0.574193546230467
-1.47103081746814
-0.174134954296846
-0.192873538955731
-0.170882989478071
-1.85956604075863
-0.167820934284678
-0.618280299681468
-0.178293179018462
-0.110104135592275
-0.781737947964512
-1.09701271235219
-0.0708321918772801
-1.701995149775
-0.635182253239186
-1.12755634948571
-0.581544887973217
-2.07229909339203
-0.199356132987661
0.00388395451683417
-0.275532737136619
0.25415488008798
0.52297153547076
-1.47067137967872
0.540807046684216
-0.505042661010762
-0.232929395239838
-0.0770661143103774
-0.0633962860461853
-0.0849362456494333
-0.706861480592175
0.407337669730668
0.177333132556382
-0.162567511843541
-0.1472639975592
0.363046418119093
-1.57553304117941
-0.22666164439131
-1.08076654321441
0.105217264995298
-1.16094292489797
-0.505173318694791
-0.529583908837135
0.603314298659043
0.304587022622985
-1.33365757034089
0.372019471479501
-0.0636035845222566
0.442289837900543
0.184739918410808
0.0377488300353643
-0.610335658976264
-0.0220066921286797
-0.325783143481709
0.0207049712719428
0.213594500495387
0.244893736653412
-0.3950517223459
-0.239083229003926
-0.396084085636239
0.348694304210609
0.2580832214061
-0.284972515099782
-0.90623616940596
-0.282933308627404
-0.148050784328385
0.10359874045694
-0.616427718678085
0.200189992071814
0.0668241691836865
-2.68030143473145
-0.343634164928045
-0.305197449239669
-0.692548211305394
-0.953379859990183
0.105114899047458
-0.864492734015068
0.428918023930306
-0.428149768288107
-1.2645191288163
-0.262330273704889
-2.36101831348838
-0.0474150422831212
-0.0746282623252493
-2.13829391615338
-0.626009048457026
0.222416953797419
-0.321634447920552
0.0433843979915761
0.610463190732306
0.28946228264058
-0.598339592606862
-1.60005233699498
-0.37631020813691
-0.125249217976797
-0.207695670660611
-0.127123694264593
0.0639178780091402
0.283837018043006
-0.622137102747496
-1.39087660437184
-0.114477873446548
0.0849392917394012
-0.972895474990998
-0.902548085248424
-0.565443249157935
-0.883538695206047
-1.57739638664513
-2.13527641594686
-1.98792198806464
-1.5872316742154
-0.0235499435202523
-1.00607764733586
-1.31529106987383
-1.24228889732652
