1.72125621536437
1.81363451938609
1.64291275074798
1.93611941714886
1.83396046191468
1.19588300326745
1.26860959964515
1.38119309405016
1.65922610921277
0.71201665489719
1.82426636118469
2.11822078322216
1.46120589632876
1.48073846339335
1.54591526664719
1.7432170414986
1.81738511201604
1.71592385583685
1.83646050026356
1.36993727988855
1.43262282604487
1.35245016717293
1.33124996152277
0.871849912345096
1.27031850304161
1.34701873957536
1.2158782272676
1.13300833846038
1.15229702662897
1.17299622290221
1.60970107949942
1.75626165180166
1.15080815741966
1.62415026000834
1.32938918525643
0.913340737591209
0.91279700448104
0.947082528796394
-0.209014936684061
1.29652887315093
-0.775766549944231
0.00320137797066839
2.13846208841512
0.974785001385358
-0.349413427692108
-0.204736728047478
1.07524649181013
0.73892643488583
1.93179026373482
0.676212322426421
-0.0200476167473109
0.243551406889143
0.597368478084965
1.3914806114809
0.292072291926524
0.463663161405983
1.12325651464943
0.93461067579581
1.7354791674569
1.21061820308295
-0.121413368913936
-0.345447751281166
1.51653550744251
1.37778876336932
0.266959029080748
0.404246261835945
0.565358416994915
-0.713236612038304
0.185343459423919
-0.95809052864358
-0.524528985842583
-1.96929573345721
-0.401124363993462
0.186372302631174
-0.0497349672784249
-0.587401869582822
-0.510494191260441
-1.14832695129933
-0.643057443549812
-1.26595369094795
-0.743999621517476
-0.602397270369049
-0.790869636073514
-1.11755119600836
-0.344625947298462
-1.26851768560106
-0.819134278960176
-0.302792676404322
-1.17844817148458
-1.0649420916161
-0.887939925288632
-1.04435488391485
-0.362227883236707
-1.26451169013538
-0.572836864283283
-0.244023059316498
-0.156734349601354
-0.676367776505638
-0.0736846142090373
-1.47837554165808
-0.179614156103699
-0.829706196293985
-0.611745692401104
-0.0205139378218318
-1.35096201247162
-1.3766442556093
-0.704186713455138
-0.640957459094372
-1.76198507531908
-1.49022464471451
-0.820731634659872
-0.358893921458266
-0.955465519042093
0.309309767558423
-1.10426290639959
-0.68665470658535
-1.02151743099794
-0.63220422443921
-0.0891574257925096
-1.07093978958026
-1.10405477961314
-1.12962555615023
-0.952190975315316
-0.877309726271296
-1.67818572967878
-1.05779859185385
-1.36340532325875
-0.505318512752732
-0.28038772324521
-1.95707183558055
-1.55696570145408
-0.0671042692777378
-0.247240177849405
-1.95484167364393
-1.56023581625049
-1.57727260538451
-0.623452255267891
-0.976677947819143
-0.0337338516104205
0.182568541104183
-0.853645723947781
-1.26922962096683
-0.348128881241866
0.0747815794958074
-0.239141770641821
-0.0177668784436831
-1.28147420008884
-0.762370134770639
-1.12625921486487
-0.148981955949767
0.135857158265919
-0.17860487520536
0.520375363891059
-0.380015754224385
-0.364651948906477
-0.691747828413362
0.295027008161706
-0.289056375985813
-0.609817620734946
0.451580160262886
-0.108956195815782
-0.154937668782814
0.137161438666884
-0.799932009406787
-0.806328538971596
-0.66150170555961
0.0242898367553284
-0.342333199307278
-1.05162455905836
-0.738231094893636
-0.796193608555707
-0.0639413857351387
-1.037812938408
0.307519650736266
-0.346272267477319
1.17902767855228
0.393629105956484
-0.161602338940242
-0.0320337185509888
-0.108000075851901
0.246121402479332
0.321534944316717
-0.619818682314523
-0.15509616499983
-0.493924019203953
-0.0739197548132433
0.471986761850732
0.451770004949366
0.267130690195994
-0.289715608419958
0.552900344714566
0.159302675333934
-1.15595891305887
0.550278041597364
-0.830614669165498
-0.115131252469084
0.429194948106231
0.412207831006478
-1.62176752240561
1.55282666082557
1.11802456450133
-0.93595834198593
-1.42641240863396
-0.389272913953842
-0.76279455170061
0.625688827619194
-0.786025524320888
-0.794575828715017
-1.08398305357581
-0.24218591402733
0.0406185842227562
0.869235326617454
0.537301929864468
