1.4753317383876
1.9081247730213
1.41476818324295
0.0708617601261988
0.206227909744738
-0.124414220228412
-1.37148603999624
-1.47880631051051
2.78822017966245
1.48258691920759
0.861772863142016
1.26023609441754
1.02923230136261
1.12574762581683
1.70594011031961
1.67099518464371
1.44926228661338
-0.522374591491376
1.96039908217774
-0.0498582414872167
-0.140238754354219
0.0514175863472988
0.162733165847288
0.633458460430495
0.206004227758494
0.681317451302888
1.06079721004632
-0.393219758722945
0.291261780414788
0.119608517687264
1.57800897746769
0.177736988684525
0.864526885088602
-0.227875216005583
1.14046052675437
0.126179766580334
0.908807158026506
0.18624733534258
2.14314389752098
0.972325091879974
-0.68119868457593
1.25628532344321
0.369782033977887
1.3819701385739
-0.78116511211699
1.16789934463285
-0.0968360875168989
-0.223768458212175
0.9359963461939
-0.144124756115656
0.49151685984956
0.181596899997587
0.650042260941156
2.45571571298933
2.31267281937697
1.31338932267755
-0.283955073217005
0.536499517619434
-0.557127264917703
1.11922902927118
1.55269184413566
0.741511242632558
-0.945773767836991
0.037198808768744
0.620865367789516
1.10851685495346
0.895276476601244
-0.616626380804451
-0.763226288218475
-0.113058566547555
-1.12139129829198
-1.51444708344598
-0.20527053305781
1.40193688242181
-0.347503365381819
-1.22523909660105
-0.840852913485813
-0.947856745416842
0.678369586158575
-1.25283512398093
-1.55408713152129
-0.980873442458037
-1.03404849867796
-0.702235414865039
-0.43220204977326
-1.38794106226448
1.23656146900151
-0.401836724992348
0.344534344765897
-0.326496492076319
-0.488566692634459
0.678253504680776
0.856523457273255
0.303481365857454
-0.00168922370899397
-0.571225993569115
-1.57864706064086
1.35983609705489
0.17846902978208
1.35820576686879
-0.654345382788732
-1.35639662694317
-0.801014031603547
1.70619764169216
0.329283190029702
-0.56514723761837
-1.62498586367731
-1.1461031027597
1.32676682496803
1.39249336881322
0.0304401782308158
0.530087306134927
-1.09855735194249
0.363955140813406
-0.955286731571846
-0.234601728116826
-1.07715741869552
-0.265589675883706
-0.202258235080762
-1.58983743639279
-1.44464356554734
-0.182888089801223
-1.29392553141573
-0.0936701016623912
-1.05386692524574
-1.13869572101046
-1.06274842141948
0.284808360067374
2.04019716541396
-0.868520612346605
-0.837586727563179
0.843301676394343
0.279454890095687
-0.909366738464422
-0.392265049042363
-1.3252264025508
-0.712014349272335
-1.36755765070314
-1.68938138421354
2.01368622084443
-0.919809390059619
-1.11254502178691
-0.120623506177628
-1.56977929329409
-0.993511259631692
-1.14810813319757
-0.954746292852835
0.313555172606797
-0.861722873999926
0.885876338731767
0.258747669329187
-0.726434844426166
-0.00566698249503451
0.655930164367126
-0.506931571871641
-1.36196902016023
-0.731387386755663
-1.50027357291525
-0.415880772990964
-0.296597591399611
-1.34207206913705
-1.32838924367483
-0.25280758372361
-1.3254403175635
-1.42490670545471
-1.07263531444154
-0.656659603144932
-0.713774912484284
-0.021830039094991
-0.36557692241466
-0.413971154356009
-1.35195554087976
0.374346087021809
-0.930771401198237
0.266972073510791
-0.587700867356322
1.46493763695548
0.287816308575433
-1.00467651969225
-0.343985078871609
0.320260967560232
-0.449259501120123
0.22710037387888
-0.511468438869029
0.911731728056324
-0.205325228491254
-0.72102387504952
-0.31647982669706
-0.0732350730235906
-1.51650147476031
-0.359637975377686
-0.900586896773845
-1.41698834059165
-0.327954385790701
0.0896240071676877
-0.538950426004392
-1.11413336520702
-0.338490717635703
0.322887755657651
-0.283138693068731
-1.06116297783051
1.43985574604755
0.960984900067837
1.2315612006386
1.24229724545435
0.60353987202953
0.86803119955288
1.30924216871243
1.15323568340721
1.5439816523233
0.58801494466962
0.74436198375422
0.427361005916341
