1.6939902548737
1.26120598620983
1.50618079403648
1.14820320864877
1.6991379891979
1.82720240031869
1.90655316039784
2.10635010422645
1.31810208057095
0.172775368332152
1.9808455559784
1.77321920039635
1.35901100973038
1.29940902968436
1.49545578576685
1.27027785288131
1.23937979004686
1.66273213747284
1.45862031699345
0.920441079862456
-0.406638710516674
0.211677804356246
0.462686094391304
1.25638190564931
1.07251198765877
1.83944599316654
2.06916764889116
0.536592944959309
1.65690043380703
1.87251152819663
1.7843713263632
1.94458362155851
0.503576330183665
0.213040367300059
1.34422625388454
-0.24831486518983
0.46603989351303
0.115827837966573
2.07168623500756
1.20312811569542
-1.52489408052775
0.480253203657883
0.67854853362484
0.649240572914373
0.0966010405615257
0.116300520987948
0.395229260863367
1.00641929682011
1.02674048960967
0.355447955236204
-0.287520604358091
-0.150686748752414
-0.733976202411067
0.658819735991641
-0.183623111921279
-0.240632919653542
1.5427268642398
-0.0707514128845362
0.431648317627079
0.947332908298089
1.09168177646309
0.34432409396835
1.37067742256218
1.42360315397532
0.862144156768249
0.46598261642606
1.58338987712831
-0.16728896442719
1.05090578020818
-0.946460346669289
0.63691236202197
-0.510074548363409
-0.730074571620639
-0.00321926179439215
0.163375250795896
-0.919488221681945
-0.476044403352677
0.6294826443217
-0.113819457822403
-0.998322414641912
-1.58175552966744
-1.92976644322324
-0.354784634052082
-0.266537236357667
0.26527650917276
-0.438343450428326
0.816355826646089
0.933605271723232
-0.032941970300273
-0.57505938628731
0.203129888083929
-1.62337179903537
0.0739027773720577
-0.916206062669762
-1.20508800955325
-0.635118744979644
-0.433932384538598
-0.0156713853805619
-0.753095255527962
-0.491646533073547
-0.360250955712094
-0.645029430314649
-0.0964597202038091
0.73386770677841
-0.969576253614058
-1.54322396785535
-1.40583964753611
-0.330196110605964
-0.0542625065630232
0.455971908780041
-0.0302292153676285
-0.618474409790701
-0.839927855908653
-0.992846889350466
-1.19166994973207
-1.15046308160483
-0.963750998625661
-0.602139703606882
-0.79863396364215
-1.59788889947772
-1.75077444944408
-1.68473282012814
-0.343547968287573
-0.46741816247257
-1.32120299833715
-0.799837663426622
-1.02891584894654
-0.732768025700283
0.687831444208185
0.159110807511033
-0.524282846046625
-0.612160355849498
-0.280066105819287
0.274762865587545
0.439816525664264
0.46827635610435
0.0233363642961994
0.3814236225674
-1.59565850907504
-0.0778355876916665
-0.939129157629954
-1.10906858414678
-0.74941812908561
-0.083745744655312
-0.537213449292192
-0.632001228353803
-0.41504965511058
0.031451085607723
0.2387244322526
-0.464242202256253
-0.609015401840781
-1.31804902211838
-1.16091999641462
-0.461491051690168
-0.394708317117224
-1.67336806230014
-1.18818922322213
-1.56104446577458
-0.481728073926595
0.594393976113844
-1.30165826389283
-1.25760074977438
-0.839206142853027
-1.033821501167
-1.04294067709053
-0.74295504253537
0.317902032911109
-0.0326283340718214
-0.824192831198015
-1.14272068720517
-1.15337514417345
-0.914292772845088
-1.356620376648
-0.895394270352689
-0.88952594214887
-1.00687025772693
0.443395767217023
0.390818434444874
0.237153481002594
3.07054088125265
-0.0831616359687543
0.297519287141504
0.239690485942295
2.5054856870833
-0.479775962383708
-0.191660307892577
0.920301458226094
0.191171029733908
0.0714048157902459
-0.94545108715798
0.969938491718572
-0.243447424873239
-0.551900137796087
0.315647239741726
-0.925090662163413
-0.304543065590864
0.524252353723473
1.02570566357339
-0.344358824524972
0.632739274362785
0.0857333241834556
-1.2735366897411
-1.11741994303446
-0.651338549200744
-0.228049322808787
-0.148591258003672
-1.26030598317886
-1.63442222948231
-1.53360989751771
-0.539487744509202
-0.0906526753537265
-0.364659513565408
-0.253012093998571
