1.01793327394458
0.356388301228175
0.907026182540944
0.264005007624237
0.900138545939707
-0.0505277085992471
0.27623691341448
0.38819105319626
0.419066660443229
0.177147500454484
1.04610483689319
0.797691998604907
1.02827186587195
0.820754050580397
-0.290835588759738
0.722380111716948
0.562533037419596
-2.1323480700347
0.689592241238486
0.62945130243405
0.329847352695166
0.845445239029431
1.4180561488509
1.20325982483617
1.02223412825821
1.17353372955066
1.0636153974854
0.923138497154823
0.557230553574147
0.522485006428221
0.443286198650575
0.485086776564925
0.562308621839289
0.0525640949216084
-0.0141176846543646
0.485912086618133
1.3116194433401
-0.128241546174902
0.422241852109572
0.806933005013923
1.11185619377916
0.833725834220496
0.412790200744072
-0.386356639211152
0.273432646314898
1.46448672293402
1.01153932651018
-0.0521880919093202
-0.275676557873306
1.02619236063107
1.12310927119943
1.23488592394644
0.997540512219104
-0.887685180140231
0.321266364178863
-0.0544797051503019
-0.891806459842719
-0.637013436901261
0.562162545668591
-0.350021549139749
1.82931365552542
0.809024759817457
-0.418076878105813
0.03673290968117
0.411672643166621
0.219881835886521
-0.163036925496582
-1.64986358786969
-0.809533834551837
0.287419229704104
-0.599524441095845
-2.37942161480221
0.589019514421187
-1.27810235709589
-0.610889483135912
-2.90550146983003
-1.07714197383011
0.0578421479379001
-2.20886468120213
-2.07836678438809
-0.555589912883961
-1.85618829817477
-0.820828869455377
-2.17748599420749
-1.13996810717643
-1.42787483060042
-2.38911758805211
-1.96562079061139
-1.74077264004812
-1.39021947208753
-1.04510332340121
0.782627817007999
-0.327992840367296
-0.109831574723762
0.63218307026944
1.41358419313886
1.22289843759157
1.85278848411997
0.677888605826622
0.849346894872368
-0.165100814079074
-0.735291427726758
0.208636596443345
1.05363488037137
1.38723262220286
1.01507275335361
0.121804005120901
1.05572770683154
-1.95908801472803
-0.416134562957461
-1.14658687097049
-0.920646415273131
-0.454627147125217
0.0678221668808364
0.0407414828450737
0.659736160221397
0.767461121586697
0.912592231850854
-0.0888251806346864
-0.211230904950696
0.52170143703142
1.17834862282157
-2.07983926457529
-2.70015644955619
-1.30461918493106
-0.957194713155272
-1.28110865628299
-1.8325460288455
-0.962500027286047
-1.50147162647091
-1.26880079272862
0.185815009714465
-0.681795289613583
-2.0596550412271
-1.51465464616252
-2.28145188222748
-0.3271773608656
-2.76220221468453
-1.27021751891085
0.100103692493431
-1.85450651779536
-1.91937763702643
0.235687893926313
-0.146405750066182
0.433915290960157
-0.320654484755339
0.867496973122944
0.391252157090636
0.520717674041468
-0.839026030949106
1.59497194024982
0.268290416249687
0.667707966366588
0.681399237815955
0.39668913244618
-0.466096401925968
0.535009955341033
-0.450151511198581
0.16472078953804
0.528829192874534
-0.361517913893338
-0.0987167067745036
0.498971583492262
-0.986998923896154
-0.486984388911193
-0.502314928219221
0.193158229174881
0.0684215070731824
-1.01597283171264
0.508798775569156
-0.542801993903386
-0.430753070556824
-0.885421958366445
0.370229687211632
-1.35845896566099
0.90093416758423
0.817958149663146
0.191480899125487
1.46762096088215
-1.34450534866842
0.760159116553062
1.28833789895494
-0.672678545664807
0.126221581860939
0.642862192501709
0.318960724312379
0.786234489613107
1.02536814152106
1.01363559276781
1.18460864016713
0.644244630593962
0.678496539103065
0.267118569223538
1.25132621584243
0.379396885952859
0.244010855097174
-0.304909000666044
0.565459922143739
0.432994230204678
-0.0447564601082185
0.376269243718672
0.380155364387754
0.244937454806689
0.370307875976081
0.392458611467419
0.617634834865498
0.435155100936102
0.654763162924195
0.321220670684844
0.113289372975472
0.728408098123893
0.0580620268082877
0.632433842835527
