0.243862541918567
-0.336176734059544
0.123062323635296
-0.0908148793129545
-0.18778381514158
0.42777771485677
0.254320949664902
-0.0051048986806446
1.3220737541341
1.17642821629496
-0.0674683884685542
-0.927079208690241
0.618617861994371
0.790340519625411
-0.600250599376873
0.284229087834378
-0.35465307146186
0.82744679235834
0.128658892415561
0.29976908906934
1.18258978764637
0.962674456767649
0.618206839141754
-0.0185303485548865
-0.0198647235394385
0.905174634047489
-0.923826445694911
0.819768919052825
-0.269817542342023
-0.10753985585079
0.744179909605337
-0.107691558579776
1.30502215694875
1.54868305178778
1.40052902255497
1.11648872694104
1.00237564249771
0.825339280064352
0.784175410286694
-0.111747086388827
-0.0759039021097376
-0.296640293279489
-0.915381696193216
0.287218990942077
0.787089197511331
-0.373807726793074
-0.0011834175043443
1.18156513077526
0.321979696046008
0.209853287795463
-0.675141494781659
1.37625376840766
0.723911144338096
1.54940975187033
1.26927347507928
1.59305664788836
0.486840194163876
0.964662066749855
0.330588087132826
0.890764351738293
-0.407306455514735
-0.834123452478071
-0.49991601076002
-0.642023699912891
-0.407820593030856
-0.0809903652964173
0.28857817720082
-0.328030132987334
-1.20820123096775
-0.312769579421111
-0.999072182951479
-1.05058542798467
-0.87090512471221
-1.11833211346661
-1.39125644226678
-1.75899024608067
-0.28610612454414
-0.14947494510297
-1.01430040246075
-1.70192070385655
-0.792957368124882
-0.286928169589687
-0.441693992382425
-2.49068741094057
-0.455077774143306
-1.13838357231109
-1.58809178789951
1.20890448498791
-0.548241093809891
-0.73583044128937
0.350079626584893
-1.02695381625065
-0.400343685830883
-2.23727050782641
-0.451440510682961
0.688004453630297
-0.567065595630624
-0.577996060833634
-0.471939558047125
-0.68299726288151
0.519117893409436
-0.621583395944856
0.422414958907083
1.51061297297257
-2.52930020401056
-1.47912342750501
-0.444552935873621
0.240021271415031
-1.48652152958953
-0.00876105335589055
-0.877685416242149
-1.26556763389168
-0.758186419232878
-0.517986594192523
-4.16457160365584
-2.64868733343989
-0.874117195614227
-0.0196239218404453
0.116644237554047
-1.29124262039385
-0.96693298136186
-1.39114953303533
-0.577687404050245
-0.672090460393161
-0.463027532460768
-0.885289817142063
-0.977848148939964
-1.30060335272436
-1.43483745525142
-0.19658678439679
-0.976901989828176
-1.79236402876193
-2.26863979932662
-1.16075553025829
-1.77485197274001
-0.469827248962444
0.0751331768771313
-0.298966497559777
-1.81478460645004
-1.92483967934163
-0.409151410406293
-0.176051818848561
-1.0067921807581
0.213471191342979
0.152789169476529
0.550982757272975
0.71859451494723
1.47131390302397
0.693639912030663
-0.143869498576241
-0.393757593923975
-0.424031374074314
-0.155917632294604
-1.66498218078622
0.0854074869276414
-0.193304123003165
0.258995563910078
0.318747404277562
-0.255356409348638
0.934061071714372
0.138858014745774
0.0600093867965827
-0.218879756224436
-0.0537491639692019
-0.942468880221168
1.11008814947096
0.662139808451515
0.217801589950189
1.00084314159503
0.298077407648163
0.234488361499587
0.385838376611486
0.50401193602373
0.459466401386469
1.1804164387709
0.546997455090659
1.14511930602931
1.24863809118549
0.453698107886076
1.1129194900455
0.433435070352007
0.92049564404813
0.858301091336878
1.04518295735202
-1.47975454007496
-0.0206529764840422
1.33624380561007
0.687460330929226
0.714215177511738
0.0986098991667777
1.15148417273512
1.4532040352714
-0.0293534936525417
1.40797330866085
-0.3235675276263
0.978944759059736
0.739396068006827
0.947954561790103
0.98884864166454
0.638985377303534
0.923231707332528
1.87903216054072
0.755673983463325
1.13094238089109
1.86661713915791
2.00771295676578
1.76932855206396
0.91144642279956
0.431205991091419
1.78511647987464
1.26764396303336
1.19120877673902
1.06848571932925
