1.29798854539562
1.27597096408997
1.5355673350942
1.24641733997286
1.60234986624308
1.3717458247169
1.40707451883532
1.48159069293305
1.26231940397456
0.252943522040203
1.48162703223236
1.78930022590718
1.24052119767593
1.14843750585883
1.63098457679206
1.4865706028735
1.55649588239894
1.45616395302665
1.53075910671055
1.17377142368893
0.867031594174546
0.92291156480609
1.15277284557154
1.16557930886423
1.20714403121592
1.15553078458212
1.12810895734052
1.17243843603065
1.17014969842953
1.23941361570446
1.41030014302055
1.28448142155593
1.30084692566711
1.24587270856584
1.31608492085771
0.936122120121446
0.585245927602897
0.724102117163359
0.852001612005644
1.23462537964579
-0.633290333468275
-0.152771297409643
1.44364440062144
0.793473566812234
-0.220300379951037
0.331600318555727
1.15547723791358
0.703564167926758
1.54699611286487
1.2642296095514
0.887502854259093
1.50098968885944
1.57029915885593
1.19074618715774
1.39191393942381
1.12005990748332
1.41319942585672
1.14813498258476
1.40890504982448
1.74177637928237
0.78447607991929
0.0865535187847284
0.94087056459723
1.31949682626149
0.581210977436532
0.810234577484366
1.2257167119393
-0.804360277327457
-0.19098322954866
-0.631422522794033
-0.554668369454095
-1.24401467983363
-0.186157046075481
-0.538106781601053
-0.34315332376269
-1.25267255218302
-0.838274106810541
-0.206624690558151
-0.993144436347071
-1.3204698247364
-0.755211905296263
-0.231439602620612
-0.598151653140037
-0.582110429444735
-0.711953523416112
-0.875115621320418
-0.712366005183262
-0.662138911872523
0.270430161354098
0.170298109803878
0.0232432298796449
0.0414669452498027
0.136932400546569
-0.207591682903192
0.939487533657398
1.52999045964242
0.849369786402085
0.112561611372448
1.26497117657721
-0.228638724885439
1.01706156431081
0.400572931143571
0.837118796012716
0.241064437012086
-0.881690369264378
0.179624199622751
0.233332100329099
0.384273527663754
-0.652665865192703
-0.0118295837738766
-0.984743926735985
-0.440402212809592
0.672893189733684
0.668446469204498
-1.07998146663401
-1.46226779098492
-0.0853861560333063
1.43849690976163
0.929078528398644
1.28444834287363
1.22243583779824
-0.30127531986561
-1.60366974417513
-1.26945520390546
-1.52605309598562
-0.906370795583636
-0.573201962603926
-0.75277063556584
-0.829578564132657
-2.3692295911261
-1.32994244959914
-1.14839311522255
-1.22330624833714
-1.36734847022896
-1.050672825259
-2.52507593773442
-1.66401337919598
-1.86119527155919
0.28533800790681
-0.898702404183273
-1.33308279314026
-1.55401268711571
0.457453247271365
-0.831531005731223
-0.841724266198047
-0.873101886361755
-1.0130624307581
-0.644554027173113
-0.257284817296024
-0.558418983805633
0.137166170300058
-0.736345050733467
0.456663286907663
-0.285373066877437
-0.962755176005511
-1.09825620247465
-0.783792622926139
-0.732189126896779
-0.0454320401089643
0.551920773292089
-1.05471455073255
-0.803512273838886
-0.816292109715227
-1.03470174073863
-1.01663336098579
-0.349955775043581
-0.43681751906954
-0.418085459875467
-0.144919260129779
-0.965613661932112
-1.13717460214783
-0.746108020704956
-0.660848390439974
-1.17643329701544
0.17251907452313
-1.20527912393983
-0.824422831624615
-0.177097642785612
-1.36248592905347
-0.72692780457586
-1.01036248849396
-1.01380629715591
-0.604035895323433
-0.677538440760236
-1.36039852856444
-0.6459730656322
-0.376369437274646
-0.577857291616588
-1.03276006008986
-1.57906869746509
-0.698595680757904
-0.533659125028359
-1.45005985409121
-0.0362074988897891
-1.29154454798136
-0.540908068769118
-0.694565734647123
-0.563972922694138
-0.693973127225645
-0.616245717903507
-0.581691519650624
-0.250334256823056
-0.202426280350403
-0.207862027885093
-0.0674964747896958
0.385206854076887
-0.52286568202246
-0.483840364779134
0.15619635606473
-0.0636015533156168
-0.846472510094653
-0.739753136321626
-1.06295777435149
