0.488571846988001
0.354224119562511
0.891745991418655
2.00419392499053
1.274808727093
0.50165381545746
0.679321025691194
0.914630092494251
0.557547244453499
1.80691271982142
0.740526582262825
-0.577091691076498
0.526707989181429
0.864959905297106
-0.124136271633503
0.510914403727165
0.106438466654354
1.26995858045856
0.208093172062001
0.142403934650832
0.0304285870146576
-0.102895298769239
-0.256495397681207
0.611388316909274
0.99041403112175
-0.0413437670505476
0.267542303694516
0.686855790188229
0.507896750961526
0.776983308057003
0.889246345185051
1.02999302801755
0.238974964870825
0.0559107908336134
0.673926789189954
-0.514679266000469
-1.80592694276592
-0.411140689883928
2.34575939706016
0.96673423266608
0.222073036719367
0.785847950764987
-0.805487009613134
2.0914295589981
0.31110272293954
2.46858003969481
1.87362746338422
0.662551159387419
0.332651909966962
-0.592465348095236
-0.111074060477179
0.829397505902955
1.61459330874351
0.457417898749772
-1.48027406177211
-1.08945006017023
-0.0316194081367217
-0.346789341288728
-0.227154274317147
-0.170561624874988
1.18216037404413
1.69317248675283
-0.526144693026513
0.182995007318715
0.673187232116907
2.4700447814777
-0.977078813243764
0.510042098022978
0.525757497449881
0.964038023994984
1.23453839681003
0.442528602686181
1.52223195572014
1.56569820585764
0.264597051677459
-0.786899814949933
1.10587884819951
2.6547154894501
2.08036216952865
-0.610955692814796
0.232309791152428
-0.258462703221543
0.921438306689644
-0.832666237929592
0.24246965774975
0.849829554518134
1.3202183437298
-0.25693488200027
-1.28319407988437
-0.620134451634863
-0.876619406902483
-1.33976367252851
-0.694306658821862
-0.887151611314453
-0.532166983195163
0.0411254151541569
-0.835688678233656
-0.456605988680796
0.0488240805947429
-1.35061058557499
0.688441086677748
-0.756095663996721
0.287853326470364
1.53232220408492
-0.856394465111804
-1.18989661257303
-0.70419356148741
-0.665002496471018
-0.522128410622622
-0.212921967927128
-0.685807871714802
-0.693964706065967
-0.252555925140583
-1.22399866967178
-0.532887263518145
-0.615242139882549
-1.05121199645998
-1.11161923760661
-0.962857401895447
-0.86877358660457
-0.863770288317663
-1.10946492756232
-0.236698237350284
0.78581969785987
-1.54314154013099
-0.669285847610985
-0.548831090049697
0.763971922434852
-1.07067139252897
0.0513515805523141
0.0147038286918892
-0.764894356334388
-1.0001802842932
0.737323564718657
-0.225521635486186
1.0129839270509
-0.288675640164944
0.799242059560709
-0.337763992169158
-1.13127576124337
-0.400515002248752
-1.17486965916919
-0.489713143186287
-0.889454332320523
-1.19375681605524
-1.30192126020713
-1.00446091602922
-0.452963438737785
-0.51982006363843
-1.12704209056947
-0.671269441110752
-0.8478029665914
-0.167884976661707
-0.5668150649098
-0.811914963764346
-0.921951924293679
-0.781974880996387
-1.24852304757741
-0.326855929805058
0.718179478838643
-1.26121476277723
-1.03811540500216
-1.16018643504929
-1.00362701574905
-1.16672009522805
-0.934126481332653
-0.923264616973966
-0.401812216423019
-0.530226659448401
-1.38653873866589
-1.04957745079923
-1.38193715111312
-1.30899070211053
-1.14703938701453
-1.37278159349677
-1.06714492636536
-1.32455798763573
1.90289111946383
-0.908682073502496
-0.18916660175888
-0.893166011559993
-0.045848892289161
-0.493453314999262
-0.282235152025817
-0.963273894050674
-0.709168351918875
1.50212152067547
0.0670028159879802
-0.761850879023087
-0.241809813831772
-0.505736688942603
1.93498228595085
-0.588209873207457
1.04278501801521
-0.980690716804761
-0.927366161645698
-0.804526124829361
-0.927820414118036
0.167082320401691
-1.13798293137203
0.438642864081203
1.17530051827964
0.874026475069592
1.14701087399764
1.48754060222362
3.12887558018737
1.28677852583269
1.22889235590451
1.09295945399626
1.26177828789506
0.200610221505596
1.7570108239853
1.8464684321167
