1.37723792133705
1.13184633160723
1.40292190731663
1.34139900101323
1.06177892211443
1.41480010284891
1.34540392392158
1.22194522638246
0.29537109974549
1.29150868226544
1.19009302519994
1.1499932524914
1.38970892851334
1.43110708553972
1.09656683173872
1.02815969978045
1.09956283745277
0.887524392560882
1.26465105782278
1.12034623908082
0.364048769861999
0.568975688142075
0.570760271948026
1.38424658345651
1.3464794495766
1.4136405778299
1.27476442831752
1.2383641166208
1.38988576970276
1.32354200293333
0.773994825112648
1.32340652124532
1.02432927794374
0.911494018574609
0.921524692461753
0.331330184226295
-1.12327639521446
0.0422288888503709
2.22012432994639
1.25417261797291
1.27755622064419
1.22568792929969
0.967040286991416
1.49518318926043
0.967062847669947
1.20351532192165
1.23482922498198
1.20449756796366
1.02809407528817
0.933042621370579
1.02805732336421
0.934312505532928
0.715720544307004
0.676066020292829
-0.250777505315304
0.105438360985112
0.871311989423618
0.732125758296715
1.01558872949104
0.818399906601024
0.977475428012536
1.29682756323169
0.503331891012874
0.71314091608356
1.04664421170742
0.766465930223279
0.897377581914171
0.649148735545938
0.734689367722435
0.53672983885273
0.459654513348612
0.413470338675855
1.04887335123587
-0.669613759638532
-0.592690818923628
-1.01956096277733
0.995014039670957
0.963689039022562
-0.763115435054022
0.821620582503837
1.13408147894897
0.618525985415576
0.189666334925266
-1.34382034180717
-0.267453963754674
0.622984928612714
-1.29862673829342
-0.231464809317611
-1.46719569822927
-1.88850361712853
-0.381634715944335
-1.16106454548314
-1.50844555781459
-1.83920871029741
0.912288322801174
0.316426342556804
0.0192376613047496
-0.513262042378989
0.139679391884958
-1.78998740228919
-0.642205088452184
-0.593460121122665
-0.281758302233959
-1.19416941147645
-0.192792570296975
0.183858956293121
-0.964741458049089
-0.239137196589362
-1.77857751297619
-1.62593834974582
-1.05333632087904
-1.71548300158969
0.0662144211306355
-0.664360713630558
-1.12704392592646
0.338844647376221
0.137509176225459
-0.766265714492861
-0.774699169340011
-0.0676851560580447
-0.44140529793519
0.865349336094544
-0.66344819329034
2.0681604034009
-0.245049783507538
-0.143566902657778
-0.20404443040147
-0.132872154832437
1.11058997994229
-0.693069625288431
-0.353716949543632
-0.178963342066617
0.677529073422995
-0.959331193385254
0.563957062294203
0.124628277172985
0.733647788511255
-0.818675319856693
-1.77622339083693
-0.714193095519386
1.15412162026345
-0.104585443084946
0.24278894470824
-1.61494893553812
0.806817972301616
-0.417622314880366
1.35985198035058
0.943041764207914
0.978914464357431
-1.38489378203722
0.07232241225535
-0.335373519125287
-0.669453924540503
0.44991956619492
0.0402557757013033
-1.306660031421
-0.706160280225783
-1.14683341171756
-0.624408783516684
0.106716773342393
-1.27364389531177
-1.1674700704285
-1.08421542432442
-0.814138076211996
-0.329843233056422
-0.613765699263579
-0.532385377569259
-0.549276537876175
-1.0389600157188
-1.05752263114828
-1.47539850780179
-1.54815190480865
-1.17527242634395
-1.20386759670429
-1.13497514225584
-1.51700531974321
0.58758936502175
-1.22394856417885
-1.00539900335064
-0.601436894408986
-0.227291625526543
-1.01874525161915
0.435852715884266
-0.670131985606258
0.0630420623738734
-0.317936608113441
-0.761826815453953
0.0512666377852531
-0.730907547164199
-0.859513779278613
0.0864803548967743
-1.00114220244361
-0.866811173351463
-1.39707910299212
0.731441815800396
0.0432387579112279
-0.814738450563932
-1.44919386980967
-0.786891132733677
-1.83130956286872
-0.741792421180779
-1.1154236038659
-0.828240466190739
-0.681574386713656
-0.865692812527477
-0.886111033781173
-0.600189805550451
-0.933308335202101
-1.28823651983871
-0.635088496462831
-1.20954028401058
-2.20376457081691
-1.95775048567676
