-1.24863871584828
-0.514239086388828
-1.84018110195798
-0.222203683309339
-1.16004939400495
-0.544469436458184
-0.506313490701455
-0.513085659795809
0.185008183738156
-3.01848700753656
-1.07183990097613
0.707840454466596
-1.83901705985099
-2.16965356098988
-1.9005360457819
-1.02274439759187
-1.59463436659757
0.501382928503722
-0.497661848704496
-0.735813594737496
-1.73169869571636
-1.51403110831631
-0.637622938750825
-1.30718218226663
-1.67605197996488
-1.48990909827147
-1.55944338688136
-1.57393276016991
-1.53575377573441
-1.23845059235406
-0.000879272697632388
-0.796975224521206
-0.792053092727838
-0.903916159664943
-0.764347937456877
-1.88208429641623
-1.02347696513835
-1.87936462602377
1.67622684195583
0.0265207418403436
-1.41025870600776
1.02347585093772
0.437947531254298
-0.0594198343379639
-0.981043717614407
-0.39475613444408
-0.521592440564981
1.53581329209429
-0.182142030769393
0.521472837836163
-0.38739721177932
0.832751728274472
2.04126238228978
0.551916446919296
-1.07810797817865
-0.994352011448542
-0.370387008803693
-0.717998585737209
1.03524106244737
0.785290095606907
1.56588419069144
1.73141350698847
-0.00605900972090543
0.0812550842088202
1.30072665877833
1.03711503921851
3.28206325334528
0.407760589571154
0.657079555591989
0.595187529087454
0.570486078762333
0.464075403571111
1.25535644675228
1.32566674013162
1.0864829501328
2.36668365175888
0.610752342950165
-0.573141503727085
1.01120158021033
1.30870943444051
0.397684194627224
0.346877125647963
0.6297769659395
0.902413605363752
0.395852011687266
0.363079372407156
0.452893198978508
-0.0687258608555202
-0.562596279202772
0.00700604588895292
-0.265408850188235
-0.608298794364141
-0.466636026371109
-1.03929422730436
-0.529213761295956
0.195772687707025
0.596186041376809
0.216829467978122
0.42928664404675
-0.681036871814433
0.395495448980466
0.120413474765251
0.0587179707645034
0.701269306178464
0.0649357136297516
-0.11152335060319
0.2023545954618
0.661541456695559
0.617327489021477
0.515784048843449
-0.623685916076467
-1.05420048375163
0.301540359950931
-0.554079085184572
-0.616953929979824
-0.471497101530709
0.702528967679373
-0.511379425493127
-0.260585652095526
-0.0408683614759884
-0.0807989026221378
-0.468397808827562
0.750337119955802
1.85289746997556
0.616313353190179
0.506736402295689
0.603625607916225
0.359158072171162
0.473554510012302
1.30631914003987
0.771971498707544
0.440163778541983
0.621789557063916
0.722897210607015
2.10241962866691
1.42271704103032
-0.116323367658525
1.1030124407046
0.424639371600427
0.650776428799964
0.625473716571887
1.4611780135804
0.295938988719173
0.526364639091412
0.646676701938345
0.235961410335473
0.247067323497915
0.268295950561603
0.304151263630012
0.350156237180539
0.105534856319366
0.458749390806468
0.24777135338452
0.294676305346661
0.139725257348334
0.66208677361273
0.224451374395393
0.314545480208369
0.193371254468834
-0.56386665521347
0.482224753898114
0.0449018829432905
0.519461652492002
0.789391011004322
0.666066304144904
0.625353406177549
0.763317761751542
-0.0171100230980328
-0.068856598959333
0.797572434626391
0.455289423484268
0.571494643372983
0.111985481462346
0.579817979809271
0.40680107758664
0.438536821852987
0.50754675102936
0.540949704486114
0.541460116022828
-1.35527855305731
0.497766932252596
0.480308889668499
-1.37836760912714
0.582561708837333
0.541895749599983
0.558776255106875
-0.244750782748101
0.375059024866177
0.499096959198066
0.558133417361673
-0.0239705161958221
-0.0565212696333408
0.683754134734496
0.339814123877185
0.363673451601139
0.474007425021125
0.540598579597423
0.558101271074183
0.555983638705316
0.211942809056526
0.499806013632931
-2.01969034842086
-2.16094408945947
-2.00745851259132
-0.549350952137825
-2.32806458955639
-2.89122170001823
-2.90529742634794
-2.20634997276565
-2.15200545795157
0.511370223415367
0.208149616515751
0.433914770895569
