-1.41667736412224
-0.659736668273662
-0.973369090555299
-0.105750810657998
-0.531077745984989
-1.51628919202391
-0.862731100555667
-0.0297553442062721
0.145411142816275
-1.40940256029583
-0.516430538518434
-0.952434822195745
-1.0118168320776
-0.621068613510343
-1.21127754949965
-1.18553473259811
-1.58761252827896
-0.161341603440931
-1.07669909157557
0.0574202056600088
1.75048449219469
0.762601345275174
0.662065081799671
-1.47954827535979
-1.80402847660973
-0.831260109912271
-1.05688385567322
-1.36777908851754
-1.37716734244882
-0.705498929825278
-0.66670832334759
-0.208862316090466
-1.82144793599865
0.616587846398645
-1.85315600432413
-1.60493160231586
-1.75318934153528
0.445889479177628
0.740112917174735
-0.645649346594018
-1.00284787928179
-1.58685523260282
-0.51955850338107
1.4306556496967
-0.930749762330386
-0.941100757527535
0.112743030497338
0.342461157847744
0.226542609783318
-1.10483743573068
-0.555154409430358
-0.415489069583121
-0.257495383296866
0.736330815891539
-0.56694619642683
-1.07243285295768
-0.464699783758786
-0.783334896426035
-1.38705335995895
-0.883336719538981
-0.0365794417534522
-0.515311575980344
-0.150449030223068
-0.236094933433884
0.411288674117571
0.119265993671601
-1.1578046745786
0.806879659926365
0.624484282450534
0.729113673248399
0.609734934069487
1.84427443071405
0.55333365245343
0.508467008645705
0.983240410113325
-0.187120770673491
-0.0401662697408214
1.29322561289627
0.343422511026944
-0.0805678223008827
0.773918888371647
-0.737669189151444
2.05850687848077
0.534737958445482
1.53060784272081
1.51437861996634
0.353937586161613
-0.930002073748375
-2.29357233766265
-2.49896929573431
-0.828999434234408
-0.700682791544641
0.193632889840058
0.610779330774071
0.362000234659984
-0.694420809547585
0.0416049239460988
0.182485011948513
-0.378964553597303
-0.755599789886619
-0.391317429342489
-0.42505260792099
-1.02055939571774
1.21621978782723
-0.238794495790423
-0.912988311438625
-0.0603983311387467
0.399494612948716
-1.85564146323446
-0.164808501523818
-0.376225682164447
-0.0443569044789266
-0.283162880137129
-1.36846102305119
1.34370919388663
0.432957599128439
-0.37133487987425
-1.17180328063988
-1.18276927114034
-0.20552764200459
-0.731961030382207
-0.335892966747929
-0.826418781192666
-1.45915814212012
0.00399008451993269
0.262477837832412
0.958536090304693
0.102220065417107
-0.0977487862064478
-1.01111698574551
0.0525497090538705
0.946714309538828
0.0720397651833871
-0.0212305997047002
-2.2535377199058
-0.798928074837072
-0.557361827888007
-0.721563644959461
0.477357102063532
0.75437824328604
-0.969630272623387
-0.631945707592891
-0.00613082824670784
0.904628992281029
0.74248603705079
0.147906465422282
-0.433314993532873
0.365690506464137
-0.491068079473741
0.983248715462398
1.37979908839215
0.539846986385632
0.554723217727712
0.547596617241562
0.358789031309395
0.835510261888862
1.28378915943628
1.16334401925115
0.559669539243284
0.974636957518871
1.48578550199547
1.60872777032083
1.01938051562022
0.953228658139648
1.04674828484509
0.402719465602839
0.99793756649364
0.679400836282953
-0.184081724106147
1.09135253275931
0.571300831847139
0.815674227221263
-0.135910263820547
1.19922614694621
0.939164985074961
1.52020101398416
1.4180580370334
1.37482988568704
1.43972826891683
-0.164827859793761
1.1217162839812
1.2162692731816
0.427723866091139
1.76777756384313
0.447575473096335
1.45662159330462
1.40435422311348
1.1897478177413
0.803041686015435
1.17432739754288
1.45235341660156
1.59781272388554
1.50219971444646
1.4596222542042
-0.409838063680942
0.152680691125562
0.537560142346325
0.852293724098515
1.11299724119144
1.8154855279559
2.44215913648073
-1.630490258521
-0.704273506928197
-0.00350938537201515
0.0913360955074884
0.60860529331076
-0.126460017967252
-1.75245851752487
-2.10521926184728
-1.44205980280266
1.32202343861193
-0.599553739662437
0.482191230354898
