-1.04266523688004
-0.588609180944072
-1.82569788836454
-1.35909934969663
-1.45074376257701
-0.194660266084182
-0.453113566626573
-0.839274746387082
-0.485367375635141
-2.04602456254781
-1.65765194514334
-1.06618371005761
-0.714112235281822
-1.09762082887612
-0.780254886828682
-1.19893318948367
-0.828463938474591
-0.661726636792638
-1.45999432619993
-0.657079196069111
-1.1025892288293
-0.514050334985057
0.614346824347806
-0.213257041917565
-0.636478782315723
-0.61859659222196
-0.571300672530647
-0.636594657413546
-0.328730244306831
-0.708841017369741
-1.02113157818254
-1.59967799617844
0.21302252393676
-0.407196768529767
-0.476967542168751
-0.610279655677248
-0.441119108755953
-0.523735384664867
0.540072451616303
-0.705460619330057
-3.14209234298864
-1.93734809663939
-1.51223843363295
0.210208335474723
-2.3040371634085
-3.3181628690866
-1.18194190470493
-1.58153385662922
-1.29450704310987
-0.0606477497286458
0.279820059626505
0.119438992812399
-0.76948068253136
-0.834413925561235
-0.518044330303758
-0.293518333568397
0.476927886313856
0.144224479201737
0.663997018681818
-0.76392637923918
-0.880694480803835
-1.41048484703657
-0.685495377143775
-0.512033774140738
-0.619678002698581
-0.07669585089177
-0.980735550911635
-0.277508443716674
-1.06229197932652
-0.450752413160656
-0.133977405765854
0.0291071197999829
-0.297636015513777
-0.322003422760177
-0.853879090520164
-1.25345441526489
-1.08594101895338
-1.8178357489245
0.676750117840305
-0.391890342633369
0.868640522382007
1.24849140149211
0.108805675521897
-0.160704117008656
-0.444545918001884
0.0318017399190989
-0.124544459519465
0.823980509398779
-0.0216968371146431
0.188666869131929
0.413177839827331
-0.0285938324291226
-0.440676490862907
-0.426704906928573
0.450149489448625
0.574776611243043
1.05096640048145
0.375183318578867
-0.0657278674321781
-0.0742801448050872
-0.287225661446857
0.441462438467443
0.0225259464438498
2.03863460118071
0.735046012268722
0.245735040618986
0.647869363271488
0.571022288789027
-0.115748362459992
-0.247052608905358
-0.754636594585757
-0.602522355199955
1.21669621623712
-0.242267722573833
-0.0928728625639551
-0.158853376731265
1.12651456066506
0.650441149205175
0.479788692682504
1.02135863051367
0.72940785208004
0.274578771118002
-0.108938284183121
-1.92849329020228
-1.2678453175486
0.362345778549643
-0.304934145638316
-1.29596791546126
0.614204069484037
-0.92849254231063
-0.694605737273158
0.147014246232497
0.270836167533898
-1.04155358529076
-1.83983115257064
-1.82786511598764
-0.791139516146567
-0.953570350664906
1.03535741724335
0.758994749044443
-1.2174747124539
-1.00798558423621
0.900717051836003
0.939897961632407
1.03816564291579
0.170230134900277
1.1260333666037
0.238795681246782
1.03502928211221
0.38642900164494
0.86982827894378
1.07057383381851
0.954308302760579
0.918090567890779
0.500070864315952
1.27026675341685
1.17766932048586
0.722836035708149
0.809194634855118
-0.133337061887897
0.893969248934093
0.694401344010068
1.03442237478246
1.1413236963604
1.17856864711632
1.1838184939791
1.0396791699521
0.629576316931952
0.989293444798692
1.29175603311935
1.20421447393361
1.29131942024641
1.15788375836715
1.37574911089729
1.00662668885472
1.57735031243652
0.794735526947895
2.04611457824245
1.23278941224393
-1.05426632922066
1.11740158974159
1.51257578735649
-0.0410024216090603
0.699741867270594
0.972726071283547
0.981739270972999
1.40680924476918
0.838798724427646
1.28058186327791
1.27101063074665
-0.174283482047637
1.56778240104719
0.92836678795231
1.53591749769765
0.613870928171328
0.999604583429934
1.21202699426629
1.40887776934108
1.12894192604728
0.582446338358341
1.0834286487587
-0.556123307988466
-0.29093633031513
-0.399288757176391
0.644148544374185
2.18443069282058
-0.681085036499994
-0.799924288882957
-0.413921486795363
-0.191981881973813
1.48812192318896
1.761490454109
1.77670761320437
