0.503806808785813
0.315022341075538
-0.106709131628649
-1.33156225241017
-0.365598986331903
-0.249035541116733
0.677638874013928
-1.82947541973377
0.666965465311311
1.24767986645746
-0.728288538903484
0.380542577348154
-0.389144097930978
-0.227605057973737
-0.0664489169858109
1.0906849533484
0.442464401297131
-1.23864422597819
0.393494173869617
0.181499154079277
0.550113665782551
1.3759350611636
1.25273933300661
-0.0188598091082006
0.120880063171349
-0.802237791673292
-1.16852911062609
-0.170169075007169
-0.0398329891852791
-0.618419908676905
0.965298396207589
-1.36404205160338
0.765022822960133
0.712664163691702
1.10165718465179
0.453159210050766
0.800369921344608
1.3577936545004
1.41990986406023
0.537697549347847
0.128393196603292
-0.228105755961457
0.614541829581238
1.24490142130367
-0.264106354109199
-0.125917751930514
-0.385243063803949
-0.612299471522784
0.836981926075387
0.537573381943715
0.206403171622695
1.0545180553291
1.63992092306803
-0.329158433707442
-0.498156362383247
0.52161245405711
2.31200387727969
1.41893067909166
1.19859947108007
-0.0340947360311357
-0.881913264630739
0.856735512884935
-1.04734480647477
-1.10888311578577
-0.748847471675002
-0.270281819476772
0.465910064030866
0.791327491469256
-0.677958386520763
-0.716816321365526
-0.570248444653171
0.527092309771808
-0.408627336080077
0.184619683392349
0.472133093339972
0.0389450198327313
0.0784137535397891
-0.322950818764105
0.276005176118093
-0.0979711975545638
-0.626635022954993
-0.638377688242984
2.17793391618047
-0.66582051341989
0.443288777445946
0.337249427413972
-0.490555032179002
1.62962244953506
1.38732997302317
-0.452492152816265
1.89615516032239
0.379769757021345
0.259051330930165
-0.0752767088168059
0.481891992485725
0.525780698525844
-0.140039213799778
-0.0142060558037562
0.10932786036259
-0.0201087724227955
0.138167218394148
-0.409338111782009
2.0043517592588
1.94361949641877
-0.448510198787949
-1.19586210345292
-1.04618588690642
0.508805861083168
2.47693527247925
-0.221887314745541
-0.754194232640603
0.0340233217915368
-0.659168999719109
-1.54266118812157
-0.907338975348079
-0.972090361655724
-0.183744262892154
0.254206615932226
-1.13954653327476
-0.59787351390766
-0.77945061048366
-0.87654423622359
-1.15316288963865
2.00978106311512
-0.505547216660429
-0.0137830341408516
-0.140729183639508
-0.035108596469692
0.915397795154898
-1.38902759015095
-0.130250374251423
-0.23997869662315
-1.08946459675243
-1.763482668715
1.7734380396821
-1.05121604514634
0.0734608329864937
-1.60608979676621
-0.431285047095362
-0.577838241840644
0.712291524644026
-1.10228309134033
-0.31659659727819
-1.25546463587401
-1.62758431379405
-1.25810037626934
-0.495789819037743
1.77513182549907
-0.059945903754639
1.99751168463386
1.48900533451289
-1.14988885631683
-0.341535497836689
-0.322469494440241
-0.374427181806975
0.438430337905637
-0.756644110614968
-0.134970810936461
0.366477611038546
1.49619925183552
-0.303452403538916
0.46843201097522
-0.621482184913384
-0.457367298717545
3.9881855669537
0.607059368383837
0.032458081560403
4.42317212204902
0.458172931891531
-0.801759244339206
-0.0641105988179626
-0.820904696358613
-1.00368102826999
-1.49646425019335
0.000443605488138663
-1.90177473222345
-1.15174150676598
-1.08154638795115
-0.878919376989319
1.05836975359806
-0.925068065292689
-0.637936878149481
0.012301972117778
-0.354464984100296
-1.3618051992372
-1.56255850386958
1.01090822050163
0.378942384301972
-0.77552617368613
-0.159043904664237
-0.0400419569599623
1.21961570340513
-1.51947052974367
0.464043394802662
-0.204218573085525
-0.197311626725849
-1.1503169337583
-0.8355906039459
0.203726900986304
-1.90793835678532
-1.35270989584918
0.710481545039135
0.0948776552706876
0.550625522033567
-0.592197602605325
1.6051558695001
-0.447329031506905
0.849650345840913
-0.763450422398601
0.513402381741509
-0.674731061280671
-1.12589814362555
-0.00835119175223466
