1.30857096856059
0.588877757102629
-0.353073629712073
1.29792648158413
-0.661244367379359
0.567165785767712
0.8245015240442
0.113325902441459
1.23963998085672
0.646833196708418
0.697834559672054
1.09083276459458
0.758420974133218
1.26195166037266
-0.178611752697527
1.14407894327394
0.633227416048903
1.99746143311988
1.23262238104148
0.916610553260957
0.564389574671263
1.21075637686763
1.35159830101532
1.5782853651398
0.740531034209465
1.35252197227973
1.6056983853661
1.02785249899066
1.19021412873695
0.640743940098015
0.934446185856713
0.724580675626714
1.44673492943897
0.962585938202856
1.19840411942044
1.46011465836714
1.18662113961395
1.05037829847217
0.70206126227727
0.205582825197473
-1.39649677060126
-0.659178463062987
0.695576514600624
1.17805864877691
-0.428963630617962
0.682911693387331
1.03093759530721
1.09901058050869
1.43270182084833
0.337487200676804
0.0448341518231577
0.510363706638989
0.600782850143706
1.26837101095219
0.909179637555841
0.204180146506065
1.09205948896799
0.551533446505902
0.588206436696069
-0.602393319142506
0.0245524246994755
0.00477806456750483
0.0531498039932164
0.678007065244871
0.212482699487198
0.372329101852136
-0.331914788238466
-0.230121759558075
-1.19119966633377
-0.970961580882143
0.366433194770697
-1.66319779420695
-0.388154472998245
0.648844750867385
-0.92728551566274
-0.771284414136307
-0.416106126769657
0.926182052060879
0.775117334084062
-1.24466130267899
0.849649120065691
0.790942031744661
0.0198954971693469
-1.4910858611449
-0.0735321966649907
-0.477587413946227
0.110537017717707
-0.153350654270862
-0.508692235356462
0.75314067406703
-0.864228530183587
-1.24460497646355
-0.75244513437258
-1.11287961636173
-0.821984277727912
0.65588864932947
-0.0404213569424542
-0.895627447684508
-0.691855504830957
-0.15209102979833
-0.237053841969787
-1.72928462066911
-0.208991029267514
-0.89012692873959
-1.13308417490235
-1.24273080982391
-1.3519821975193
-0.765996167624472
-0.338448988580477
-0.648238542361665
-0.74562186715621
-0.801156659854558
-0.703214717080583
-0.768309417297793
-1.58091619041069
-0.949091822514554
-1.70905774271406
-1.01485517247929
-0.756117201190229
-1.17689155545839
-0.738805223782516
-1.39515399430554
-1.36136917582145
1.34282135845914
-1.44294689844391
-1.01522535485005
-0.845066626551688
-0.590280298499082
-0.140892819001604
-1.35209451362089
-1.29474901289915
0.524399114637412
-1.69321830501103
-0.727719038857622
-1.10355628661638
-1.55919672199359
0.877218700201597
-1.54482957218946
-1.73028515530417
0.701019853227215
0.421805366769935
-0.4328118304699
-1.36046495308903
-0.797495141694796
-1.08005986535852
-0.789078518349387
0.688610483864208
1.13221645996651
-0.216721008276984
1.48010390768059
-0.595827972120476
-1.54011539902123
-0.566862183424384
-1.21753720844277
-0.438988914988011
-1.6914064169785
-1.59603863801057
-0.925836176565297
-0.302211082509545
0.963562696959342
-1.08260877541305
-0.291782768698606
0.0929859688836704
-0.912719937578451
-0.716385571946008
0.271048944584938
-0.0310707777969647
0.0706299837972721
-0.690752223295363
-0.420468359198845
-1.28068223788925
-1.45361660389449
-1.77763978810342
-1.37406494990687
0.356748114074004
-1.31426220234001
-1.08513950577565
0.650686123587988
0.667778606422568
1.39623425973452
-0.676569063087406
-0.148733375359346
-1.12895076513076
1.06068365517478
-0.417265669626061
0.0324917405841257
0.907590662188823
1.18118176279221
-1.19239478189552
1.21864488513025
-1.43183458935455
1.9102113534046
1.40014571693813
0.192503610247552
0.0294952217046286
-0.223392066286974
-0.817851801373064
-0.378388537925508
0.655657967806131
-0.902002556324645
2.28199667762527
1.79169995641073
1.16755242820636
1.12850408989848
1.86613779382872
1.27272035116353
1.59305024154155
1.42304202382153
1.11935118537671
1.64720153349851
0.236346568781372
0.120605411978528
-0.514966631711773
