0.354509280151772
0.58769624155668
0.84045461679237
0.565620764842347
0.21904591260508
1.10170641299178
0.650764930056973
0.677006796914872
0.962285365755205
-2.09254662148148
0.778866116691016
0.453750908983579
0.462518856846141
0.180325848947055
0.689982625818778
-0.619124205859565
0.36865007148153
0.403392027065401
0.099667527655382
0.635348169691688
-0.0438037756952876
0.435464441344859
0.411389412437169
0.138410851599578
0.264323946494177
0.374115517315629
0.428847311838908
-0.171512740669741
0.188970637335004
0.888436423441067
1.02292265426233
1.00100876446338
0.276498564192765
-0.311635822411336
0.317259859443819
-0.448274558404916
-0.501347724562252
0.0245462454755819
-0.290098803266275
-0.0224301198668701
1.50796189330199
0.22083835556487
1.0208972305847
-2.31266646725845
1.83369734696603
-1.55601088572664
0.136577516710654
-0.096757982311802
0.546870522714074
0.38349582102382
-0.46419397302286
1.4621310438838
0.456576550832399
1.24707174411182
0.779166028683946
0.302537429277492
0.0716694680354617
0.1115160608282
-0.198033805805303
1.88171464731669
1.59535462301883
1.08498431767294
-0.420255544151816
0.0666036694912648
0.858941924202262
0.102468828038391
2.18555601844262
0.141256711666254
0.692086622287212
0.445006786757327
-1.08589477987173
-1.59431236684849
1.19664708795301
-0.146291172840974
0.909612535471521
0.974832983779535
0.942328794946104
-1.1773571966631
-0.0337676038850978
-0.108347611152296
-1.78890756490424
-1.97627675211452
-0.92145000746599
0.493021282652976
-0.537250115050167
-1.32627675022327
0.00556665419904595
-0.331925813684299
0.0993362170042051
0.237972456729327
0.0378585861919296
-0.498269136434563
-0.552263881254345
-1.05529434147638
-0.299787861252415
0.53349231359222
1.33481183669048
0.900692981131706
-0.729383670085087
0.380574458895237
-2.1806259016337
-2.5908429014806
-1.20108058941682
0.581968968275043
-1.98733656200333
-1.94228157444901
-2.01954784989978
-0.344588576810558
0.335808018505555
0.708758909713894
-0.324027217959747
-1.3073444055004
-1.61088686148877
-0.437788397246191
-0.631180946648906
-1.50379900273308
-1.64621926058526
-1.0839742033234
-0.562540846806616
-2.17564843426801
-2.30130610145744
-2.11307750996205
0.390145483655662
0.27084877803878
0.860969014429779
-0.106910272024833
-0.0723625316651212
0.597390280091144
0.638569837839301
-0.420330785724074
-0.259341364030673
-0.000509020367053321
0.447808988950923
0.190473228028477
1.90722536814133
-0.254755560786707
0.484604027533035
-0.150970605342986
-0.45884025009008
0.183970465030846
0.796786239069845
0.870625996624454
-1.53348466498161
0.148423921045639
-0.807152904303907
0.836623771823096
-0.843836234928036
-0.643299695612022
-0.984038382814169
-0.0101114883903329
1.44418628921347
-0.417668852335494
-1.40178517210114
-0.0226033873289314
0.235247467164508
0.278506661647716
-0.347458796929863
-0.573590421333346
0.0277549663349117
0.550388702916398
-0.632134432329016
-0.467368804929395
-0.201074855893563
0.704976052305107
-0.14223148205074
-1.39238567892613
-0.0930555483776608
0.694292163297799
0.460674729320166
0.434065812225962
0.120038092693232
-0.159589699493637
-1.99846891449535
0.51069527144375
0.662256377549794
1.01543512087543
1.98168839898773
0.852666460721936
0.767751257235237
-1.06659492952385
1.09343663356444
1.25042460810745
0.762032125795081
-0.886888064161131
0.835677899512805
1.22728730348483
1.2250784728075
1.44923714864378
1.06027722020263
0.339872131900171
0.70123784445398
0.501036706888234
-0.57067630950206
1.65796142725698
0.138847602871994
0.467003852166807
0.723766116842397
0.796718044443757
-0.947482660521136
-0.319156138702171
1.06002172051916
-2.4793758540458
0.283348345432019
-1.34751450654898
-2.69351182412691
1.4270581761277
-1.39467920859623
-2.03312733502365
-0.804312595860864
-2.51546527659818
0.233487349744369
1.03302678869776
0.886012214836062
