0.904697543075901
0.703384854852684
0.886876039024147
1.07451320066757
0.914686485414029
0.764657453891763
0.846884404186507
0.965634607318793
0.704327163881437
0.689975564837511
0.975021355669986
1.06144725780041
0.743134765447501
0.846324967180215
0.74254129732006
1.08639327381957
0.869219924508198
0.975723232745686
1.05227243478246
0.80757332214545
0.537005876686339
0.263452213803234
0.291969672313587
0.560242420384027
0.834345550383055
0.500380781190668
0.519925505520617
0.737869815623235
0.675366634744695
0.748349851640501
1.00070150151351
1.04178653936122
0.259394986306699
0.459418553383939
0.750130042846467
0.0167339895636953
0.454861456256849
-0.190423395431276
0.976005199297676
0.904208335117542
0.415538270629239
0.538347619968743
1.00276898897475
0.903925759141066
0.748825807602716
0.477328252138109
0.560294905967318
0.941977455337053
1.09718798155685
0.867446606743897
0.942118427204105
1.31928916252805
1.2554978487272
0.83286191984339
0.451611022064921
0.53565398569552
0.551626435942244
0.264569443108442
0.593576767485396
1.04800613792327
1.42000080567861
1.38594952053362
0.964260311838354
0.962626633064023
1.07045968397851
1.40488599429703
1.34982555729638
0.820908399070428
1.03448892888843
1.15732046493768
0.914002170037389
0.854593966094046
1.4459107555952
1.25821225353263
1.0339410612792
1.02044333515622
1.01559056971217
0.65962054002704
0.0552737512797424
1.0902630010635
-0.441891437447599
-1.49887402213863
0.647970824267225
0.236244299996119
0.33862035041499
0.271211947431148
0.356029836380612
-0.544774140790695
-0.578151646868077
-0.422644837700924
-1.16654023788341
-0.206036316052406
-0.181696188170622
-0.150980021545831
-0.00375024512401423
0.069592243236794
-0.188974012491247
0.731917855097423
-0.287747871513756
-0.231607572568847
-0.00185013670281932
-1.33230952661952
-0.877409114005026
1.28111520046705
1.07057635877555
-1.00042792475066
-0.76584081608938
-0.453597486715088
0.173951404152425
0.47326426049728
0.457954335911038
0.20541739758925
-1.83274922944239
-0.234991157338243
0.0288863038200539
0.191160695637676
-0.702651387960742
-1.01498442190686
-0.193949191228901
-1.84788201812753
-2.02607698414286
-0.188538746380953
0.98770073122177
0.851487923280043
0.75717549611436
0.46787436053803
0.320832887431182
0.224599842218898
-0.180381270399415
1.15327893209924
0.660665310460279
0.405484054434018
1.05976544635245
0.753255403215034
0.986223621539024
0.989877846494006
0.210186804061563
0.72195864247662
0.688735783868957
0.0516686919458101
0.407877799545939
1.23246650876454
-0.727292516130311
-1.44868662882842
-0.413791500486802
-0.147374699519887
-0.462315366347273
0.208669453751603
-0.573136489454516
0.164302474213863
0.402637531411552
-0.563417492589686
-0.358157054915837
0.121874151257558
0.278547346339274
-0.62222447487847
-1.26687168688091
-0.6354729753114
0.0905100814135838
0.448627370528879
-0.575474597762191
-0.650269301184289
-0.739369902546475
-0.422010280357997
-0.206197052765438
-1.23088036898521
-0.191769609330223
-0.119426575488109
-2.45258943342852
-1.47659204361075
-1.11518846653366
-2.68829475460026
-3.29584169847441
-0.70336977859131
-1.74154313309647
-1.71331733973784
-0.782744104422814
-1.76662971600545
-1.4613896258132
-0.603953225623897
-0.956199502165185
-2.26562308197675
-0.613738969860707
-0.922004354396916
-0.907035530128489
-1.25792431857403
-1.07998420800688
0.239482287224976
-0.692627144967045
-2.0548476372849
-1.23108938856348
-1.15338487717409
-1.14341833285791
-1.04014706058527
-0.765937359704179
-1.05930940974359
-1.44647946029333
-1.66441571847523
-2.93784214044753
-1.32074459800914
-1.50758536542336
-0.314552774250891
-0.243265854672928
-0.197797299582756
-0.515076865253839
-0.0860953749638462
-0.588581866348956
-0.567696875609656
-0.334109213034498
-0.11190630676963
-2.25480041978539
-2.44127730266277
-3.25532680951452
