0.800600360951733
2.09223425589571
0.393383109216954
-0.325612638191289
-1.45950114880184
0.804848727398461
-0.125713121953178
-1.17934893409732
-0.817755135069006
1.05606324819834
-0.996435308687889
1.65243870217157
-0.432999634447181
0.138004848957997
1.30746394702522
1.51412913494194
2.08992799585757
1.07901657683822
0.216964430592191
-0.210390117675032
-1.33430240997713
1.01176335225438
1.61743501512131
0.249647529281989
-0.324174570419416
-0.839694038249132
-0.509784197542237
-0.0854985820419222
-0.643972205792428
-0.668519316314954
-0.632664824184976
-0.379795221766804
-0.20382757540781
-1.01958756750397
-0.143209014955123
-0.0574045445045545
-0.278743873164642
0.482358495856221
0.726776531775812
2.27730351695203
-0.514029880926939
-0.686260090875755
1.12540396712315
0.381065133849745
-0.165808747663857
-0.544701469214012
0.351891430450056
-1.14089201266982
1.15865531168145
1.06653094460207
1.54807767158041
1.46213982881163
1.0911629960892
-0.70978312712315
-1.28511102432175
-0.569687659437025
0.916573484904524
0.12821650703875
0.597259544921395
0.00717024739637958
0.224333941624929
-1.11872072664385
-0.994874053596438
-0.264472527049322
-0.00041320155548702
2.37827951703829
-0.644305282601761
-0.697252230736156
-0.694298470500597
-0.264993669511298
0.989798411561458
-0.700951961308988
0.351256168021926
1.16167671511416
0.31514142177931
-0.628293298066719
-0.79801433566546
-1.02555848038159
1.87272460221414
-0.179218634533128
-0.749643886156804
-1.62128740642764
-1.7447686640621
-1.27640163597094
0.0627561493257736
-1.07780601140131
1.66379455238933
2.58308361636501
0.799099530298061
-0.566377954202827
2.5325637721946
0.601077996179993
-1.05409528717361
-1.75122545263978
1.39481142557966
-0.604453485038331
0.344494726472863
1.57589411386905
-0.34602071226265
0.694123767056603
-0.406638014728043
-0.768621165049894
-0.137536543113893
1.81293258259196
-1.6918811520451
-0.721455734531831
-1.53778177835469
0.672573846583806
0.0420895750009738
0.41744779786814
1.84649584483729
0.698884574218997
0.499548916272698
-0.709211520870816
-1.97735763356475
-0.208619714944587
-1.38685360965012
-0.365711629832528
-1.12845798831535
-0.26893722998893
-1.2780754584929
-1.02114147337322
-0.765294696343098
1.15543277860219
1.35880755043044
-1.10899370567019
-0.721281494441691
1.36946016327151
0.263534131006278
-0.08357284097261
0.0639160072993695
0.204753646967836
0.404925910927451
1.49249577345006
1.6150737431678
1.2577145068286
0.232123206150217
-0.22228986798003
-1.15949946867978
-0.889928930344748
0.272820860742851
-0.551902804733611
-0.749463882435239
-1.58136245068935
-0.502064223964493
-1.37434749247639
-0.391080657799431
0.726441784939221
0.0785389243498754
0.770739135893794
1.08649238530922
-0.986657498674199
0.196787739042763
-1.22579944515683
-0.243135679923694
0.260262942551948
-0.529928051710318
-0.294728046060893
-0.163994378721575
1.24400920260234
-1.18630667394608
-0.541339387697903
-1.07482998306473
0.429055036119546
-0.863507890298133
0.102589091393676
-0.720880288218663
-0.248855232293696
-0.162723907682276
-0.635461460417267
0.162760986082313
-0.847773134235972
-0.526724359696581
-1.14082210390018
0.647133842244238
-0.881196860309176
-1.21532316383922
0.967507030067815
0.294651604893081
0.531995228322254
-0.705307281376559
-1.03767036758757
-1.12402745067681
-0.123287596922276
-1.3663497505327
-0.552189401936403
0.573755835704554
1.88720474281622
-0.894660546092373
0.866747453736283
-0.767854449349852
1.98833138100298
-0.329038427453546
0.470094174336079
-0.740843378447872
0.0359142933227895
-1.45461926525967
-0.901640435512521
0.334122340725027
-1.38182779290089
0.739427352115245
-0.648909829917213
0.75267453607304
0.00109112716292857
0.268942165268704
3.39068275326216
1.22581321068954
0.601009956970215
0.353290766241855
-0.0156600395714821
-0.161072821228867
1.05156804332962
-0.117118853141057
