1.45512904515067
1.37921717195129
1.50589297514209
1.26947632295812
1.392310300071
1.11957360203707
1.16660999184609
1.3182361146541
1.19586546362779
0.46987204485182
1.43611969639423
1.6209537801099
1.28172760642334
1.39285420415414
1.33241274150719
1.58813104048809
1.44087238182276
1.34057611697621
1.58092613385299
1.10163345812039
1.04017525825602
0.927063096582459
1.03225047034556
0.685399533193649
1.10920171479684
0.854045103100401
0.718005457064392
0.994854102441888
0.886655713407106
0.976006389575163
1.34071263530036
1.33578227937503
0.928246941383082
1.1447680532741
1.12214525053237
0.634907648805007
0.653923510862592
0.423265698273689
0.831476874325007
1.21348484678888
0.272047412132281
1.43922134033046
1.58729680602745
0.234526432268903
-0.0899240712522674
1.34517080008496
1.27291783519138
1.45023352948181
1.50336355314788
1.53142590055739
1.50789485258348
1.62734728095867
1.44568279734137
1.4630347485353
1.33733359474903
1.33443361401908
1.14637859279298
1.24693931770221
1.38463565688867
1.62585762422934
1.52498523715129
1.43209482804194
0.886006591595257
1.0715147757868
1.22793707038095
1.46739476849726
1.86959521876455
-0.0965819023317732
1.53008755070133
0.890725632185386
1.14397334705469
0.517975512850019
0.978310032002283
0.385360729355037
0.709672085034588
-0.179207574827699
1.14308283618876
1.39810337697451
-0.388707438947155
0.149783925518541
-0.03653333488941
-1.22196644201008
0.340337425303469
-0.394787216019086
0.157163819605631
0.608966059114413
-0.995797207351071
-0.421692458505059
-1.30256913881843
-0.649763497679239
-1.46046555310837
-0.929826439234916
-0.874111794730381
-0.998257328256138
0.371248449757826
1.14050726023199
0.936319965430738
-0.673266633930512
0.519783462110424
-1.2993602953422
0.869124544809453
-0.791061381205782
0.572726743590311
0.00287820984666763
-0.653129433291627
-1.24495380443965
-1.25286481796675
0.770909514003664
-0.941745387265243
-0.53402831286973
-0.954145273063695
-0.463030181686572
-1.26885121994134
-0.336802978436586
-0.970361008223306
-1.0474079059103
-1.03446456141888
-1.08188849716457
-0.737024813723295
-1.1711570400059
-1.14530329307773
-1.14380671152785
-1.3766736922569
1.11799318052899
-0.540674091294759
-0.935528162847976
-0.429354337567936
-0.505816780633644
-0.907561183649296
-1.30245965232071
-0.929603847000447
-0.887268847079066
-1.01533782644154
-1.47362617826648
0.568690504405511
-1.12468922243145
-0.496080490240615
-1.24734086045403
-0.831935118826373
-1.40261595909797
-0.0238214255719589
-0.114954175062823
-0.551457172108846
-0.639429768805427
-0.991577114204415
-0.23454641582572
-1.19788727334523
-0.721889095278336
-0.919173004925805
-0.610315960315867
-0.393120965145245
-0.708194841800267
-0.0700579928898344
-1.13351456536402
-0.592615849274488
-1.20998070103347
-0.278788098748437
-0.488956552842924
-0.650120907299217
0.0882030894165681
-0.582292489254121
-0.00493011585390933
-0.931521242808943
-0.441287680067224
-0.622059144423941
-0.651962441345815
-0.912030701088794
-0.675995546112844
0.0620003354145788
-0.788922186843451
-0.868076456103908
-0.944200345309101
-0.67976246981087
-0.741813514191526
-0.0977458171021971
-0.525942462618261
-0.266265812046698
-0.744236344991275
-1.02990306772829
-1.59125066552375
-0.483266208734883
-0.331784308123383
-0.808393525820917
-0.906224987477155
-1.40574572372224
-0.970950048576482
-0.488763769953842
-0.262186694429813
-0.688619266731157
-0.991895539648505
-0.92890264627
-0.623165598300562
-1.14571075680453
-0.627578222397718
-1.28860524813276
-1.22574826140869
-0.856839147094623
-0.351596631293955
-0.788004636649602
-0.359706614556284
-1.21852097698881
-1.19703530943475
-0.80190903824402
-1.11147584791586
-0.645043512985249
-0.653935668319304
-1.03431101612277
-1.28185382027665
-1.17608698901245
-1.06659960348887
-0.668475361333494
-0.582657886519286
-0.656354091801308
