-0.512811633735963
-0.328214692887011
-0.741067935255653
-0.86224915368423
-1.3509530622378
-0.534529410747154
-0.694678726242545
-0.67697484472999
-0.598435183523805
0.496558916789728
-1.30100547476166
-0.211674906169413
-0.294458380684952
-0.500822638459064
0.0888829691116508
0.055648852785022
-0.0185859848758626
-0.596550869241416
-0.583786893179372
-0.584331723893259
-0.828921803230992
-0.115572030122619
0.04557413689773
0.117146194704723
0.0543854249074684
0.0371592627374003
-0.329996258362929
0.0664959473577757
-0.0861878836920268
-0.296594077026599
-0.964716908081329
-0.759687132933184
-0.209384201887256
-1.13308412623035
-0.506570368305507
-0.774388447613872
-1.2236113
-0.438703743624214
-0.454626459827238
-0.422077148665367
-1.23330579189631
-1.91191721035715
0.148807814080785
0.0597580962141164
-0.757668761975987
-2.00711631314232
-0.953716819669472
-1.0614668505327
0.120755884502915
-0.56681126427765
-0.522718434485293
-0.110096748285457
-0.474247405659034
-0.53253076329242
-0.593223755576874
-0.248607512127981
-0.183734161318387
-0.264378085043354
-0.156526196691345
-0.537855879446657
-1.30303718402752
-1.54586929214043
-1.35859748089399
-1.02891184894068
-0.97766763904584
-1.48568411961354
-1.82180893285538
0.363515234143222
-0.79933684116673
-0.8373861990006
-0.914698448986102
-0.0459789556305876
-1.83519305824831
-1.92044720146619
-0.573273635129427
-2.23688195613856
-1.16077580441289
-0.813074487783329
-0.691299912111882
-1.12976685321597
1.13283984133341
0.798940299596337
0.826032912203568
0.520128997832002
0.0350595853915028
0.183876487668852
-1.96270911229241
1.34496709698398
-0.340341579221148
-0.0526868821046375
0.305433167155684
-0.476390481752132
-0.531333058593604
-1.09358968275048
0.130425262571045
-0.633695582872635
0.447380553555024
0.0340238189787795
-1.09995300797751
-0.523851445094258
-0.946502730581885
-0.344076347273709
-0.283303763772342
0.873835641557681
-0.621010200489125
-0.686482391000686
-0.0300540155173805
0.263020270696177
-0.38185403592217
-0.178614245604062
-0.246135986707139
-0.517620178768037
0.757765973413764
-0.435862654289269
-1.39611649542949
-1.10313691594373
0.171502432111952
0.287108571942849
-0.0487992856665052
0.0795338922892442
-0.228221690746315
-1.11258312295173
-0.566105019292367
-0.943144255402646
-1.05882195217347
-0.255694909395413
-0.274790117259653
-1.46564666565959
-0.760412859486525
-1.89440608678222
-1.29426657671977
-0.828188850941819
-1.23282602175666
-0.380829653494135
-1.17992673715726
-2.23619309657458
-1.35499204749138
-0.830050223791194
0.743992105446955
-0.318386264320156
-1.00520819877451
-1.73601515247301
0.365284545770005
1.48639404598684
1.07628397147446
1.12580649775071
0.978326175642922
0.323503184764089
0.845906680125262
-0.109471162173155
-0.201994873435105
0.945756804137609
0.47808591161137
0.409656884993854
0.709645470081656
0.882485172174844
1.92342966102829
1.18987344370366
0.73690018597898
0.00678824255661916
1.01420395641593
1.13368317730059
0.842203632806524
0.673469789756767
0.757683049779977
0.911481922581585
0.999243571087257
1.1130486548163
1.17372279576883
1.54233254413866
1.29104528045829
1.2443784867683
0.999348637650873
1.29185197213669
1.6312715907821
1.72513471007761
1.46112219834829
1.30568186753689
1.69029153097841
0.0150625934371469
1.51279694598421
1.86930269372814
0.852264698951372
1.13152586821268
1.15062855992985
1.65141652365609
1.81150499759008
1.44457643155732
1.40300921518297
1.31696966447615
0.935712831701322
1.40275755254712
1.55545861093868
1.91516463560072
0.922727443243695
1.4324573232036
1.51076634215108
1.81661452143877
1.16374824209034
1.37716969047808
1.33469868924309
0.786523067491522
0.678381879503058
0.663370912361824
0.721514178552007
1.46564957920097
0.124893869679948
0.674443397101723
0.904822536343118
0.821988728345843
1.80286953879214
1.78528409512281
1.90120307660617
