0.290127140901385
-0.002026259616463
0.722585172246792
1.6506927614669
0.328996958109251
1.79732162664446
2.1748998395685
2.30148141628655
2.59719817869274
0.347197915142478
0.589332608569071
0.213333397646716
0.658933009588138
1.16362476309762
-0.250933540399343
0.377438061498879
0.297094473291268
2.71561878386264
0.401302011462469
1.3344134350143
1.1435391762689
0.826321491991791
0.00647564286811535
0.726214444020798
0.740590518393384
0.198111091897915
0.777711421870713
0.564226332717954
0.503500802346262
1.47416258190746
2.34848144675283
1.84851411921789
1.13862563752452
1.0768453787861
1.12409183448061
0.0119857728461974
0.565627334057235
0.598990493609425
0.344563146698261
-0.397142294922085
-1.07341675638235
-0.167569022054389
0.20744369403823
-0.193905670106644
-0.833325445806173
0.192440150624153
0.430354120869647
1.41641093375424
0.128144955325183
0.83282003648242
0.0314688739453303
0.482415689675752
-0.663318534955839
2.76863591827866
2.06915533899317
0.0465212824493822
-0.909669720135856
-1.25955635550805
-0.0425442583222376
1.2551116620377
1.96458506312334
0.312400415011817
-0.629254791122296
-0.232731762173182
0.786614448633925
1.40869647404457
0.586523970139991
-0.211991670606679
-1.0847448982738
-0.35611992565909
-1.65716622638344
-0.75086683298975
-0.495258573333558
-0.433385083939713
-1.35471255513787
-0.183818464467983
-0.084410394301256
-1.27493659419707
-0.2763572378528
-0.426370777659749
-1.30343218501653
-1.17644481665118
-0.774565129943183
-2.2724495971657
-0.111672999588732
-1.27363200127375
0.432482756347372
0.825193394668782
-0.531422727295966
0.0413929670115795
-0.919950154744654
0.294770779520864
-1.16843487509044
-1.41969935107808
0.10403365575079
-0.352228325610804
-0.387874427274782
-0.0823292695181066
-0.659943258748621
0.13359309550737
-1.94735339936699
-2.29334409813135
-1.34281766475327
-0.323835113048596
0.173026877359141
-1.00156486291116
-1.80468033236322
-0.147356259331304
-0.517182674601247
-0.162391517962151
-1.04073812747873
-1.59657812797957
-0.750111844925896
-0.649456700264969
-1.09578152059502
0.0167261713484205
-0.746149360072753
-0.578738248693606
0.325789123195784
-0.127429200237649
-0.606553688180909
0.432544955981874
0.950105695375317
0.0472122324523901
0.132236469081568
-0.106145169368738
-0.860439559049401
-1.12156048284868
0.0629005888802768
0.0612823858859015
0.442330891495987
0.493015803995294
1.3709733512323
-1.26313855409221
0.266546506761164
-1.44811714953343
0.66643479473838
-1.75511436643777
-0.821844250095289
0.484152932235816
-0.291198795675071
0.925232362921101
-0.636521319830018
-1.57035050572443
-0.756926821605948
0.603001782220182
0.126080430293742
0.210846344957808
-0.570402092975596
-0.597592151850612
-0.968465313130121
-0.151773192947828
-0.704916873147598
0.60752947459313
0.209209959160486
0.110468536807247
0.201733185490429
0.251127895951501
-0.0643607490725543
0.229472080696349
0.554085473505398
-0.162257877655993
0.207671705140767
-0.792283903932666
-0.376219131115658
-1.30565964646833
0.36281526679804
0.987436108230766
-1.34390508462862
0.586376611597859
0.269569145004376
-1.51128267554484
-2.26299709740428
0.261022823019864
0.176050739101891
-0.36771274208884
1.14893050483131
-0.80808740650711
0.557872514310739
0.591571573196405
0.85437334900611
1.33050583167004
-0.238373161865273
0.337200303216961
0.819925314504317
1.13486171130184
1.79311085735207
1.59185025262789
0.726860204161208
-0.177884727298607
0.841937523015299
0.638540769222325
-0.459483769511352
0.973839560451168
0.0158143790609034
-0.492883177981371
0.317835562541617
1.36412821577174
-3.44091745918959
-1.46868596823426
0.918734953675752
-0.714020312722267
-0.163753482293714
-1.02567888139433
-2.03442121419958
0.444950488426309
-0.578522859641045
-1.47054646057952
-0.787460083762516
-1.55764752431879
-0.00257627178789342
-0.0936036823465447
-0.201825015370435
