1.30105404131167
1.22807289065683
0.997389181028282
0.866601783451797
0.778733847975266
1.33172658943592
1.31895859134305
1.22648571244088
1.28246045037683
-1.82593706739583
1.13063330546038
0.601844038453046
1.26701445210642
1.05672197088577
0.844227014127857
0.633370179682077
0.722385466190568
1.15187942889296
0.761930505399226
1.46297931879811
1.3482102487627
1.2917743322501
0.936386822347889
1.23828552398703
1.33135772994218
1.31297390338323
1.27457871453462
1.20939425227305
1.37788290607132
1.17707007158762
1.35865555120008
1.14436277504749
1.43292014604557
1.40866635277136
1.45199575602617
1.43687463331102
1.57878630782323
1.31856438084238
-0.0975416659991575
-0.0977795097680962
-1.33529340316928
0.37719179636729
0.15471894783516
-1.40243070729196
-0.761358437677966
0.59104209642704
0.231272533366711
0.585297558980173
0.103167290595722
1.27464368290739
1.4253832643883
1.76939892834688
1.72180517370154
0.866672567416058
1.03749413050908
1.19362443039431
0.899313429422417
0.756470463785468
0.60890168521104
0.58711093929029
0.893279926044294
0.370034574780879
0.817931951236211
0.524124759906687
0.261302060051196
1.31592551505035
0.719293071793107
-1.07732190714309
0.766885741316117
0.0763575151145358
1.05195749919319
0.069197683708357
-0.550137555675895
1.13109806232587
0.488905524878499
-0.515722687562538
-0.960962118441723
-0.159098879622897
0.255123889990237
-0.383139760867853
-0.228843996662007
-1.15998473463077
-1.35140909860042
-0.722546225495936
-0.915563645705137
-0.32560835980471
0.312352565988965
-0.0451420320176127
0.647698397783528
0.376517306305635
0.367835567156953
1.32236878032572
1.08157841236792
0.986305277144773
1.3050987353177
1.45206260324632
0.523509998712094
0.270060430405766
1.09590389416884
1.14495237575912
1.27816029449787
0.802599852589638
0.989251713036192
-0.698627172238412
1.38191729918455
1.30346451192429
0.194135964388508
0.294489647898226
0.336501509880802
0.228471335152044
0.260280728699151
1.06803939896808
0.280456865487419
1.01094098063434
0.517647641553635
0.600584146361618
0.193872290594806
1.37506446497173
1.01765063225579
1.18960282197343
1.44967773123672
1.49447510615375
-1.04094236758964
-1.08824434094976
-0.487539716008046
-0.767320476826489
-0.643894956517602
-0.914753816379433
-1.05661526980102
-1.13213726241777
-0.846656838865422
-0.791139160317292
-0.743374661675889
-0.939410314558724
-1.34464829107166
-1.514323328437
-1.47151470927284
-1.3842929769461
0.0366554336235934
-1.19349496844099
-0.905079195754205
-0.585750322026765
-0.0633211921791213
-1.25775206600779
-1.33360489908773
-1.23985794242802
-1.44609709155586
-1.3368208852129
-0.954895608945995
-1.07845427438636
-1.32496973683051
-0.829252030301974
-0.0433042850057306
-0.842317417973554
-0.799791456609729
-0.95744889138918
-0.279790204917665
-0.458860325360685
-0.165280762608306
0.681227520032505
-0.315572124888791
-0.242137899575483
-0.561159027887013
-0.598285136976286
0.284572287762445
-0.760109843915891
-1.185340635713
0.0274061658485766
-0.529908948300823
-0.885023469068847
-0.889317015263226
-1.34405252573423
-1.12973798955052
-1.04454020083298
-0.327287762750245
-1.21094957826296
-0.901446919237082
-1.19309125579081
-1.25204603876695
-0.182462800845524
-0.830520521259199
-1.10684795095535
-0.883117698517893
-0.799564537408264
-0.62879886429963
-0.922606923931875
-0.639001642079491
-0.615424210559835
-0.834061632066849
-1.20314390900905
-1.00028153983741
-0.692975482812509
-1.31356463701427
-0.746125391634862
-0.897880886124986
-0.65876299679307
-1.30886943952066
-1.20847231750036
-1.77225057412826
-0.628986550437757
-0.68314814392196
-1.00791731635341
-1.65706352765639
-1.54225986555481
-1.12407495746609
-1.02470411428532
-1.85912338431156
-1.19449305473365
-1.69495583194093
-0.990892123635058
-0.401170200489651
-0.802328787785697
-0.598267362135609
