1.67822111990444
1.41181280030035
1.23061967070795
1.15131254764879
1.14694309899783
1.30496024698136
1.25524723109792
1.31625384336663
1.22489001133015
1.33178263785981
1.1614304654391
1.4948193599369
1.49296067227038
1.62179749171105
1.51065123972322
1.55993094902842
1.60730374389258
1.4209862367438
1.51523153616537
1.36171525235381
1.09114469061593
1.10803114323264
1.19112979682287
1.21530125036629
1.52229891340369
1.29254498307223
1.12218300914878
1.38760055113301
1.44398136775602
1.24244868050676
1.25569572874665
1.07393227767876
1.3518627681962
1.46903639358204
1.54614396758405
1.34631036053647
1.53581749173537
1.15986952969051
1.30608705349616
1.32389467547877
-0.24787371581011
-0.019364065104291
1.35049154156562
0.904959436981359
0.263574147435494
0.339414513527461
1.11286948758379
0.581516092839714
1.12807381649551
1.02870405759988
0.732131889737684
0.920906087882359
0.798901621691536
1.16445287014074
0.604196308750345
0.814662171209904
0.995894823780083
0.648597273913992
1.11810900671449
1.29861610888718
1.44656330698118
1.00780678400748
0.994960869797001
1.09314760852658
1.09064074875847
0.937038128906794
0.721233511938543
0.868599101911006
1.04755184269417
0.961430010833248
0.913620243247746
0.70782014714832
0.773690748435181
-0.227317104639259
-0.269725221059045
-0.422907107937981
-0.207773831069077
1.11545060966872
-0.510372308222401
-0.160791784656987
0.114913424966533
-0.507826497396213
0.425919021448176
-0.988018738149107
-0.388492109483592
0.588225639613163
-1.24182993736509
-0.025995133654246
-0.223535502507093
0.0194751742852171
-0.626537461431721
-0.946684423469659
0.318305721474533
-0.454451604099788
-0.610536101443794
0.274838000645891
-0.351926914264353
-0.513074346452282
-0.470700651660699
-0.501996921920445
-0.527224918081274
-2.10784523533904
-0.456052354711231
-0.812193644765253
-0.311104683400819
-1.64809070955436
-0.560898033393933
2.20788583347212e-05
-0.085963198271269
0.00144466781587995
-0.763046445419128
-0.0655081245925196
-0.896707980547145
-0.289945982486188
-2.04747262340538
-0.772031757999183
-1.5425821829879
0.0699327445805143
0.0202398865943237
-0.910178939705442
-1.42692962492078
-1.51074168146944
-0.492416178038791
-0.519594120716702
-0.443562728615462
-0.455877374658718
-0.269281470280505
-0.164315760077793
-0.971859176744405
-1.56135151659628
-0.838131068452676
-0.817601785517564
-1.49076287914041
-1.21977438686151
-1.39206259270191
-2.11381772899108
-1.1106096731653
-0.75453730202438
-0.984290765776426
-1.25564955024107
-1.66611720392765
0.0199353739329346
-0.0384283281490847
-1.69576832787606
-1.45894555767422
0.879114074971336
-0.899452607824731
-1.05951714903839
-1.00164296195522
-0.213326138046593
-1.85732902578672
-0.561524348439595
-0.423978234408321
-0.399951926984955
-0.361546726440257
-0.230144405931434
0.150859765858829
-1.36130689485979
-0.998331585609397
-0.150596432136272
-0.495423212199896
-0.611986117436036
-0.886842822338631
-0.838896921350878
-1.37903614723906
-0.99781250388185
0.215815410356471
-0.709943785380018
0.751043115758059
-0.638462316182771
-0.416177432197975
-0.197195242124183
-1.30542686077155
0.255603098164572
1.00026237598398
0.490310496873877
0.32071102603324
-0.507585062995589
-0.337986651925335
-0.488691139394631
0.0577432680331459
-0.345922645776052
-0.12218979503532
-0.405317047667623
-0.558330215914654
-0.176797159325334
0.121035735158201
0.698080830844122
-0.0519702169743461
-0.79611329527047
-0.825224378650808
-0.553833456534291
-1.7119168085028
0.206233071296886
-0.125052767486356
-0.439592059881549
-0.00174764480236568
-0.239949915863133
-1.66464892378041
-0.223695925929462
0.00933800611929268
-1.60676101484551
-1.70921483168166
-1.37556087183471
-1.66915421951728
-0.279802502873876
-1.94691362849605
-1.82097855707041
-1.20742562489815
-1.42642094951486
-0.431457258081401
-0.492719267481345
-0.373381001856374
