1.07217292288139
1.22642427307493
1.74810998091488
1.64158929736643
1.53136312133727
1.99136520298648
2.11764238302285
2.11421350025627
2.00907852454863
-0.0138162618142475
1.07440378615823
0.933830144698205
1.328259153898
1.15080458163069
1.77407684840612
1.41565310098181
1.465069579972
2.1880217068289
0.82266331315106
1.71689270980687
1.33320536156695
1.23404716055053
1.82208540520961
1.77060191333182
1.27225709066731
1.60863337332102
1.50927489511853
1.54524079649671
1.49892424817923
1.66218255239602
2.07217900687304
1.81787723017874
1.97918157008449
1.59758529573788
1.9816912251206
1.75733910679869
1.74053363646109
1.43767608148084
-0.289837804084859
0.989341520933257
0.182029276001019
1.75313072740437
1.35826287439632
-0.0739233503929338
0.16143220894295
2.08865348992969
1.97566008185066
1.97390857059004
1.65738087259992
-0.364441693027489
-0.371593830384901
-0.230957793798191
0.166105959067883
1.8279668935691
1.07390874581288
0.656368033698745
0.858505782733455
0.289511181614536
0.329981159617287
0.208918231569551
0.881895533865628
1.00624409400657
0.327236329904527
0.958795627147202
0.932277708810964
1.53555155656024
0.36284116024548
-0.288627475348224
0.097455466055344
-0.621277205467204
0.437721739605361
0.342264293466201
0.100426642687544
-0.393635642806346
0.366294165567233
-1.05011839995521
0.845141431570572
0.0855037219629643
-1.14111230979884
-1.05589738587511
-0.559335051896362
-1.20587302842359
-0.409828515961424
-0.706765783828834
-0.178050624273334
-0.481794488043279
-1.40682523733521
-0.287375543165161
0.0710765565817481
-0.428997669896404
-0.816980389630522
-0.25615968697187
0.200439452134357
0.0452365069353084
-0.31758920681991
-0.43656352271403
-0.671289843019943
-0.077984109148838
-0.231723126791042
-0.262491529388599
0.293898277406989
-0.641735362075076
-0.181665171739215
-0.13088045146038
-1.01556534259208
-0.51619314937436
-0.167732135776392
0.247193007221081
0.384514158827294
-0.304187651915073
-0.131438279929771
0.404673340040939
-0.642634594577915
-0.436103641196515
-1.12038216334872
-0.881512744463774
-0.311987912759188
-0.682819089492405
-0.805715744046437
-0.616740837052201
-0.634959420872136
-1.21888118829062
-1.08308762783506
-0.0829025885159121
-0.715560490901644
-0.945421695142182
-1.17546257881364
-0.332060656830921
-0.954459520939845
-1.28215974066728
-1.07666583673579
-1.26468357211298
-0.950878429242733
-0.932087554991763
-0.942765698287547
-1.32599726739271
-0.403787007055722
-0.747489239217627
-0.718469277622493
-1.25986992413639
-0.902483291373553
-0.93350588142896
-0.387122257861528
-0.694341085493063
-0.939463790223965
-0.120946146460995
-0.271664529121492
-0.135995555367589
-0.309501456124501
-0.331937473417055
0.101805513835295
-0.406622713907704
0.0354128172277544
-1.23795198239589
-0.345205013378394
-0.608795628891808
-0.562631072376546
-0.384895412126711
-0.440688369906493
0.937767172441569
-0.469823894205217
-0.756227580590531
-1.00490701262982
-0.71078967931909
-1.36889396856425
-0.529927814535424
-0.962566046901332
-0.255459382783802
0.445559109345305
-0.989139236343283
-0.604944266406778
-0.78613678681848
-0.026620781071892
-1.06480839691584
-1.02119688300754
-1.32441217073027
-0.64945962054402
-0.59914440058858
-0.835109164755629
-0.0267503397051107
-0.848904746247925
-0.833822637557006
0.0293040187979672
-1.02058014604672
-1.28253767409962
-1.30478513858529
-0.236653732752304
0.0410114581962095
-0.487007987680495
-0.796420031833024
-0.18988657690295
-0.605583419734878
-1.27943206148396
-0.257295732918179
-1.23375552968192
-0.741657130848839
-0.848627769679292
-0.959566538030816
-0.968307903014277
-0.424201284095443
-1.50357172992061
-0.41909456468748
-0.499218647480044
-0.663754864259638
-0.444475958706239
0.175274069078955
-0.4936320340261
-0.971409138838898
-1.37804232200096
-0.465628735249438
-0.748915234995782
-1.06096214296754
-0.972420023287168
