0.73975708001324
1.00406207641642
-0.45467843855716
0.617777047750472
0.00653072190763108
-0.281788873582529
0.210600483634262
0.175589139139914
0.319292417011335
-0.140506470348868
-0.11175123986535
-0.384752818034753
-0.31228726214983
-0.262878500182135
-0.967452844902745
-0.355427462547957
-0.404421972669905
0.785199064400635
-0.307150026653379
-0.376246878491469
-0.152157193462916
0.820488528383832
1.0525485011138
-0.731768421646951
-0.147350818464765
-0.774012269333014
-0.571121091560964
-0.361710860463381
-0.498935858523245
-0.269137193899179
-0.283291754240192
-0.155061991685124
-0.224060010588008
0.0311702664196092
-0.0326272828463239
0.0280953795268115
-0.120961159944253
1.41403101397423
0.878827127537374
-0.305865953598796
0.442661028007228
-0.163960853770209
-0.164570180209895
0.864642784338616
0.708683782874716
-0.818015408600264
0.254478805306563
-0.206405188144296
0.136732846780001
-0.413761775734112
-0.096971849605278
-0.567195743870991
-0.342896713405648
-0.141992369266468
0.634377899385775
0.992498796837231
1.19083109345077
0.219300308368931
-0.472846466675832
-0.436036116383357
-0.705902544034824
-0.266781430717959
0.504083771812215
0.323605282866029
0.48664273525918
-0.474931529572552
-0.780921812461836
1.07010182187148
1.4819268672786
0.112216993594196
0.438437976637615
1.36677975256623
0.172005941407146
-0.419971948098916
0.267727335090891
-0.476753827006716
-0.117323536320853
1.46899065845973
-0.0658986594367107
0.0985311141792464
0.013562910571676
-0.424381112701312
1.52461917631106
0.205143881352135
1.27961622661887
1.25362028127427
-0.0820045459091072
1.36494430169675
-1.30506512340326
-1.56915075024409
0.794935954940963
-0.894374728640365
-0.906553178429443
-0.391148415754636
-0.591430957236344
-0.529661803936385
-0.369388822519643
-0.757905642863643
-1.05928051694934
-1.07138010570715
-0.71188188411679
0.0852178985446702
-0.237879898968786
-0.985867063717567
-1.17300012575696
-1.55476470002558
-1.43571956206281
-0.140042708987174
-1.39319869897213
-0.850331114388491
-1.27989269296317
-1.45773586252339
-0.869940197802609
-1.45432342843033
0.059127293869642
-0.285608966150463
-1.327720230595
-1.40214118052512
-1.46173700020619
-1.51267444797724
-1.52857831582361
-1.45675790870048
-1.34526225524522
-0.212533614848915
0.104305110681734
-0.234420601860141
0.928348617209669
-0.175212903886927
0.600450519759784
-0.942334881165135
-0.0409349474743552
1.43499952093105
1.15418864545548
-1.28182999442834
0.42496273410763
-1.01928968583579
-1.34088004468875
-1.55356591363207
-0.0460907492595874
1.64631626605182
-1.1471301586219
-1.21435233159275
-1.33849773476203
2.37968865704463
0.358438527875613
1.4288605087486
0.829674758216166
1.7115281357221
0.902037033845787
1.3592806738112
-1.00502695607943
0.678051411730717
-0.945825217464465
-1.13692211569065
0.985434851522847
1.5564981056461
1.63644772915843
1.97392343612295
-1.08189814822144
0.503963602581735
2.61137213259403
2.3414245342081
2.47058690598864
-0.0911640771763505
-0.916582081679024
0.722076583101979
0.584472201020457
1.1318977517413
0.201891701385275
-0.772994622470722
1.39402433458119
-1.17395802484312
-1.03252360732835
-0.583632152763583
-0.826629299373796
-0.965827205042789
-0.170286391497402
1.07842835536202
-1.33782745643594
-1.41540461602812
-0.586093321580334
0.207516637500943
-0.143108583894611
-1.44880286799435
0.0870007590792288
-0.445104690286073
-0.561216000870552
-0.24317239617179
-0.892224836971699
-1.06969797771304
-1.04534256371613
-0.104280813499317
-1.28809417615114
0.433924329661409
0.542410780142016
-0.438102936447166
-1.01932999648556
-0.252383212249389
0.657090759252412
-0.917755497078687
-1.17188720926698
2.36778661965508
2.13376273473687
2.31931278919947
1.62402050290141
1.70733696445055
1.41579011083049
2.26516779478399
1.99124863146541
2.46203021404604
1.18298540174755
0.621008973760945
0.515517446119527
