1.06217332455386
0.884394623051034
1.03020323413886
1.2657446875488
1.15347165481492
0.596876773306509
0.74927864814983
1.04175567530154
0.835007150325893
-0.288705658090851
1.23443385108228
1.58154114889153
0.71681480330971
0.801918345509034
0.913109152432994
1.35831804592613
1.1351067136792
1.0396597716035
1.4053790509994
0.654234122691052
-0.0171563164736871
-0.163366309674486
-0.0315629441462935
0.0932045583865301
0.410453061794953
0.729826769901551
0.585813511064365
0.0767214164941678
0.402279162863673
0.634808754455749
0.942874607235364
1.22106950691411
0.315893055251029
0.65737099187781
0.0817214639377394
-0.0739095046386436
0.413784590163568
-0.500413099319158
0.445320916366306
0.581514415786406
-0.420615650589928
0.85739971693531
1.61167670139261
-0.521818550821832
-0.412995567733392
0.139959792108964
0.694338506913641
0.863403011959214
1.32750016502901
0.0465221781470624
0.207650920540098
0.54911407107558
-0.15976597459925
0.78385530992587
-0.00380901755221852
-0.528260370060518
0.125074789595541
-0.373040265005898
-0.369934490938039
-0.140308130092677
1.44588234422824
1.26946287612811
1.36229176548202
1.20386674845847
0.926613942040631
1.329782777825
1.67905457750914
-0.0156925288757458
1.32003425706977
0.710629532156577
1.0669868191591
0.997443727446984
1.17140973216479
0.848744230808969
0.974581016970988
1.06091720268162
0.190916501588956
0.124091410114624
-0.142364792854159
1.09569795943021
-0.862166565054131
-1.78043014549274
-0.0368168262151278
0.311055292708891
0.532627337391714
0.378644913602545
-0.443601344054593
-1.02133504575418
-1.36411019465827
-1.21637456083994
-1.93611049657143
-0.734985598957681
-0.34348446435543
0.644989062271064
-0.838377024294731
-0.0639768807164932
-0.0327725869562327
0.0416196334613202
-0.466537175926666
-0.454837912343869
-1.92327544469764
-1.65703131458946
-1.97389818738863
0.0426608396517529
1.54218875427377
-0.63292331993148
-1.54823449040405
-0.379209918318933
-0.377817468678188
0.304578908214314
0.331962541967688
-0.51760191480581
-1.36329821211209
-0.973167990666477
1.12871906583186
1.10681935011903
0.381820793288765
-1.68857060182173
-0.321003558005107
-1.49731170451113
-1.43396925855298
0.600857071497219
1.03572483178878
1.31181912402809
1.18375588449918
0.601289108776221
0.300368473457855
0.518692471988363
0.912698376891032
1.32984859531627
0.806075561811976
1.35853201316723
1.41871273217698
1.28772552384653
1.94481215269132
1.57856203352993
0.236017203634869
1.51208605694776
0.256659156543987
1.11071165961676
-0.0507137633191286
1.37348450075066
-0.473773474304536
-0.296859861591683
0.174564234313203
0.865627443006336
-0.487012021177548
-0.198800478122096
-0.930561272255265
-0.478480647068692
0.693218138306164
-1.00720744313017
-1.80914022894972
0.710380944825453
0.441545582127435
-0.386701983353586
-1.54664872971546
-1.29320360058976
-0.867339954258275
-0.773730437488505
-0.627482540445146
-0.862985163195652
-0.162612886467434
-0.224768598744589
0.254557740811877
-0.990894905915396
0.845256372086478
0.797257374797173
-2.01001634757197
-0.28538251801114
-0.88486175031076
-0.678149104760521
-1.64798715022183
0.779806303658397
-0.537672732705059
0.141121237216775
-0.310619276581262
-1.86728316199047
-0.769017183813306
-0.536029835746539
-0.647365627979243
-0.776501418124827
-0.599508756289822
-0.0238751806176603
-0.293614696089644
-0.325140220660478
0.0966174119716297
0.582101179983593
-0.441475056202571
-0.963811179590796
-0.438357034529946
-0.124149979592059
-0.0326542698952398
-0.776044990646821
-0.613732814497628
-0.850858856583679
-0.506390505933085
-0.212451144490596
-2.01769961710453
-0.462917298440148
-0.63680533082537
-2.46313782852797
-2.20054181265253
-2.49538771295867
-1.0680001248648
0.263174115407071
-1.70810236745467
-1.74781503631299
-2.37646260586135
-2.57681386469054
-1.67466798087262
-1.32646443788368
-1.68469306883038
