-1.35324448427787
-1.00901940451212
-0.956513281972224
-1.17404215248729
-0.913944421202733
-0.499736123410617
-0.919698425232623
-0.889811958706584
-0.499589152969882
0.678022835869555
-1.02104329325098
-1.24528990327189
-1.35038573317655
-1.31906770610306
0.416607128655992
0.506375011876385
0.542663257294172
-0.0305899934502215
-1.01515736676218
-0.266294984655571
-1.10348632968271
-0.548346421082357
-0.297909072091825
-0.878544050679765
-1.45341360537808
-1.02495177822868
-1.06097237712001
-0.900162878973129
-1.21360443218918
-1.14193809851012
-0.730117180251977
-1.22173835151776
-0.666510535124821
-0.890200070242652
-0.887724931354824
-0.949530024876672
-1.18525826009254
-0.585522393336044
1.92094983952436
1.25455726365294
-0.178091612060666
1.69793581799593
-0.721121801098311
1.52186628302853
-0.216258111279401
0.719917653968646
-0.0298609588872844
0.504547598428341
0.856824396834588
2.00643261052164
2.37125527513008
2.49447056102445
2.87145635553812
-0.279463645355045
-0.692955352981973
0.977300228572358
0.114251889000662
0.268464491931544
0.0737666753917984
1.42627976735053
0.57821340859142
0.75784889305191
-0.169003049996212
0.158212876936779
0.162543669739461
0.609739006162641
2.32590524776795
0.0581499329356161
2.22329173853083
0.139636340192105
1.33400556319724
1.30260297301754
0.113093403703683
0.8182140299802
1.21070058397222
0.545233136044741
-0.192915431608952
1.24828661307897
-0.0556546564361585
1.6557513936753
0.0760995306187733
-1.17259384524447
0.718075554348347
0.372862252122122
1.60124311132475
1.35533331719393
-0.694423088083115
1.27806363113947
-0.792626023102492
-0.932898432275156
0.77795321245837
0.301962026170326
-0.636624240297679
-0.848255055756268
1.42371251826627
0.438500129942225
-0.694472656886003
0.99998508928879
1.12579850821696
-0.709536465856151
-0.0201424616766728
-2.04557580477085
-0.575854116779386
2.30442430925653
-1.38123465262994
-2.15666842890627
-1.59978362321873
-0.710845078532249
0.888718882713888
1.39420045463929
-0.385025638479161
-0.673570099835101
0.0938630869756676
-1.24254871331572
-1.2138582258668
-1.3902814074526
-1.67804493186702
-1.42124496112349
-1.58119882985383
-1.08611756478158
-1.99287239511084
-1.81155138785664
0.768815405899151
2.03275218693181
0.763868519278456
-0.34105213324085
1.20446308448852
0.262688633678695
0.461493021292166
1.20971927259675
0.783728442519671
-0.0140055521491005
0.260060072408271
0.867746124376989
1.92861484935166
1.39411856604386
0.142451875945644
1.92471122753527
-1.12460870680526
-0.334834144831071
-0.111111935539719
0.641185839254694
-0.810590999338403
-0.397596812514158
-0.257113092018619
1.46929638684558
0.0105312058951814
0.480524506516734
-0.420991100539638
0.657483301757568
0.320577218643036
-0.923597206515994
-0.31302140742207
-1.04292063180184
0.498071025487012
-0.733757164714069
-0.744115356512574
-0.792857534766904
-0.538271081104421
0.169529426049529
-0.867589346996217
-0.97667270373911
-0.479433020250209
0.0264443605037438
0.232572275769136
-0.397296758645056
-0.00268618835251666
0.858129137306844
-0.542230403272798
-0.759577357479293
-0.778282499633887
-0.83476745478177
-0.741050889814206
-0.489731449437875
-0.331418364304709
-0.707528802024028
-0.114483065619013
0.498152330261008
-0.480588146215972
0.453531789240696
-0.145641307864207
-0.268057845747058
-0.144635074685505
-0.513593899135975
-0.152267413806546
-0.163917490369047
1.33568832692858
0.364373451021503
-0.171232854811646
0.729149757492146
-0.16137245162804
1.84343551556337
-0.80733474578473
0.853671572564498
-0.169352604739059
-0.159565263162691
-0.598557391470315
-0.603810192358451
-0.447859960506836
-0.626457058483129
1.01770204730723
0.829855036384787
0.492067575543053
0.089226589238607
1.41409185395421
1.57608682705075
1.24450241723524
0.708285058718562
0.376249873492695
0.334785897284744
-0.489293504031653
-0.264753010520355
-0.668585947578225
