-0.692982973723965
-0.706720530562042
-0.355512465231935
0.202687187779822
-2.34923400607219
0.474980223408764
-1.0503306519637
-2.24479724959306
-0.0240960965848589
0.975158603788691
-1.30440321065795
-0.515128011722236
-0.815779994732748
-0.601856750320318
0.471408004615179
0.132384445239074
0.992325169442735
-2.15854665635066
-0.674810081032839
0.791554032791157
-0.909602055766813
-0.250330412229632
-0.253990665034019
-0.588389137051666
-0.970428027583638
-0.908153485281707
-1.07662880771842
0.522938727761919
-0.792090227228461
-1.04004463075152
0.236168025101557
-1.1244968949764
0.677413243333851
0.321472947925037
-0.455518371625233
0.648909356680771
-1.30946076308637
-0.309775509011969
0.765029989040585
0.723758001884755
-0.512211121099265
0.0471932069670102
-1.24372404013664
1.49112035792058
-0.240333228794936
0.182350916834799
-0.176896558981261
-0.441505776810725
-0.553718127909638
-0.306614367614874
-0.502351353862657
0.447795083973009
-0.0269592097942633
0.46135843378281
0.158507332428799
-0.542121624965979
-0.857332174153368
-0.75159773558242
-0.444425497526381
0.233498241675171
-0.846996430906401
-0.343278159236432
-1.9990384132695
-0.572265601263491
0.373774944705166
-0.502017688670882
-0.567981777149786
0.0328396089117555
-1.49239851093672
-0.688107074061079
-0.73793638600028
-0.924699233936273
0.319813302989475
0.101593795736477
-0.965482173072358
-1.11184164308215
-0.490569160964812
-1.22066774244145
0.132367891950643
-1.92115426678283
-0.430569661302502
-0.672513908959783
-0.0263508279220283
-1.54456178798385
-0.607610326991645
-0.96701935964731
-0.41628267878336
0.645085559593851
0.0227998398991032
-0.57783753727474
0.318281650754771
1.84148660127775
1.13025855872179
1.10738812640907
0.909410870821743
1.82385061873829
1.09766861829974
1.09407191247449
0.852760097132217
1.73412495621606
0.543540886734227
1.21874575611727
0.912874450350699
1.85978522835397
2.18668658475496
1.9380436653225
0.874536387101954
0.110629341180666
-0.26515818625383
0.862465903930627
-0.0393233896744453
1.08174547390848
0.625514436410018
1.53916844113908
0.716866308168731
1.85809436654634
1.83702398759486
1.70058597470535
1.41506041063376
1.49571675263321
2.01751862992612
2.51348342952577
-1.35495485521549
-0.0166488329508007
-1.31071315863444
-0.699879066195663
-1.1186112206221
-1.73705611070667
-1.18803736887339
-1.16524384213021
-0.948919282688116
0.151379577616039
-0.730795893752729
-2.37842410893145
-0.902918789321995
-2.5105094090212
-1.9849366686306
-2.51023274792103
0.265562406629188
-0.94439119596812
-1.79807527327738
-1.69280212013933
0.872846327685476
0.117459539270683
0.717745672613812
-0.226511430742191
0.606450250149391
0.206810252811347
0.758541054718608
-0.899318649606988
0.214338485042058
0.543766036912635
-0.541586295669889
1.22168992564337
0.0653323928871533
-0.323920403807855
0.892883770911428
0.408161778424341
-0.0991749288607647
0.752487505025955
-0.189544199449829
-0.0181208132560823
0.168854010325357
-0.411135336065739
0.617186456865128
-0.0692299449036787
0.182750120931828
0.222934365442178
-1.79041508232867
0.440519482715683
0.320315924981093
0.119466515570806
-0.536176542681091
-0.69331441870079
-1.08024836132571
0.204523108576059
-0.363705051728884
1.1984024581005
0.516562285155101
-0.757462776585843
0.243766785771827
1.35886456614369
-0.179948405313546
-0.395510436860948
0.191216250453661
0.56382771310662
0.523071211816813
0.984509020958703
0.587698453193661
-0.534488684366948
-0.530055188485522
-0.00552527794305187
-1.07936958694836
1.64622034899855
0.920443950194492
0.68073092030437
0.545677276132995
0.399767561794032
0.370070313754302
-0.125041104689854
-0.357608575815541
1.45241488884476
0.871757670234123
1.31795813906129
1.07018020181854
1.08938709787823
0.675929795127595
1.46931141623364
1.06972032068646
1.47234768366844
0.769148176986144
1.25937654718897
1.09108093340899
