0.608999120402153
-1.04418713768189
-1.47360661020286
-0.222873576357956
-1.69430540748906
0.71753909962453
1.42875951325084
1.00760039109657
1.0108554595744
1.2089793362925
-1.37312745536903
-1.35194295345594
0.449531221071756
0.876890425807962
-0.762961286075444
0.464304328946461
0.566695090799902
0.853075497731094
0.0101662906596681
1.23018912690121
0.722386694572981
1.29454343973743
1.27146557368657
0.75090842374418
0.837955520885244
0.282899231346047
0.148107374003407
1.1241876927684
0.722832276651577
-0.759258368844276
1.2754051606717
-0.506465044643309
1.49458223889265
1.1491559676981
1.07766211097593
1.40602597210566
2.01800327564106
0.922440380631255
2.37242455516039
0.0741895441187376
-0.602492553301756
-0.21096304944647
-1.66637938111477
1.48883730916844
0.243085106335546
-0.0493750061474814
-1.00652226307424
-0.405634350777613
-0.611011460574844
0.0886723047361718
-0.120246476839999
0.124024820050038
0.337300139080003
0.724598354854463
0.128943427425854
-0.261360810146743
0.319611041770292
-0.123512801841097
-0.317914942533907
0.071221612543886
-0.227386430231126
0.148674317501819
-1.16117336934203
-1.22301737561312
-1.22836441606384
-0.728486342693709
0.106878860754661
-0.525659182960003
-1.05220583296212
-0.305526725270848
-1.27345699778424
-2.2236199164169
-0.0929897529648245
-0.773795590183513
-1.47510724009972
-0.541915635144387
0.355599810184766
-1.39438260935567
-1.12408457320973
-1.23391725335364
0.313944323394494
0.7648520886271
-1.01005728683463
-2.53522010502845
-0.943574190354848
-1.13902248444676
-1.78846501779137
1.11165553345457
0.155767097568864
0.489597125087936
0.172411748374508
-0.697355186363782
-0.755337090949853
-1.41435179655335
-0.124955669520144
0.776636835946399
0.35382561995879
1.1657774806846
0.104494255176536
0.2706012035014
1.571685312162
2.58034290924207
1.16439939263871
1.22942387055255
0.191354268650963
-0.402919021448929
-0.302195424747703
0.939547868088253
-0.474831568754807
-0.879804076210334
-0.458528869342496
-1.25256816273821
0.0809432036788506
0.441162387565361
-1.56603676622358
0.295160453045503
0.405077572417041
0.0334045249003325
0.532457554038885
0.871120809094586
0.231866153790107
0.274111311886106
0.535861877277537
-0.808846115645629
-0.00346205583751342
-0.198836816077045
-1.44795228733883
-1.63862947912973
-0.141889291710705
-0.913417082860498
-0.268394425961168
-0.274750317126366
0.886185428568159
-0.929215324790314
-0.129676923076471
-2.18716108448456
0.35261918472936
-0.910934307323715
-1.30552233223852
0.446039998608294
-0.987654393367038
0.973938952005611
-0.03748319581364
0.0225994209811956
-0.0423227265746221
-0.486941641655969
0.649026600339514
1.52634788686536
0.0581187156273081
-0.266488460453352
0.800502140449934
-0.360692394463134
0.104352638545561
0.252381268218344
-0.122327289423509
-0.680564005697483
-0.0522019478663138
-0.238508175486881
0.0931161565589814
1.41288074301878
-1.02867255718719
-0.353897520073788
0.388649154239219
-0.630962457477063
-0.381016663509873
0.136627363024041
0.235767259721919
0.208036888936338
-1.85766568419368
0.196803978406673
0.245841500669742
0.517792732806367
-3.71733723422105
0.750095478257592
0.704903997018638
0.198009101152233
0.919639612067339
0.422302683139662
0.499761868477325
-0.932617461542544
0.0212146881192763
1.19423097786339
-2.41061383416278
0.308139675285172
0.00171092341707516
0.951710631802121
0.676642383926833
0.941046186052354
0.496667958629144
-0.535932932398774
-1.93065034202331
-0.341437291093126
-2.23334163551193
0.985025863823613
-0.529949604505157
0.588431400630269
-1.05549749593438
0.493563114073394
-2.10067614601126
-1.22668724377803
-0.814199530066333
2.2080202801193
0.290000693251557
0.95904745579101
0.96257158900103
1.83952619692185
2.30850988558254
1.14603173470208
0.727403394498991
1.17756850471626
0.602671304444444
0.341949695989905
0.611765093235183
