0.252497875553215
0.402646938359576
0.00424193657475968
-0.294294799783017
-0.482226519657933
-0.649698448839747
-0.443140766576896
-0.191157822591634
-0.266452731377487
-0.236060536353419
-0.709126478882251
0.23974735471929
-0.547883144182403
-1.18386441435356
0.564527858132492
0.722667706022731
1.06405215105752
-0.0540850094388839
0.0412739580010259
-0.690572592806445
-2.20467946490719
-1.0049321009838
0.71453869000795
-0.150350652691271
-0.0783038811657814
-0.83902521261512
-0.807569136393024
0.227594258333441
-0.488229688616188
0.160127790316727
-0.701341020793039
-0.0666725895217973
-0.918188901976983
-0.929347393352102
-0.410721901446566
-1.21718373600187
-0.28722687256266
-0.999664974713179
0.351099183136199
-0.118450606588542
-0.63372837984948
-1.84994748970389
0.373890733271945
2.54695017779808
-0.602703236499782
-2.67837644457958
-0.666566928477151
-1.87384107230864
0.203912808823859
-0.811410672619411
-1.25889708209702
-0.420907018525275
0.872879786712283
-1.05198987393505
-0.888489884054825
0.191717573002921
0.980010611946064
0.698401035474779
-0.400470469644878
0.378293378704912
-0.189741324238668
-0.181536998552575
-0.644407074035057
-0.445270184687049
-0.398593134243822
-1.21517583711971
1.21536884681995
0.857984606882528
-1.2096765030199
-0.419044028249499
-0.831721529129574
0.183751070085257
-0.415426938530111
-1.74174020068093
-1.18403691146562
-0.31034671676917
-0.43841170854761
-2.60735886293034
-0.701566529511211
-0.82562722701323
-0.602791818003905
-1.71586370030969
-0.149698589612607
-1.80366023565451
-1.07278632812526
-0.703393494747135
-0.21560425286761
2.15111319174896
-0.155855549091248
-0.307094788686949
0.98462742652814
-0.200692852739162
-0.752795573068067
-0.449832956367214
0.576843307506075
-0.287540343321275
0.140092599808289
1.35873114882056
0.721313713319655
-0.439787010546559
0.336286411921636
-1.05725978243157
0.361885609389606
0.313635832079332
-0.224541830779131
-0.312445767028744
-0.525851209657737
1.04367042544577
-0.0604553348197607
-0.0587518442478337
1.15308886069044
0.415425775662536
-0.242751334720843
-0.626205695972168
-1.27042705482524
-0.747084628100414
-1.03841752021387
-0.499951697494636
-0.666746185122581
-0.400342448920872
-0.010991322140206
-0.676861343517809
-0.0695630233766444
-0.776453955481234
0.521689176344541
-0.638875613295773
-0.672081773995475
-1.14944998562625
1.87397524155748
0.325859814061869
-0.700416532774065
0.208474213616674
-0.21642927984316
2.38368358257786
-0.483937939614315
0.583702871959916
-2.54772708775937
-0.230453236180276
-0.793468441821866
-0.460846713518587
-0.676973590447021
-0.279562910214113
0.426232159484232
-1.50756740216324
0.243653363588817
0.557322002984865
1.84983287896792
1.13043052577779
1.18055377295411
2.03872864285687
0.785876715276943
-1.03426850021308
1.69197636081007
0.474533394181157
0.253614253978379
-1.33746269030363
-0.145034542877026
-0.56140459437294
0.755338888144465
1.96831404148116
-0.228385580761962
0.150996730332346
-1.10603743330146
-0.142958393775731
1.22520513980378
-0.587908238089278
0.604637794938162
2.34453454952105
2.0071726342258
-0.913497428831733
-1.29109701966381
0.238704013728721
-0.175780850313065
0.229285924490584
-0.307031867316396
0.194721132045992
0.840144714255377
1.49585298697523
-0.149535586054912
1.01792101316375
0.130850413737451
0.346600068733787
-0.363088691484232
0.678052039821131
-0.253560985881697
-0.0863740056679023
2.07547878942165
2.20892353122229
0.50520311002355
0.142197930833448
0.128779403543018
2.09092758140416
0.229171896116801
2.12334466171244
-0.32640404278465
0.916618762832076
0.867677026890974
0.671801071301149
-0.398721113805867
0.650367249327795
1.88120412006222
1.47952171062575
1.89747951197822
1.54928317487662
1.1950221632749
2.82678068948458
-0.833246172050474
1.36340788709513
1.6423990256424
1.43110022918799
0.793523008370672
0.0148087258527474
0.341166426870379
