0.0476003055791857
-0.968914201268344
0.42361775972516
-0.989684639268564
1.35716255738526
-0.429435737274018
-0.335407862386537
-0.268964561038782
0.614469340635558
0.815510628459183
0.583132433657059
0.347745185985274
0.378310649086834
0.153460232860459
0.316206059919515
0.300511003815475
0.206248820258423
0.0780058133775122
0.470108153461023
-0.412015688683674
-0.655432402035113
0.030347646451006
-0.626999646439701
-0.225620725018933
0.17211362667585
1.00568787119794
-0.454695055280924
0.360008079957585
-0.0104174733690768
-0.230180116829505
0.00351703577149581
-0.569038550474858
-0.456311883617527
-0.354634711661018
0.209232729415673
0.0622165983950724
0.523452782787519
0.936273887524642
0.358283577469767
-0.73655879963619
-3.34144037238718
-1.03349710015737
1.29433735119654
-0.702154551754508
-1.3935509261747
-1.3873292093933
-0.425663003874843
-0.0139345849055659
0.38579513552928
-0.725933077268847
0.178807590432719
0.0562438137906345
0.449806831507133
0.344315914192292
0.408099563245569
0.358630287001117
0.143617600314342
0.10623788630902
-1.25803565685387
-0.147632290962189
0.283574940534578
-0.990313946473358
0.578575465310266
0.892907620471331
-0.661940690429702
0.471096530435032
0.301780196769834
-0.534927821793859
0.513999007558786
-0.00880425674356809
-1.7297596806141
-1.84834484281776
-1.05022991578351
-2.93139224049934
-1.87038329197036
-2.2580605005248
-0.606182654711568
0.547667792033982
-2.00992336690295
-1.58952262410702
-1.76392478530066
-1.33300635999336
-1.29942243211085
-2.23168972767752
-0.340562716526081
-0.223552834674727
-2.16244438026852
0.959529805954698
0.176219310614448
-0.0424146621938598
0.917237067242303
0.536694612704652
0.200033900480553
-1.5169998890701
0.436173634133683
-0.157453332345378
0.640335562931413
0.616264693204232
-0.169670974014727
-0.296297696806404
-0.631833355558616
-0.492866944781338
-0.144803411121687
1.80482925463543
-1.29973815199502
0.148238465718193
-1.3429191395256
-0.103445421516959
-0.453434001638314
-0.826965500197454
0.791414953098647
0.839831849223162
-1.2977554365474
0.73841513558783
-2.12909820837112
-1.04961503795376
-0.452428750221606
0.466301820748151
0.465648557847646
-0.27666410507524
-0.0682617850438371
-0.546295178741205
-0.56658726248426
1.83026331696301
1.02900761889978
-0.158023458911439
-1.86572509388922
-2.61959778108782
-0.930025635079399
0.026904110747692
-1.04602345078923
-0.0479315103485754
-1.30911810636706
-1.04967609334544
0.398998898400306
-0.332686726892185
-2.24828886204599
-0.682930802299659
-0.950272162982724
-0.651273364505621
0.0136736223102307
1.74379334886436
-1.26271984380471
-1.20952322071742
0.623708504862332
1.22154039186692
-0.139793779449461
0.427202342228428
0.0254420800844973
1.1879503655097
0.609650273990443
-0.455942980261208
-1.118988165864
-1.17905729689103
0.485025408216264
0.527596937742212
-0.33708485770404
0.75137563126763
-0.645185805758983
0.600232697720332
0.70261707395964
0.682720817534777
-0.199794744847218
0.562696635992284
-1.38156098039551
0.727939891750983
1.02589123713956
0.127197069656621
-0.0332075245016441
-0.497191375903014
-0.248260576287312
-9.33256024538311e-05
-0.0603234846163328
0.444312236396469
0.89116499377136
-0.00558300540481061
1.70261861611602
1.93307419944453
0.994669877073851
0.666403593035419
0.888909899755905
0.593561356391268
1.23429794138126
1.45597404645381
0.163868480892786
1.2066226226614
1.00619775284472
0.796272474820337
0.776766291982785
0.609657259206588
0.724177281965718
0.896248276085567
-0.119194482038426
1.22299990439274
0.422534388348159
0.780773851872009
0.763557130567938
0.508764278489568
0.927133476553506
0.515524236866466
0.279952521483703
1.24660978220722
0.293606041456899
1.3457479960162
2.93386321822002
2.13516323435147
2.44709436126391
0.645275766797351
1.05853657816112
1.09655954448338
1.75628764256598
1.863347873197
0.883056407842143
