0.695427111874494
0.783796610368907
0.106134961283817
-1.39517182473494
-0.356036209924124
-0.3979493396983
-1.38042646911827
-1.30221067041898
0.176718307046159
-0.483446330522872
-0.327114641940782
0.0769986788581943
0.462092843778738
0.2569886821402
0.928681095448786
0.242992386831734
0.907968171684519
-1.79953437019727
0.290822364803421
0.573272300102095
0.856405052589169
0.929453015234464
1.18178908967647
1.01362069170044
0.723655602198602
0.965404273480783
1.0437514612728
0.602170254913044
0.645699734954641
-0.0850692895542497
0.198044634392963
-0.76537227199401
0.74908665285065
0.7182036116296
0.6810207904019
0.434593807739331
0.40371986075937
0.392040658385283
0.793819820759618
0.105652793653345
-1.46536034009979
-0.214861982025832
-0.0837419864148891
-0.500125564835714
-1.29263725970798
-0.857927828836743
-0.675574336524882
-1.19237226396153
-0.456933040472585
0.17534311720283
-0.0467786086259178
0.00671948433190453
0.582890856767877
-0.408484381153178
0.0718343299419187
0.861861996379093
1.17492362612551
1.26977859700103
0.711310741839678
0.40899875817862
-0.824973010717659
-1.13594352050734
-0.820851802098111
-0.8870764662989
-0.924541901138443
-0.709234756325142
0.0484529323761709
0.0338274082688905
-0.780717881167825
-1.06922122570028
-1.33998611089748
-0.67943509617379
-1.8734444009788
-0.940145612970612
-0.886446860709074
-1.31639537858736
-0.93041345755664
-2.23784275395354
-0.118021106950721
-1.21418315414004
-0.2634496317663
-0.418042085563679
-0.00404773990208547
-0.333974068899426
-0.51153349939491
-0.460263699860171
0.810593274541036
1.7952391031833
1.66921822549633
1.14774262742411
1.25773325714199
2.10379009372835
1.59140866389178
1.34167182163666
1.68058576679456
1.64709275176451
0.19660482562628
1.17282229859188
1.8847260052016
2.1310110426504
1.78095661166361
1.67185276751226
1.3549998988498
0.440789957613355
1.84787000046285
2.09522018092981
1.58165251336412
0.0587245403667693
1.391763637901
1.76892733790381
0.338924544422139
1.61543936133899
0.289995408735218
1.33541794961159
-0.966160545966955
0.00795214174150162
1.50829941654292
1.7662106549638
1.0681544623419
1.63881567191303
2.07249387343334
1.70179129509396
0.0838154381950721
-2.09121276320743
-0.176724389394013
-0.360861467218251
-0.190914935529981
0.22315449066875
-1.31032446544418
-0.230814467415051
-0.550112790543869
-1.0274571707114
-2.08211274970049
-0.534001925121145
-2.40304859123017
-0.660903938149256
-1.70495578448573
-0.355938824225827
0.11458665950266
-1.49770852526261
-2.74380246389461
-0.830705897878279
1.40832150520798
-1.99009892108783
-0.0325952853170285
-1.45640379538195
-0.473001574587852
-1.03883496399694
-0.372473834071469
-0.505902212607219
-0.231719362615083
0.0885102721076263
0.657386521558507
0.952360528165752
-0.252304026651042
-1.03791033984468
0.446872703973857
-0.242715867834896
-0.000305297318602393
0.731856000167331
-0.644252320157994
-0.720825616072835
-1.03412825195154
-0.700276226506923
0.0861091798888231
-0.946011173675367
-0.428526313820387
-0.0558972669984039
0.651106286344983
-0.495609033044943
0.0992302237357494
0.241943788249274
-0.218101862150367
-0.390345430675644
1.33351383556042
-0.354520828977194
-0.0701739936611178
0.362194143503284
-0.877917700417573
-0.157131937500543
0.0751084218613185
0.516345211068997
-0.383526445158242
-0.673084518238615
0.73885458417532
0.0390691736627682
0.378741020287002
0.544024454985941
0.578360212382317
-0.31609810952105
-1.04306686950554
-0.0694278150971311
-1.42000277306676
0.841665157578395
0.942266886838961
0.772160101512003
0.334751464091695
0.369322938846306
-0.00935787144528085
-0.133771301001162
-1.08303990650439
-1.37431644740027
-0.993635565491772
-1.03101504403085
-1.60713372280415
-0.215383065977776
-1.24176492150665
-1.17290293115248
-0.971005497630705
-1.24021490569977
0.348737666201845
0.222298433915266
0.356680618714609
