1.81816225097234
1.90967646478764
1.52422518013995
1.32839108362982
1.58784689781747
1.4267461611071
0.956815623072125
1.20707503973611
1.33660763951886
0.673373656755774
1.19196839745357
1.59379725987728
1.37914939146088
1.43987250608512
1.65754124936151
1.67976248297499
1.82696935066774
0.892998359743192
1.60896935736422
1.89706667019267
1.65370210652661
1.37942217869326
0.969523399170199
1.24275883492261
1.55813279582667
1.02001463623842
1.06639089987839
1.59426174105483
1.32198097167365
1.22323132116325
1.77282706588355
0.882453931343984
1.9511720483312
1.97224681776327
1.9374748365327
1.94188030509283
1.94989262680327
1.71832286261222
0.409427587964053
1.30075545920289
0.691787343819182
0.486061792062422
1.33497446247425
0.294332116646762
0.945358117549376
0.88411118667467
1.30220788078493
0.843549915114619
1.40052104491801
1.50984213103049
1.44201761067355
0.686622297746889
0.493623350813655
1.21806489439606
0.908326609024122
0.395157194852285
0.944715419154161
0.570479850979568
1.37983721365891
1.16511550874104
1.15234248001767
0.787971456585864
0.916120829983346
1.06014871730373
1.00280306054192
0.986146864214924
0.509237260094982
0.210351145123813
0.902706797879669
0.0769691886425743
0.826321714837724
-0.0555603161275132
0.519505138293516
0.363752601705154
0.385448966975303
-0.289107781801817
0.22272520847005
0.364801067538788
-0.207456467779886
-0.0592109280051682
-0.631432725336607
-1.29141314673161
-0.148437197573186
-0.526166711068255
-0.103288122718143
0.0481016734151292
-0.542253560223211
-0.912665235203173
-0.483893138437175
-0.724914444189728
-0.70916065806086
0.0237323369646652
0.347357305020048
0.165440284767402
0.642046626396494
0.628768258578961
-0.287377743683524
-0.250584912636755
0.323535555655175
0.14597751378427
0.186056748490962
0.231127413066683
0.139541918424515
-0.398081593959609
0.0534107187357788
0.22250077941797
-0.207289104567876
-0.354687859878745
-0.0753557948668696
0.106796087202221
-0.242066675572363
0.190221889747384
-0.255093791022555
-0.241370229327651
-0.798993690001416
-0.225392770795556
0.147079016954854
-0.513995546488989
-0.687555664772177
0.457282286933514
0.668243112401109
0.0150774341244971
-0.810558563147917
-0.541963464896497
-0.976395587387607
-1.33697984896441
-0.37464493281713
-0.789064268966036
-0.840932802054637
-0.509054360120253
-0.707601988136908
-1.03081185976883
-1.0451528357198
-0.949118839011344
-0.467244776311822
-1.03784023658034
-1.25012462917408
-1.24771335738505
-0.986636225063503
-1.13147346360831
-1.38292860162402
-1.01828815362782
-0.210103770492083
-1.34244764994854
-1.55265837727435
-0.424370329614873
-1.08422218237975
-0.807333803729057
-0.76957427152019
-0.739329614398942
-0.759806806029781
-0.991696050000507
0.367036008494769
-0.210167054040109
-0.987816502727588
-1.75001184986111
-1.47164927058798
-1.25171145293745
-0.817737917786158
0.143255822578239
-1.25324987900554
-1.11367918280381
-1.12317440486981
-0.479459435538303
-1.03174000872402
-0.916375441781616
-1.21821936093482
-0.98717517133569
-1.01752397289618
-1.26092371820924
-1.31031727337883
-1.04447408136651
-2.15146938514816
-1.37996611681149
-0.721901213337358
-1.26476915495762
-0.343852983500747
-0.759243634082948
-0.649323702772099
-0.870192032687809
-1.06762232094857
-0.651158739578382
-1.11950947881106
-0.623598690302853
-0.662642891818546
-0.663506440221698
-1.16384842844455
-0.522853577885687
-0.898806599645035
-0.979369323224179
-1.12043778623768
-0.858739325203792
-0.66498338303637
-0.482064962618508
-0.0015387802754139
-0.725327445341512
-0.71239446490146
-0.831088588396978
-1.27682538466752
-0.654431370935838
-0.414117118206704
-0.794023724583196
-0.831240361431243
-0.813542585967129
-1.30750947463669
-0.544714026786755
-1.18794744370421
-0.702589633862441
-0.735379425037308
-0.848381726065872
-0.681279406749327
-1.27655316375123
-0.696506943929303
