-2.0701766819169
-1.58876305859166
-1.63897201880204
-1.61338229438173
-1.79147211950808
-0.696843542045668
-0.63530120389869
-0.566036479402238
-0.249187138109146
0.789394974095332
-1.64012174662162
-1.04181824641539
-1.7107328542805
-1.81547191909249
-0.482670107206258
-0.702099864167357
-0.193586242740717
-0.0351998471941349
-1.68789080905712
-1.45540859519278
-1.96039830542212
-1.08033649380593
-0.52832708616869
-1.28625839651389
-1.90311418705183
-0.79138765629893
-1.13906404648601
-1.34676383298507
-1.39559835803731
-1.24628944795512
-0.495308594844436
-1.54714850716519
-0.942795942561618
-1.77713998659256
-0.542335748129107
-1.48109126269155
-1.07396057550919
-0.978375121827934
1.75723125545492
-0.000415457735887891
-2.06833223953003
-1.45726254222458
-0.0822554357090389
1.37490739877089
-1.17238313915836
-1.87315818513969
-1.45304638662412
-1.01345131692402
-0.16952695800341
-0.48754836738342
-0.691064447285303
0.530731206115528
0.766641971842832
-0.431533363865197
-0.742029420011975
-0.616287654260503
0.36198033210024
0.295646628316774
-0.250716996864314
-0.522316907579655
0.298287927187038
-0.181464467305537
-1.35614274041449
-0.54918605503238
-0.798813227886469
1.66992774283268
0.521911234182299
-0.330095540770855
-0.754281101048072
-0.147059109223239
-0.0491515950515354
-0.906342660448615
0.467687777566429
0.30296243398365
-0.458824466852358
0.224533600430269
0.280099716789516
-2.54154681135453
1.10149845072426
-0.921129325345019
0.250482475178628
0.407629799909104
-0.399146897631198
-1.58123191253245
-0.205990389983413
-0.708793220221403
1.4782331991132
1.94922719669128
-1.30824367653721
-1.24564680365161
-0.00412226849833837
-0.487725672938428
-0.825514750728228
-0.601815769736431
-0.0422239508650561
0.0296117115245048
0.352457177383233
0.846373491724575
0.214250845065838
-0.877717168101797
0.0145260992356225
-0.457610479172815
-0.577766387335768
3.25377966308353
0.0246970187440416
-0.660140066519045
-0.0236222950693952
0.192040234908859
-1.14335764285691
0.979034260581247
-0.313834569165884
-0.511453003974534
0.213275504807906
-0.565207171914465
0.0911283795545023
-0.243029300955041
0.337373414854071
-0.260989822331969
-0.378346211947793
0.0118025355700481
-0.337458321843177
-0.694219867369661
0.282899615995087
2.44001304918766
1.14088425260997
0.121415226256701
-0.689111851513098
1.44579794477011
0.328391914124689
0.666316241016984
0.0712473073024926
0.479790112505567
-0.00345978923472139
1.51109351160464
1.70349480616473
1.92571684153959
0.0689351642330484
1.7313590024882
0.0851378375855191
0.389017156741905
-0.138482723367397
0.311351104833852
0.259808234260427
-0.113703556897108
0.237415073669763
1.5450091685215
-0.526464371617998
0.597847679439397
-0.0968047715599803
0.409490403051248
2.40232682808921
0.200109350033652
0.566553736113565
0.344687191180271
0.937298518330137
0.66581376715731
0.425585043462179
0.470551430753245
0.272414297680253
0.83827602001216
0.438428339800564
0.401716608427589
0.326776070909378
0.657233801946676
0.00310159212861452
0.677124429574646
0.40997621226656
1.2871933657238
1.08450536207486
0.402720222954089
0.540455573713058
0.298414019469771
0.438353530878955
0.531724813315647
0.933950932812059
0.791874858188885
0.583075247243325
0.759740643427833
0.651866824008424
-0.865974205910158
0.441485689362313
0.652746125703091
-1.57412658489251
0.711050483915966
0.18350489576602
-0.121520424945074
1.13566643523792
1.1308762257245
0.56533577811681
0.386021342189784
0.131250188285255
1.57195745725053
0.383085044974157
0.839316859645535
0.0606785019319763
0.496107658587514
0.803309757195551
0.416943876211843
0.138691517287296
0.647919945082272
0.257125253475881
1.19554602932549
1.17235845422776
1.18899799223614
2.55854978881938
2.56976496143795
0.791520752276766
1.06981989911339
0.996070305662277
1.25855996233234
0.617825406339918
1.05292683138286
0.832390782522457
