1.391930814204
1.73826496729025
0.717614350534754
0.31763408492963
0.0669217401049403
1.34337163303492
1.15248374681049
0.735864841884692
0.993576750815409
1.24197030133152
0.202993887072029
0.365435870857362
1.28118420950612
1.27563349010625
1.13387944518552
0.75138729245747
0.696233447489253
1.07257288380141
0.488658385770536
0.939605180753914
1.37236199654218
1.90672733276183
1.88307784792708
1.63543919894423
1.50410521319158
1.66323606576076
1.64837162008772
1.2891618059866
1.60306977746472
1.22409165230905
0.925519200278567
0.160956517306553
1.26210388032074
1.46544945990512
1.48042562587152
1.31161496121896
1.23983673080295
1.53997680149653
1.20310516169163
0.0106241235428268
0.0244575850162077
0.912725105269221
0.210489068858512
0.945471974590134
0.51305785691169
-1.58014222364113
0.389836979395779
1.0076226136991
0.336341866090024
1.18224323349065
0.47621922619878
1.0478964461449
0.709214888345174
1.41817994299833
1.32663693671802
1.3827661761829
1.15304361976871
1.02811212125889
1.7304939144195
1.28750730096454
0.720456980930718
0.0456323960699653
-0.927530968295503
-0.643096373756769
0.313530913700393
0.899642186466895
1.20116905174852
0.345606034670849
-2.02675438470572
-0.598536204817615
-1.43912988625992
-0.525909392869438
-1.26347355090353
-0.514422096789917
-1.73029776586026
-3.28668079146717
-0.593103356605143
-1.06711450950664
-0.671432824823405
-2.3802414308318
-1.0320895967103
-1.75181965299989
-0.0329802395789435
-2.40729101469076
-0.626108395149202
-1.12816608646978
-1.50566359466988
1.11103590875959
-0.861307654156637
-1.17372045838106
-0.409525016136505
-0.78004353550343
-0.826041380359605
-1.88042183927657
0.174205217706702
0.873576414309112
0.385439420006303
-0.781625840652194
0.555006251783063
-0.735462523484952
-0.041987597604495
0.00174317114142447
0.33787931687203
0.650618690593054
-0.818325453884526
-0.0100472655576234
-0.377185561635466
0.555818266278443
-0.234889340292352
0.121849094535864
-0.982544952102967
-1.33021187050917
-1.39742142563568
-1.5048671058937
-1.34597302533056
-1.84751162296374
-0.230546771039313
0.0978411718121566
-0.75714545573386
-0.567231363202959
0.407337845053526
0.113337263575202
-1.37576600900842
-0.79848806072512
-1.85632375335162
-0.957914513057368
-0.375633124554415
-2.26024587502034
0.921756102660856
-1.35477272479958
-0.88952104455179
-1.33323931145491
-1.42909592365278
-1.22404977233083
0.290906727488606
-1.49757417859886
-1.02599930455576
-0.264121720191649
-1.39436891095842
0.278261077712368
-1.19658348969958
-1.97076021592824
-0.59043280246419
-0.75434880532
0.0126781911844164
0.311397643861151
-0.20547113632715
0.463547147081569
0.0124375494244976
0.0536795149170298
-1.27847633770876
-0.0749877828446349
-0.264079634297922
-1.07639376074217
-0.163811943190218
-0.32604212282059
0.797200847443851
0.205583391719601
0.113102358766737
1.56449178477027
0.378599105920214
0.379125142218265
0.306309601905543
0.438756809696227
-1.75362305797609
0.211659333316572
-0.275216325797524
-0.698085860454575
0.484108428997578
0.0717624872585368
0.116667516990234
-0.936994918677921
-0.0111575338142397
-0.830253683299621
1.13468017100455
0.332948953207392
-0.320245492231409
0.538743291783254
-0.366937763286532
0.231834316018389
-0.32628233098505
0.534267371113461
0.0629991744309123
0.338419838613995
-1.33583052268068
0.0828314285315939
0.0274585903726594
-0.282214035409354
-0.486498542750089
-1.38449443546996
0.0906038007469975
-0.192859917770355
-0.0319746823395685
0.115700473322902
-0.671651681288945
-0.25604798291751
0.0163274872210126
0.432206124175394
0.205406767372301
1.17544166429905
0.748986586612034
-0.420684982782143
-0.534549264129202
-0.168843712702882
0.113464479399022
0.715852818517951
-0.64706286508043
-0.452211636132683
-0.770044463339493
0.00177252553145654
0.112970743151779
0.600287956168035
0.462539275596902
