0.220178919305489
0.387469226217738
-0.906479898503925
-0.306110363067803
-0.322828710073399
-1.29286846388223
-0.849714561267166
-0.117231367161298
-0.6533050377109
-0.0013327639056235
-0.962003769870786
0.936499997910783
-1.18366039107247
-0.874413879385884
-0.172458566415135
0.0720832153361591
0.0487622605411986
1.23770139099079
0.713485409866918
-0.678060350759545
-0.168243523440213
-0.453288314094101
-0.947646120074419
-2.06428040655643
-0.820121754911005
-1.78441238696019
-1.94531452258443
-0.929585746966387
-1.30143536857539
-1.77620913725003
-0.088281149867157
-0.859770712013742
-1.38757840887819
-0.202721704738377
-0.648873016966907
-1.16244936091154
-1.2074238253743
-0.582182273628679
1.94022623489417
0.470719973200696
-0.256427230248915
-1.20874250739918
0.612821786323433
-0.125279301952532
0.749617568285187
-0.972468353482932
-0.52180008736786
-1.60103537467642
0.666780719450247
-0.492831892380845
-1.12500781474588
-0.37233045212705
0.00974245358770863
0.920773924336211
-0.0512616324747466
-0.39380465239295
-1.14523741991413
-1.17653328909505
-0.535809889764682
0.761617749189258
-0.552623965534493
0.529860510627067
-0.26420770364283
0.571020645839731
-0.310490176210882
0.36182467957938
0.92726819842932
0.949997819405717
-0.150034434936354
-0.18388102571075
-0.868785066706125
-0.400721670509172
0.227069128384878
0.148790080007835
-0.0242585262751171
-1.60540968071595
0.633518401887532
-1.71930273072275
-0.567739906763129
-0.738757106186362
-0.334952786797184
-0.636158000922741
0.491304005573499
0.317212730227762
0.0494253239948234
-0.326167447132949
-1.26147757968985
-0.574094468668667
0.967085015786609
0.4386125584816
-0.0831232325031824
0.579076238647304
2.12547776350804
2.14736814001176
-0.184214942919176
-0.853997730107516
-1.07667838334699
1.56290187788279
0.32692644706321
1.90212228167138
0.117932608814132
0.141281624924487
-0.765437625509036
1.5370668131348
1.20352053458961
-0.0467614250303927
-0.720804170397063
0.15171495856169
1.22407016774306
2.15913715394682
1.59298570971277
1.97219502038787
-1.37597701564719
1.75561998832221
1.6889783755392
1.73212614379834
0.192984792764308
0.195791881878288
0.944732577250379
-1.50944512977966
-0.948343716862194
0.835907504312445
1.22916732667635
0.131307748981687
1.13659796783092
0.505242432408927
-0.0243153236491065
0.0847451325970561
1.68944266488537
1.09763308687085
0.732809812863465
1.44078221231784
1.50880812634832
0.153426836411546
0.912522737679643
0.497812298807086
1.07776912221824
0.649529484830768
0.406791989767545
1.34127802012293
0.239485482213044
0.335752339859475
0.653351369124782
0.351436867579167
-0.449130515340218
1.61646087982577
0.00442037316811048
0.468536732032791
-0.905905475234834
1.2988777515356
1.22512187366033
0.21145446175158
-0.274911636611156
1.13162647456336
0.959130457166807
0.312343971180235
-0.072637319302716
0.0511037452553171
0.0894211293414258
0.194809344187794
0.39986243572192
0.424571244651643
1.06502296440196
1.19236170103593
0.616256513108483
-0.622519519977407
0.639584514914468
0.887792265750001
0.733336823754136
0.161888179745596
0.667692922939578
-1.11947633240228
-2.42716815562055
0.550474926679624
0.396063555675597
0.0302927190834951
0.769984518557159
-1.450572967456
0.328798987106562
0.376892745363448
0.130555226344411
0.837257373609144
0.444814447768617
-0.162371803247719
0.220441164542837
0.305517781155588
0.954224023919628
0.690778859492877
0.216712883359965
0.620082704141135
-0.0799181000970637
0.861870266981254
-0.778724564794123
0.654268703251688
-0.171967424340163
-0.379857114472469
-0.137749706797617
0.775860302225943
-2.2418029203898
-1.3178228846592
0.259728969888364
-2.5180194327307
0.232571102897084
-1.05645813109839
-3.32852789558948
0.236211807000485
-2.59396751930725
-2.10021439547797
-1.41229583836776
-2.53163181112882
-0.115115021871141
-0.00863011791201237
0.122251910735042
