-0.891477621456528
-0.627344276933828
-0.267868990631714
-0.387179136535892
-0.410600586888549
-1.01221603382952
-0.714427865566135
-1.43348350352037
-0.201169511815917
0.145102061618928
-1.43295830480777
0.168993300717267
-0.275460704440949
-0.443420240138482
-0.300835544645602
0.324788353540894
1.50438836440229
-0.423464372071484
-1.6092884404558
-0.692624016701996
-1.68627339739167
-0.278239365310234
-0.300125250874868
-1.14609678308643
-0.916884507174859
-1.31686040513325
-1.84522260022835
-0.587760271850128
-0.625767504663525
-1.23588232351337
-1.05792761601103
-1.44429029442522
-1.6452156447376
-1.07621159340591
-1.2696111820036
-0.521413780185496
-1.41102151856846
0.161880567516506
2.30616415086234
0.868760857876777
0.851623819189345
-0.0975286619137877
-0.0513192600512997
1.71693192807083
0.570919926089927
0.993350366172175
0.841066590791467
-0.147446538060447
0.925537452734488
-0.824417195600047
-0.808830669032393
-0.187248589614868
0.0660658194169298
-0.1539030725476
0.66337089050831
0.206543566265051
0.267659509375359
0.268631695119758
-0.906898198068782
-1.30921633519826
0.713916761776026
0.820200473157789
-1.29536568877228
-0.388304654690782
1.34882142328184
-0.953944164880538
-0.0697837250250026
0.28916283369067
-0.749131239167085
0.174870202650772
-0.939607532771969
-0.221633403416408
1.31770894012965
-0.866196503138945
1.00201312283778
0.622312295948433
0.17133679646923
0.198046757002513
-1.61299612505147
0.151550654995889
-0.676056701538429
0.462533103087578
-0.812884768870034
1.51818946048783
0.345541932830615
-0.586466102093437
-1.41752530489531
-1.79975696857848
-0.424368971862872
0.496090425281937
-0.507998358456877
-1.15672907201743
-1.05287733770723
-1.26920483918015
-0.344794593546786
-0.169065571688309
1.85492600674542
-1.0680651212842
-0.375051315025406
-1.74083552825308
-0.150838335862471
-0.165946380117416
0.113134370811209
-0.832408013903993
-1.8490859564049
-1.74828427747054
-1.9981641979256
0.650035080266981
0.228128709945441
-0.129649087949377
0.914468808089757
-0.770094146312062
0.395363597583977
1.04462637021381
-1.31530519699726
0.715133055632706
0.0554980499185284
-0.773082343490001
1.08210754665141
0.78815328371872
-1.19747202713458
-0.0588493882593027
0.700357341167391
-1.89529093457545
1.68272206419283
0.791521224331084
0.162530807524473
0.551030128524835
-0.998466057899306
0.244224950235411
0.25351629329209
0.47658964949359
-0.162373568843111
1.5000855006321
-1.39951252962262
0.315557770176145
-0.886764071481977
0.250071873394868
2.86001239295165
0.133548119040113
-1.06971972568874
0.440496294498715
-0.647597000931335
-0.13801887289518
0.0227250221993548
0.167337764038971
0.625168965587262
0.84499517265945
0.602513317669022
0.468267703532389
0.438577972767406
0.0869288769632317
-1.27669524840964
-1.32789064127617
0.227785090479319
0.926603166830067
0.253932149035566
0.367746025694421
0.789456194263946
0.7369069572858
1.26058166721771
1.17081987600753
1.5868186463701
1.3644931935759
0.0741248332466828
0.2274817826888
0.813336241758318
1.17890022311336
-0.156295740903545
2.58468798631064
2.37835246139134
1.61533921621592
1.59356163341961
-0.185631333301279
2.99900474575214
0.683992533725171
0.215753032591095
-0.378561671248122
0.954168640302819
0.0986056072358587
0.843736346264207
0.714961043108471
0.266392475136447
-0.144311180049595
1.16461014106125
1.79218675607755
0.115662667693355
1.50665180515168
0.785123070986623
0.77309790185754
-1.2281611518265
0.655799305905865
2.68892159065392
0.294140347359261
0.939431030925895
1.39246936798506
0.311624170518944
0.705119856608075
-0.873954682566872
-1.43448170668345
1.18648004554185
-0.36055238627082
0.688635886052377
-0.165844093388264
-0.445667715991429
0.105802836671182
-0.600801823052475
0.100079907591132
-1.30958156569708
-0.123231648684243
-0.496243304727463
-1.56825018789679
-0.340653449266843
