-0.856213389660708
-1.61030741877302
1.25328126036705
3.27016508382097
1.00533256541956
1.37378291688427
1.90465249947206
1.91118606511251
1.46131906079978
0.851748293181127
1.43764318373724
-0.330260961822845
0.114282697843059
-0.12407013070551
0.70731103754224
-0.253930609192791
0.0712254774327575
1.48409437891074
-0.315966196190788
0.634440013130215
-0.631555595038591
-0.362519055639646
0.0152698599673481
0.841666862553603
-0.575557936925772
0.566998423611638
1.17186466034738
0.205052687668473
0.406123252145174
1.87771310320765
1.48777593500831
2.14668788844838
0.890463691585671
-0.442421594103585
0.938209684688361
0.470674234007137
0.552663016304047
0.383318384885267
1.21306614085276
0.486978431302424
0.102784568217413
-0.00329927803789637
-0.469238887533137
1.65959753117348
0.150886668900247
0.0723053730327075
1.59378912954327
0.746917108115952
-0.396192248690244
-0.0184502868996118
-0.459363587636154
-0.0594526653874245
-0.169131853527947
1.23406672487308
0.396749451744512
-0.242522234061432
0.356133303643421
0.272060313362044
-0.251676248252093
0.122840340477333
0.321386988640191
0.262420486673489
1.03774147777667
1.15644966276774
0.325038873911983
0.880912011781634
0.00331072638676299
0.206722412317638
0.199499462770618
-0.326320302774197
-0.458340679989446
-0.606722419164446
-0.143818712810653
-1.89780578377885
-1.23704265837221
-0.965257281001479
0.206057394038327
0.399732396106064
-1.31157416900938
-1.4805872491909
-0.548888606271629
-0.696929866047787
0.0219275345656221
-1.64872757241289
-0.585568620908826
-0.153246804057085
-1.34342504943921
-1.26207370409575
-0.100492345253366
-0.286830899473636
-1.13320846118747
-0.0998452173640576
-1.47776381928549
-1.15159799747804
-0.598566000564389
0.441306696989842
0.0738185827486993
-1.19281252567204
-0.194261951424038
-0.325666362420268
0.385455386360895
0.409490096409038
0.358183345990467
-1.27329100342834
-0.260181359073653
-0.464280608501423
-0.189464805156477
0.112325575574638
-1.48106866682935
-1.2846123100313
-1.42886207657247
-1.47235526327512
-0.463894055652524
0.385410076111974
-1.59967025442679
-1.44025916659992
-0.306163838660646
-0.363630994069319
0.467948820123014
0.100398722297055
0.0813505542596402
0.0504650020693252
-0.735038061978633
-0.0555775903949879
-0.492403136333433
-1.02685794524405
-1.01151932170391
-0.892820914478043
-0.882566496002774
-0.802779403004959
-0.984027663459752
-0.938756555035541
0.0851931149325424
-2.14183294464277
-0.440121809509345
-1.48825505567627
-0.74314875571533
-1.65068260928644
-0.424042371976537
-0.872016570829423
-1.07557767152256
-0.161682527977144
-1.21858390228196
-1.46357028423949
-1.02263792898618
-1.50610374291449
-1.67131266357651
-0.699565261786637
-0.592246136512721
0.504696595065733
-0.903244455640568
-1.0359927772116
-1.67387722614103
-0.826393449725668
-1.07181453936978
0.389622685170618
-1.4936796800447
0.408261257173962
-0.933899380901441
-0.798047569401744
-0.324983056759809
-0.144866653576699
-0.94298201858858
-1.09007390985999
-1.46912892139295
0.817786418680517
0.211270412495718
-0.571562879028034
-0.355228870893507
-0.36409033483754
0.0977030722719474
0.348080757423973
-0.506792405705347
-0.589278898100238
0.319598860001585
-0.00456846006799785
1.59684134342517
0.401769335178891
1.30117585655194
0.584975494310396
2.08595052899515
1.00437545350378
1.55771821866695
-0.372921434741691
2.96119183269655
2.15365436818771
0.23694977614533
1.89424231141255
1.63181763538321
0.898703866450321
1.02296365030678
0.800735142382342
-1.00973725287858
1.34747864042068
2.97755755431797
2.47786187439197
1.75495377454558
0.345289736856947
0.0404169569209314
0.734421426492784
0.940071467067077
0.274886797278017
-0.012953730799147
-0.486476860889819
0.504387143490708
0.397720237059101
0.867811902537526
0.363518789571489
-0.336909274797726
0.200213778862961
0.218988775324278
0.461899209499448
0.187241364785023
