0.600411210480959
0.290445103061992
0.881234087191433
1.24361442264746
1.30989046123204
0.835872268291224
0.932664588010186
1.16537515367753
0.772938742890284
-0.615535558995038
1.21278290131375
0.577640926852476
1.10952618239853
0.536579734792238
1.01436425150521
0.176874936293322
0.715633488465079
0.858692222170722
0.301839957858431
-0.193645870822992
-1.3310069814908
-1.12407975093253
-0.347970177507987
1.19003745556818
1.17194547146846
1.34551064495472
1.39953084387792
0.691439565885661
1.34570669709606
1.46348401582992
0.687380971652026
1.32168276980144
0.274804550064424
-0.810382958863743
0.623488081799346
-0.468101084817172
0.122456386712933
-0.666385647176931
0.245036789768688
1.18204341580225
-0.0605657111564844
-1.74997511844074
0.393687986682019
0.356443956238135
0.306379045966137
-1.72239975541922
0.797557491430258
-0.572589999445603
0.351777954797212
-0.757961585142797
-0.421726979970133
-0.466737227922315
-1.0106611871492
0.375481320229804
-0.396391170111318
-1.17524867654248
0.276162486880797
-0.35282418679107
0.115086434213495
-0.378472227889982
-0.818009703489104
-0.788000253209877
1.95764848474766
1.53211738361581
0.0373265681528211
-0.861168570422958
-2.45843905374742
0.112458569470019
0.75263367839807
-1.30559087163358
1.74471508846054
0.404822127446683
-0.942251669795017
0.520235769868286
0.344590526086814
0.383470880135717
-2.15557637002193
1.4297852362966
1.21046646500898
-0.396395375608908
-0.839011872861903
-0.96893634250171
0.166224000801192
0.214760967159024
-0.140125093445929
0.135416604219374
1.85113007181859
-0.0510683053407565
0.748940788333752
0.438880033774018
0.707557403636609
1.48196990553572
1.17559521430195
0.77379285264076
1.52101090425111
1.91426271500825
0.935514166294973
0.886584757968189
0.735812991414813
1.51909986242847
0.675722122889995
1.05176958911906
1.515937310966
1.45378909715574
-0.245789694062623
1.74499279726026
-0.518605782486143
0.598002141843266
0.279162181032991
0.399083392247417
-0.00422468968192262
0.772091664139489
1.19281065719214
1.17259612003165
-1.23766772133859
-0.418391804552772
0.427112758028917
1.93140753340567
1.2372654032787
2.16502231857091
2.25511673384959
1.34307122154023
-1.94613573807349
-1.10348371726805
-1.13223127126856
-1.26265966395479
-0.589559593045141
0.134643389281711
-0.0288703804393216
0.281941168546142
-0.0170105684515795
-1.08060912497791
0.441433730471348
-0.797946945975117
1.21610793986376
0.0777252571004419
-2.31998450603149
-1.84070690081345
-1.22981267004786
-1.06713731598388
-1.48410549668798
-1.41192840612235
-1.2173937553289
-2.3738111694975
0.0588435627132832
-1.19920104576519
0.427005401063232
0.12134648729821
0.252164262597673
-1.59931759136666
-1.28873950579937
-1.07066378651712
-0.400730950917283
-1.26134477724738
-0.602567671581078
-0.561007896523155
-0.901214852784077
-0.948916219928346
-0.485929063762139
-1.27519920213908
-0.729007939343757
-0.596262759816518
-0.714413506309622
-1.82354571798193
-1.50130413964104
-0.208791689807331
-0.465017929674171
-1.02481888397939
0.946392126647267
-0.840652818221434
-0.513247932415751
-0.0717226589826035
-0.851650238395473
-1.04712320440096
-0.196766807842752
-1.01639547346008
0.074095599403463
0.524183522463976
-0.435442983041627
-1.03125697989221
-0.508188025827888
-0.915154051103663
0.640041072979028
-0.534872436946821
-0.26059064120972
-0.289042805820437
-0.864396630054383
0.341160131008351
-0.534962500797849
-0.699175607228533
0.106879990636214
-0.825156979853321
-0.779677558226142
-0.324510604569098
-1.22327290540185
-0.242986889280944
-0.123990341487172
-0.624371493617878
-0.736216803615232
-1.82271759366378
-0.585417595541856
0.995471180539735
0.982571102108563
0.880018882732637
0.527678843568661
1.12389575801163
0.100601206894877
0.896872700016801
0.835743194246588
0.986994457857154
-0.698918873768167
-0.78628497612044
-1.6816312073004
