1.44244033686429
0.860829906800759
1.70365368642837
1.33934921733984
1.34152521633338
1.92205136327468
1.98740959969327
1.76811215399302
1.51159654390886
0.308999440579344
1.49406093845394
1.10548907131422
1.70026608753261
1.54284725847744
1.67244965934773
1.0789052348343
0.925603038988402
1.30775196789808
1.20126251607507
1.47049288460388
1.2236079512874
1.51531052126851
0.987680834395236
1.97884786305737
1.54685645168705
1.71823121614074
1.79864924592466
1.67139193039236
1.86087963451336
1.76511381098735
1.69644833343409
1.6078459402731
1.77642143126096
1.37666060972259
1.8858061032839
1.54891075979021
1.6696554104244
1.48116834069972
-0.20557501245077
-0.452285813614649
-0.402829702820302
-0.287284074412196
0.639730177469589
-1.39457436346578
0.216292065106557
-0.143861657134159
0.407766949774034
0.633507197766095
0.501252385454668
1.25678408595488
1.07891406405213
1.15532748920997
1.48352507867456
1.46025636831285
0.715204802053213
0.10496543890072
0.399035338218716
0.0708819255229362
1.41377352731451
1.00913438276336
1.27262975278061
0.655197311899014
0.668613370356863
0.699548250697743
0.74825004320511
1.29406539836906
0.398300124768958
0.0632402757317359
0.402065692675352
0.344653028227331
0.181440883752038
0.268618220276869
0.33047039128106
-0.414182213174822
-0.620464673831286
-1.0133542911382
-0.0336841245473819
-1.28066393667324
-0.558312265366828
-0.436425617497386
-0.0394358529744825
-1.08018662934789
-0.0957550962909439
-1.11136382718454
-1.02132253412695
-0.164480710464076
-1.64150367393323
-0.404053604802308
-1.28169732112229
-0.618356543726541
-1.27991715205479
-1.04470549407868
-1.56318740691633
-0.801168034684398
-0.112156159231324
0.512702019416496
0.333308429769387
0.463435069538562
-0.177372916682918
-0.784996048040995
-0.973772946021439
-0.636296729210072
-0.414763159117094
0.641159996370958
-0.414420060894874
-0.714308964982942
-1.20380152974252
0.487636402422727
-0.673231237838651
-0.664737276118525
-0.446957546872541
-1.29498914696986
-0.574826802482731
-0.697329372868762
-1.19440333620351
0.353474274455417
-0.393974808686696
-1.76248924400682
-0.42160049076591
-0.120120865801852
-0.0942599077230408
-0.873362580936632
0.549929137584702
-1.12583717609976
0.061543895671636
-0.228472965431818
-0.873866213242894
-1.03564852417482
-0.328709178610767
-0.323622309456706
-0.62227626297749
0.329382441259512
0.983402357287745
-0.409440172770196
-1.02043086041329
-0.385807467932193
-1.20872239090205
-0.401279263509433
-0.271093253478546
0.477005007319701
-2.18430946400715
-0.300611575293702
-0.593022061535152
-0.28554796833404
-0.51990442873556
0.842286051977848
0.321092536349092
0.370510963300949
0.103839709698034
0.0703909395025757
0.351300066373346
-0.454397683289538
0.238006041648576
0.2720831420804
0.222379247336255
-0.366546757607208
-0.521450905604619
-0.301256423870933
0.309140842488463
0.844804079053873
-0.00676916937959897
0.0644790506866875
0.153149714425828
0.102926598170535
-0.554473702057058
-0.239732947862476
-0.256807546370217
0.080041044874984
-2.25402541308369
-0.558057118616056
-0.54818480149422
-0.639556492021398
-2.79428334804731
-0.589989905740183
-0.348231435138461
-0.716990023547659
-0.310179595170972
-0.997017750386426
-1.24497080824634
-1.83643118587489
-0.709110509567167
-0.152534406407914
-1.79804823541516
-1.5719717515507
-0.510391125469465
-1.10371063177163
0.00471972581097687
-0.0693782471651203
-0.368755457689497
-1.12842138324403
-1.49566209212751
-0.0662573315092102
-1.79138301554834
-0.247560828142391
-0.517930873558364
-0.173900210165396
0.072227923482327
-0.141169691326227
-1.97049663133173
-1.0314718607166
-1.02110111686076
-0.820555887240775
-0.149758669101193
-0.28084124390183
-0.957807309957628
0.213815761950226
-1.28638201040624
-1.31904424166028
-0.8765925535847
-0.314989124096125
-0.903726242802686
-1.19781953329584
-0.828669477199369
