0.079462352878519
0.376800134488298
-0.470982954266501
0.0370069769365723
-0.537067444022661
-0.345182569143617
-0.610728513506171
-0.744133499735184
-0.757982608473782
-0.0167259400485041
-0.636805217582711
3.15518275014149e-05
-0.193945103323102
-0.0894184857610742
-0.706789661146406
-1.00830762228062
-0.907624759402511
-0.734811639977479
-0.215097894883377
-0.600239407578342
-0.540046486176793
-0.579390352246298
-0.228007702013903
-0.319905691017842
-0.110744750799133
-0.12263928221327
0.169905704008966
-0.425338906559983
-0.167940724131812
-0.393509450996733
-0.275219981577821
-0.60154585597615
-0.868536800625389
-0.0145527728019874
-0.363327115445374
-0.638338288501598
-0.766433716620206
-0.837563268130977
1.00862771239888
-0.141553940729848
0.494097273001102
-0.160317108922997
-0.288282766536399
0.131458359222204
0.332656399653371
-0.579090553815083
-0.401941990086941
-0.497521146606678
-0.142880787566681
-0.936582553441633
-1.5134437384292
-0.892388927336577
-0.714086015528544
-0.528003841357037
-0.82939976856682
-1.13005786732474
0.302069832312097
-0.786311697869651
-0.401337597975758
-0.590289389619209
-0.259606598671006
0.628606589605392
-0.842558037215389
-0.932472285211766
-1.09937705371738
-0.497097860073865
0.0519320612119394
0.183300511904157
0.299551089729195
0.891982731702168
-0.196428929512486
-0.657738340860713
1.04253517310153
-0.0403474031741624
1.35805410558446
2.057929370639
1.26753391596789
0.270480557014589
0.364325218129604
2.12553526372886
-1.29107823779759
-1.39153496054272
0.881916951870577
1.69618652611555
1.62042292090168
0.798986443150617
-0.229973257005051
-0.424185857917454
-1.89113120545878
-1.42165985814574
-1.66047797641658
-1.68351680289785
-1.46497935838797
-1.2707160747107
-0.970669948995324
-1.1700214836167
-0.353257339079142
-1.45357489402319
-1.00356053833138
-1.40568785494032
-0.437495791366517
-0.0625857495486053
-0.23206856130347
0.0179989942132131
-1.58470478960814
-1.80119798641483
-0.0210790669455017
-0.0325911903138957
-1.61565857295924
-0.834232062955382
-0.193276752813321
-1.50916415024733
-1.38085294197691
-1.08549494558477
-1.18422077711654
-0.414686273658499
-0.663880391522671
-1.9595606885886
-1.40017030683842
-1.94814681105527
-1.87011647672906
-1.09589034776019
1.46443314185603
2.99032158408982
2.03198443621616
1.25289384267444
2.10971940055519
2.83442328102442
0.236898309103344
2.69014918803421
2.70986661373441
0.644558860979133
0.49676854615538
1.76441918121273
1.34076035831959
2.71834188158114
1.70436759648213
1.3713806150022
-0.802481374743713
0.516052336058894
2.19277475283501
2.43704343149913
-0.715494639170884
1.28261834197222
0.280893723101311
2.48435744963697
-0.0658589321503913
-0.558930050027043
-0.419957596018254
1.44974029293007
0.131956367802318
-0.0721266130948749
-0.250196674220777
-0.807930461918825
1.03126821083357
0.223871990962395
-0.375822271101777
1.05857044700222
-0.891581543345078
0.0222440177645857
1.03182814179886
0.949252287466737
0.450835418894199
1.84527473772291
0.811742161676515
0.000801610025654948
0.708260805881339
0.920726489395732
-0.0291585925707379
0.164863448526914
0.174448706898541
0.306133825490965
0.502872608632827
0.349467511770465
1.47039451597101
0.840475345744232
0.657789824552133
-0.403667178067218
0.445285299965618
0.890614259568164
-0.00148431344150262
0.101971205873441
0.711641036202359
1.27941134635237
0.257336556236831
0.75433248451421
0.0944613107088196
0.293983167152265
-0.445792878688366
0.508697952764954
0.895165581196466
0.593376047100973
0.953957885066733
-0.0657332723068055
0.0788299693274734
-0.595264228011122
-0.0320888557644583
-0.129257128767516
-0.267798377254048
0.803792321592112
0.387666094147925
-0.266585368498728
-0.414609406093511
-0.531419827759027
0.0558861145683313
0.457076523771757
-0.407317219514508
-0.582593527299413
0.224031975131485
-0.334752089956316
0.0899201472683908
-0.103392409551207
-0.152281859649016
