1.19420152920378
1.12525923871044
0.312711826033703
-1.13451347762677
0.521922657365236
-0.875034393749515
-0.746823611521258
-0.793757887120856
0.574749010624081
0.198593421476095
0.215193857572732
0.727943207905385
0.250845838840746
0.881093743422442
0.496803299704937
1.40303938825639
1.07963358864196
-0.0218798851434587
1.09196455696187
0.0259267892989642
0.417595053758682
1.07970153724242
1.04042254415542
-0.655046548398276
-0.299084215191806
0.50554146442988
-0.66612933920554
-0.319953521235716
-0.346117590590677
-0.72571693732079
0.0779110871683799
-0.804472690960627
-0.117283353653682
0.340390926214597
0.772502690085639
1.09411239273716
0.842344205067409
1.30618570002697
-1.85390395463717
0.317269625991401
-0.392308935808533
-0.413121548234394
1.14369053979137
1.13366817897496
-0.610895216926478
-0.331721736272676
-0.183358570833722
-0.572430816123083
1.13244697737434
-0.186648151782897
0.226625850360598
0.157766930361939
0.679572295660012
0.573033135738499
0.818230317687799
0.994332436368699
1.55222488137874
1.11693265240765
-0.365776711582653
-0.156495080956055
-0.990140812446869
-0.949182024411468
0.00104827834369121
-0.452492589755403
-1.27664247478063
-0.181384174383056
0.150517955388503
-1.51991474224761
0.15721915071066
-1.06310848039554
-0.608513150196721
-1.52583835902855
-1.02791338237593
0.0517781436886321
0.138106441326239
-0.883818520866695
-0.109422028744893
0.865377775155515
-0.605159073353533
-1.195040023108
-0.970231359503911
-1.1413916047278
-1.5306937678255
-1.78510832336996
-0.254259235620991
-0.63931631308211
-1.57329852897268
1.64660875111261
-0.332595811829527
-0.830836997501486
1.03293605594925
-0.0633041039618067
-0.610232786664989
0.519761825795462
0.288392325677421
-0.0673689701510268
0.59791483099275
1.2854832319581
0.538591664192413
-0.19851499798663
0.996482784111738
-0.89093482639348
1.1857530562687
1.9823195459935
0.5826762181783
-0.602704636376261
-0.639502819856538
-0.37302528195814
1.08001008382419
1.36783369224208
-0.647590267566883
-1.11552118202189
-0.33374610820707
-1.17379643478202
2.41592373878554
-0.303332195538693
-1.68020149126888
-1.16826995674414
-0.875550353756233
-0.809549191819616
-1.50405573225678
-0.645221832153469
-1.34042097990795
-0.237743745895023
-1.41272974457996
-1.2190473183025
-1.51696803509386
-1.84243889222673
0.223456097298062
-0.885522337801042
-1.35608853482126
-0.442469015237986
-0.287460886572754
-1.16419558088327
-1.10197059877269
-1.23691864051331
-1.69092966035008
-1.69040422815237
-1.19733516131017
1.68820451234805
-1.7232658765916
-1.45472739983812
0.567017535206206
-0.345021152507928
0.0784505400394947
0.109738769680407
0.395100356131654
1.88497368665774
1.17197341715957
-1.00424093419936
1.35902690206469
-1.16315940313713
1.14143771414749
-0.411567237350395
-0.254615617797996
-1.0720082438983
-1.07178797159033
-0.7379861795096
0.731557717161892
2.33933321338678
-1.42369085554592
-1.25996098686572
-0.493517248413087
-1.07046930892969
-0.0751195377333886
0.594216837659923
0.791068196603593
0.5793249542071
1.21627999070927
-0.555271638030475
-0.614045932302268
0.333876452750982
0.099722071363472
-0.226532836745121
-1.1403768773648
-0.223598219493967
-0.217640839259635
0.582850434567374
-1.12913277431286
1.10822482710111
-0.662835805005043
0.31252293445854
0.383351940960196
-0.25286372516803
-0.832920039097855
-0.972351386020689
1.43172746836228
0.93925594843263
-0.370868794215847
0.344879093285758
0.56233033181706
1.85705623949606
-0.342270779775047
1.92091740083004
-0.00895519692130357
0.140461992138585
-0.562475484165824
0.562316676791393
1.2600385892842
-0.670367881638493
0.779811818125712
2.51326103328099
1.0801204600051
0.946762968201842
2.15916368076956
2.5462610595142
1.83000985083683
1.90889460285688
-0.144082082766165
1.31648582063748
0.755076978877988
0.843709167923098
1.13420151965517
