0.640865779180863
0.0213352882786176
0.801876585800948
0.150532795434563
0.102031276010205
0.919593038489305
0.728843832170705
0.595334579117116
0.908914010786684
-0.0528583558425771
0.267203887696033
0.135800199334072
0.746395834049719
0.723481818999904
0.710320419323717
1.06293381686383
0.926203878060483
1.13541448677219
0.662103889171894
0.768206920822734
0.295395933205499
0.282305113378436
0.619993156064493
0.443561424325968
0.597388098674818
0.368627482872854
-0.141976020123256
0.14618662278477
0.519657795935163
0.0599420099314145
0.946161484715443
-0.164880931246467
1.38354712450942
0.668120695464911
1.23246670534952
0.705671974558835
0.315361408287677
-0.288346287768537
1.01603915499769
-0.0546185795790596
0.0956725798370897
-0.544418856264463
-0.387252227437234
0.396044032890507
0.7220289177775
-1.21889755593584
0.5869971451751
1.38142130729346
-0.178317558416071
-0.0686416190912115
-1.1077665438648
0.608737135963433
0.6771107400924
1.17296617400381
-0.966584771304343
-0.0258952719468632
0.704777782136823
0.142378354744274
0.771974476708468
0.393071397103751
0.583549692103744
0.718144822022775
-1.0743397447921
-0.235546781656937
0.739632941845805
0.144871415081173
0.478780668117195
1.17080027395597
-1.0243479281425
-0.236813867681936
-1.23552898127557
-0.503781442334653
0.0123619125565599
-0.125474493759063
-1.50565049970688
-1.21313691461487
-0.216691377849396
-0.814995101051913
-1.16723226211846
0.482001215846392
-0.562242800375568
-1.27514055170071
0.482451961155284
-0.654088398806059
0.287876020235008
-0.19745514812971
-0.695406292705068
-0.0486768697378818
1.57157152593048
1.20534696324443
0.631036773711136
1.58690346024422
1.66127118845185
1.71959314088913
0.517086570235291
1.03303660066333
0.455315124502013
0.278177958633895
0.816656340095577
1.65877315884437
1.71952931513265
1.45455912557028
1.89062541950388
-1.06074760894701
0.0279688589334753
1.136282814309
0.520407338947067
0.980912097327182
-0.715546065322522
0.25284495187775
0.504599312266636
1.2662262893128
-0.0873530546548151
1.17623530082077
0.504447874669633
1.3981824791762
0.183295455168505
0.983423349117936
1.27607516213442
0.592029850236515
1.10594133522715
2.24494562928024
0.0550455489987508
-1.53449385598409
-0.455905299935606
-0.0525966775172827
0.107146391191585
-0.392152939607722
0.883985770335579
0.978322667726577
0.491561248999216
-0.296594572870645
-0.778400616071946
1.29023849052027
-0.469140818576348
0.453510327248645
-0.623010699954051
0.247932974624683
-0.0321504587437435
0.796848583593938
-1.64539621015126
-0.644435817059461
0.0196585218266674
0.443466861187259
-1.6565282500328
0.187028093643857
-2.75985645552798
-2.43636686289045
-1.42461275362617
0.622808271293812
-0.429112897269897
0.155374208391406
-0.357965743750166
0.194354828712302
-0.265904597305828
-1.15977476289298
1.10579147620475
-0.128891983074402
0.188518600183115
0.0949864195839107
0.672965972285061
0.495476235648496
0.541719692823425
-0.681378291699061
-3.6006140148868
-0.82442741143844
-2.72888470812978
-3.04925722325939
0.602945363996306
-1.70960766081624
-0.592126097335559
-2.17962399547783
-1.42894603748071
-2.92035898544605
0.383670714982278
-1.93136916337228
0.318306490577708
-0.718682880467207
-0.215547590262059
-0.731294922807302
-0.0477781833196736
-0.0787670174973625
-1.70130814516705
-0.324999054541663
0.153012599937381
0.117117423036366
0.0359736329940731
0.553370788088012
-0.58654773553704
-0.681231334302992
-0.435902985404808
-0.107380859110594
-1.62040952548062
0.149386911761135
-0.536314184043649
0.342237721603077
-0.609197801317837
0.339135958821659
-2.32540670282188
-0.802810938303749
-0.11422905083312
-0.1349121332784
-1.67845722900336
-1.5032712790321
-2.50996718000256
0.0920932437206768
-2.20372492561683
-0.311118987379596
-0.224938347274635
-1.3811275292722
0.399573302976343
0.38612722411366
0.0114003342907858
