-0.10387201621744
0.88006986012317
0.259598142023767
-0.7967932440008
-0.749563072661618
-1.8745098125397
-1.73478702770677
-1.62169016059271
-1.12753074574739
1.18913295116697
-0.447887754719532
0.105935782838759
-1.24738031994708
-0.792222471339356
1.16458014090798
0.383898286618425
1.17785490767445
-1.39581910602907
-0.737772969342689
-1.34082692194799
-0.767128981216691
0.272125214364837
0.434708148590255
-0.996558464708006
-1.20115085842049
-1.09893413199565
-0.930386337220903
-1.14724171709279
-1.23006831986943
-1.25593296624457
-1.94656234040746
-0.673746301229134
-1.54535041756015
-1.57423561053123
-1.87338308025312
-0.753441119110035
-1.80007845500448
-0.0622268032781237
0.208585448140269
0.674655893771529
-1.22750840770664
-1.49283728727457
-0.705579970067086
0.543824642330296
-0.660440362462174
-1.61060231678388
-0.829039418576463
-0.83482256651405
0.00757857122366299
-1.05193661760301
-0.0369754934163032
-0.593184593590712
-0.340507262447807
-1.66325164510762
-0.573218809314847
-0.211849397748918
-0.148249526152787
-0.598084415623671
-1.32374659764955
-1.29317510153499
-1.02332368434444
-0.79116514954592
-0.613276082738573
-0.49173878925159
-1.35347707521679
-0.396030187493946
-1.08316466231092
-1.0262559947292
-0.828132806174978
-0.922743605556981
-0.590567041658795
-1.42256707971213
-0.994386725561155
1.59105371575684
1.10719989708419
0.174526531112612
-0.143903869781319
-1.14938497279911
1.62356016700374
-0.605868427587426
-0.633384226367054
-0.765485447368814
-1.75802865055411
0.785053265486146
-1.17999252700794
-0.783551869993087
0.82055858354885
1.50890867182969
0.569935760796721
1.31578761202751
0.141092659923309
-0.847346300037758
0.460198892634874
1.09617716247728
-1.1489383488221
0.345788247676419
-0.773714386770568
0.17440264968189
-0.43143175824295
-0.423544697610932
-0.19532606665272
-1.1318656384768
-0.246298353461289
0.493679111519938
0.0137010680976008
-1.42790899940018
-0.770307254508995
0.746495360970165
1.16072009094571
-0.0120256121151564
0.894708237701737
-0.142871783206369
-0.696473653714765
0.407501296090972
2.12934137651646
1.04400277955686
-0.818042420820768
-1.08433509611484
0.821266433343336
-1.07862639481597
-0.481171261391473
0.233942718059547
0.0181938541851543
-0.381521009485102
0.582239914003152
0.321677795800253
-1.03887229567751
-0.710596062603165
1.15879591565939
-1.18387728159792
-0.830268900317266
1.74531221349936
1.57029036612139
-0.127925425336643
-0.843720343355159
-0.00571281391685182
-0.929142278547238
-0.692253375190009
-0.0275492840602948
1.90338951497327
0.590107619523428
-0.308727910315258
-0.0988851471541024
0.137473319405109
1.48871576273601
0.309228987354406
1.35793240072603
1.25913565287121
1.16065783764459
1.09026974947954
0.340319983611549
0.810566081986002
0.718981417467691
0.511563836041473
1.53167581727715
1.00033704318728
1.28086927105525
0.682730020115405
1.09216859945177
1.28118470432136
1.0127603515389
1.35610562352749
1.59895053872733
0.969128270578282
0.930489387683234
0.883158682179663
1.14126919824514
1.30444353502305
0.720266933023498
0.545717655283828
0.941465889625705
1.11269344919794
-1.56315790307067
0.975665904304242
0.387290916899453
0.445404603517342
-0.578173228332392
0.776148091158972
0.139023047816559
-0.598635788335512
0.409741733604454
1.36085204969191
-0.555200737969771
-0.598806181275387
1.34351081050911
0.246341524277795
1.35723732051246
0.906055058372153
0.538905332609291
-0.590275879721725
-0.867281602749445
-0.115808840701629
-1.00491366002775
1.38554467694806
1.76326794501955
1.07797199633591
0.97179243088561
1.79294966944146
0.128819736982132
-0.139979354029037
-0.890730172117389
1.42923145669598
1.47575864458295
1.16923951693823
0.880422345006476
1.21952905291685
0.717170030668118
1.29158911251522
1.08633040013827
1.24356555254956
0.596050203566668
1.32964911321797
1.10328794388388
