0.159111393025454
0.0872166664998346
-0.140849460529787
-0.494934392003981
-0.026460206350492
-0.241603987259603
-0.162734492659446
-0.0268963483675946
-0.317168124320915
-1.27895486072662
-0.0209633727183943
0.323334983949903
0.216077758518462
0.0340053509944521
0.19989403645841
-0.153286276913993
0.131933615503499
-0.252996499352957
-0.0276920846328263
-0.503499865947831
-1.012903000013
-0.330919823001313
-0.0724186364822226
0.236450795773514
0.32008839134511
0.396887143258047
0.207291384034819
-0.137195343464602
0.388502129751539
0.0876216232059036
-0.372219821460804
-0.235019915579316
-0.475848611391953
-0.67094562771914
-0.63807959449895
-0.840810660190313
-0.920986718692378
-0.960477961156491
-1.70663241956628
-0.856819220316768
-1.5849835153416
-1.99898834505637
0.235946586403851
-1.15522219614214
-1.27617864647487
-2.09690817681788
-0.772342516598822
-1.67410103825082
-0.207927039738099
-1.04449478376679
-0.950338412434685
-0.662030724766128
-1.03252822118215
-0.386574814447991
-0.180112457084196
0.0119036127041197
-0.529476299411088
-0.268260106387062
-0.0852673801600054
-0.312351347669237
-1.13186021479924
-1.02403569651764
-0.541217831515521
-0.47023697643188
-0.501150611331739
-1.4158987180408
-1.07458820254172
0.68473170565065
-1.02282526022769
-0.531977934668842
-1.63209791882996
0.0816260764294836
-0.958781927059376
-1.7012931891677
-0.718909961822629
-1.37447716027459
-1.29502399307115
-1.11203560245221
-1.6795826487483
-0.0127053620757219
0.466505041992565
0.142039428574533
1.13346974418681
1.10226868733682
0.651550756983654
0.326219632720912
-1.94003540092732
0.913919308425564
-1.09416412178634
-1.17480608374227
0.0593648279590613
-0.816233676947036
-1.41689241484345
-1.13770850898058
-0.0704834529353905
-0.454278538160971
0.642230158640014
-0.37136547032724
-1.29022262601571
-0.994690395886152
-1.48791386132382
-0.46261767945258
-0.845179369132081
-0.875547214671683
-0.380624229792408
-0.997498108987863
0.167444083076902
0.255467750339103
-1.18099031249739
-1.04422312232637
-0.596496942290651
-1.42786382178952
0.531061930541698
-1.26188256436516
-1.08689323716912
-0.537449620412291
0.0577952536990397
-0.166342124859069
-0.350856344125908
0.0502904881598442
-0.114466718822541
-1.45857105228255
0.198497847053758
-1.09035756916001
-0.386888842395733
0.19954725996023
0.654304707470048
-0.292494186979564
-0.0925562269069281
0.707199652100563
0.449040520615175
0.1192918248233
-0.116985839333261
-0.213017713167855
-1.16251716298527
0.283839649929715
-0.959145968900256
-0.286361260174384
1.20451633426853
0.128514076585891
-0.991044909927313
-0.773167326380993
0.721917016774581
0.657278239853428
1.27769003498045
0.815860404053311
1.1298273920435
0.0649675714949981
0.813341561121165
-0.394703801877932
0.21328030860961
0.985138607624141
0.360421258920067
0.924214526539403
0.948666962400276
0.844035712853792
1.70927375619599
0.893315225908909
0.789827089912065
-0.93446713924225
0.683414643080313
0.710115846024382
0.774862812419614
0.381875139650716
1.10875594905554
0.71800373790717
1.12201998996353
1.32004184392472
1.94804043231748
1.51272203682377
1.23089662223713
1.42475058529088
1.50867490600611
1.48377330351003
1.52444734611371
1.68728518797804
1.77520893421939
0.962603780099074
1.69842986319167
0.470434827276656
1.71212456172142
1.63315606089205
1.77845303741391
1.34246695372475
1.5979282006605
1.82157606634432
1.75089658761394
1.45933913571957
1.64750946677325
1.31871556251299
1.29576006109914
1.49248943978044
1.69792766701483
1.55430805124162
1.46606363431592
1.77328021012925
1.62530845432535
1.39547758644208
1.04837713718796
1.57134543366132
1.98582718467661
-1.60676368897198
-0.729550938761934
-1.11685427053512
0.123352428213016
0.0760509667979358
-1.20894416222724
-1.41540470564086
-0.963374862685792
-1.17476094343684
1.33628979368483
1.06710665506748
1.22821507882872
