-0.30101779766648
0.00646870512281373
0.0541358083978383
0.471172994366618
-1.12492336458489
-0.543191936137068
-0.544315675485334
-0.228694557639109
0.708005959021659
0.987846750457631
0.276034266242178
0.853833697356532
-1.26270662134351
-0.370389657777174
0.453655838223314
0.175708070438185
0.645919492507409
1.03103391460096
-0.00378096159806983
-1.18988086718928
-1.3449940014404
-0.410008823023882
0.65132461454195
-1.54849298168049
-1.69603359000384
-1.03491549751366
-0.887151732428069
-1.73718989762767
-1.71903337655243
-0.914967512378012
0.484373174516637
0.229416795988535
-1.09537289690094
-1.48456943960506
-1.22437952038163
-1.16434620158091
-1.02548432960114
-0.0468538498388128
-0.119254522270437
1.44892645887236
-0.248259704775612
1.27029725882854
0.656306084173182
1.17399466871555
0.176989066546359
-0.663149647159081
0.140126854125165
0.859681409750182
1.02797527860527
1.20345024379611
0.0483894511262037
1.5245908062947
1.04437435674362
0.713004152932106
1.05278782600587
1.6161024771319
2.65167155282122
1.94255691393448
1.3297814080249
1.49748701462672
1.58189020043666
1.19359763132301
-0.522498507500357
0.625973843421287
1.15793037829292
1.64637854937588
3.07457782997905
-0.198678229233486
-0.511222148630045
0.15283968022206
-0.541968510351335
-0.378496749065423
0.559513941723003
-0.129256459692828
0.48934305377142
0.276114342522071
0.62262584440439
-0.675489072777988
-0.476185566703849
0.615033163582865
-1.97233130912961
-1.8883041709498
0.315043922930772
1.43648736788786
0.923291610188061
-0.75276368179291
-0.467559169219213
2.2933731853171
-1.38235712284057
-1.64956660916181
0.990134586593788
-0.781632861329631
-1.50628085246169
-1.27372956294075
-0.293291989333778
-1.51448729863923
-1.48880229927826
-0.498286462844687
-0.819472827782636
-0.857347592846381
-0.660467901737516
-0.5472821237933
0.0693804806234416
1.02172759790698
1.03122765864317
-1.2143688471385
-1.03537719765361
0.391087126375872
-0.554813637382584
-0.80029594874131
-0.763068949807258
-0.769299415095697
-1.7483797147597
-0.370400419833248
-0.115997676788872
0.183148549548603
-0.328158041721023
-2.35766516600669
-0.317876388102866
-2.35987420302041
-2.53436147311508
-0.0040112855200307
-1.10475554549505
2.70731818270417
0.834729882917007
-0.67635190375031
0.270113038781822
1.45053542898565
0.69120201435454
0.307769383982602
0.164212471887393
-0.454566523040096
-0.949838887782473
-0.855536978897473
2.23132543274507
0.39931190725067
-0.453810832714255
-1.00205181717292
-1.8065119022717
-0.244405549207308
0.595456731623834
0.469022647555503
-0.815589157694512
0.154854543618467
0.0289711745842063
1.39609555694549
-0.788097654562631
0.423336495717422
-0.353602311265854
0.715505523526869
0.916331921001327
0.117826919449493
-0.161552983668645
0.0119301659686217
-0.305524707469549
-0.820678126495879
0.146809297180985
-0.555489896401802
-0.0864879268907551
1.24916067606652
-0.470523403797392
-0.661023414827254
-0.729344103885217
-0.495396458701836
-0.930435911378228
0.146846047315356
-0.264331844978204
-0.302912364547388
-0.432514739704875
-0.038217890564349
-0.392876873884959
-0.521848679790431
-0.532517819333044
-1.28664307514052
-0.824130399986835
-1.32209295282521
0.303573154946588
0.951700160446023
0.755003004522422
0.772937184023564
0.450271300357413
2.14746761874387
0.557213759666002
0.528580689095506
0.0038762847159285
0.110102840499964
1.0597445201079
0.739793244219127
0.374686497885129
0.282501375228723
0.367682306064608
0.626770590374916
0.123334061455185
1.6443212149002
1.22903227333769
1.07784355170697
0.525061609430219
0.873659125494448
0.13261797930988
-0.314549072452757
1.87002229340764
-0.389760945720954
0.274226529727726
-0.0470575498040413
0.528752231873639
1.16889123031621
0.0196242403547041
-0.444570155775324
-1.30067041572398
-0.191193755947143
0.0458440483608992
-0.503767124707498
0.794353792522481
