1.29261004892565
1.14337481404296
1.58329843681388
0.833068611153094
1.42533599690802
0.362958355633757
0.56399405861969
0.994072170385875
0.137166494846754
0.799972296793838
1.02164163670658
1.59284448124716
0.692865411666966
1.22592614276966
0.464114021290495
0.567847911250558
0.0938769317063383
1.87393388198408
1.70379248376469
-0.161148654211406
-0.382856716955867
0.121174144515959
0.16661600434123
-0.311764280188752
-0.179957034386937
-0.187407897596099
-0.522449773076112
-0.89280276222517
-0.300121164880217
0.237494937093482
0.510739703722638
0.890289756485328
0.0204866259986418
-0.340674572856247
0.288103433015744
-1.25829654225172
0.337883491353673
-0.730442915440771
1.60777045461654
-1.10197455304226
-0.709872132117782
-1.02520388801632
1.31476068936761
0.179221164153436
0.4880163474113
-1.117715095922
-1.08230647539464
-1.09998544354701
0.887264709586922
1.66013890748567
1.33895278954752
1.64324186635393
1.86659966855378
0.329217189269171
-0.178399808927828
-0.701209610503432
-0.994768183037715
-0.722604571102986
1.56697883106431
0.870058750454802
1.22480263505109
0.956588306336017
0.903604490147204
0.327131440327065
0.224343892516317
0.0527551619992633
0.693895764561217
0.306002950112287
-0.52803177927156
0.982121148695639
-1.69664588525554
-0.607789659474344
1.52466703886553
0.834740239784274
1.07948082701827
2.02622906495563
0.599103904395564
-1.03847341057555
2.18666013995683
-0.979478666046003
-0.479841565333714
-0.687460665846318
0.41447715992833
-0.0699194842710109
0.226984721405187
-0.727222727724975
1.76541524660228
0.753260410251637
0.13117581444099
0.554667969466499
-1.67277509383741
-0.153027935005136
-2.26659812303276
-3.14908333289628
-0.750442970563038
1.13523022239063
-0.0451752200054381
0.56436665511179
0.996848314453553
-0.150983962203844
1.70747273902769
-1.20614976393493
0.717041783937804
0.974205725351149
0.399074823943613
-0.0834166149420316
-0.97035703784204
-0.875602043111511
1.42796623371464
-1.09009312772802
-1.00183858308188
-2.45343634950081
-1.28219535111232
0.32202915700173
-3.41566573718729
-0.119653442713349
0.115935376260022
-1.16095036176559
-0.479926197577951
-0.309081712721887
0.529306283124171
0.594835945281979
0.429191813177825
-1.22392874739642
0.0577662574604236
-1.32518891630744
-0.199877427060869
-0.546353924276808
0.0644229141990502
1.0835177605786
0.238587097845061
-0.0102728783520042
0.237045344518735
-0.31058403460749
0.517108093502091
-0.629529105817526
-0.360364880683224
-0.0421462769186576
-1.04341801706006
0.374156246990588
-1.5830626803127
-0.703369283599768
-0.4914800293611
-0.904633153520274
-1.74221234075374
0.916527112312727
-1.35669635396099
-0.795765842687948
-1.14561121478075
0.243605901510164
1.60840985457749
-1.08215746115931
2.06667023525858
-1.57192924477526
-0.641174737447741
-0.541376605490809
-0.439958398592361
-1.14607384567713
-0.584396289067559
-0.0399597538990748
-0.707565708300887
-0.996759412009802
0.0208273782233279
0.220834512838485
-1.65269244690961
-1.01223355646893
-0.767298377083049
-1.10224351521158
-1.03464130368329
0.885344818318601
0.657759576349008
-0.386152812710289
-1.61969687673545
-1.3455495355797
1.14216808284645
-1.37199961274081
0.997358617382381
0.768184620862215
0.175646946864224
-2.2667552925621
-0.48295241175808
0.50758344930588
-0.699554695401401
-0.216659354906522
0.200320466641736
-0.103069274268692
0.0575589316065105
0.982369602724847
0.380414908356932
-0.937873663751568
-0.451431998451926
-1.13125005756703
1.88581684894917
0.741325668136026
-0.35784891143752
-0.456918116441389
-0.184820317689887
-0.123167152021163
0.752500148648853
-1.74315432753941
0.252545542404989
1.21853105066642
-0.180087953203083
0.159989614773448
-0.0212071605844141
0.274948829405466
0.143588830436949
0.667416526652321
0.274472352209062
0.55501160672218
0.755808182513329
0.53832036578142
0.26460281995928
