0.308577564257718
0.393841839174192
-1.21425659970397
-0.0109207985135118
-1.35167578217961
-0.0228604314992547
-0.124504838897767
-0.214614110238948
-1.42835558567393
-0.332336771136178
-1.2210306805376
-0.0120568635405285
-0.39048091100761
-0.417131755797153
-0.475233075446907
-0.513718650296126
0.083269612385595
-0.822350823331718
-0.201952516382651
0.689119103571093
-1.04641482925829
-0.746820560504327
-0.399778503653083
0.194416249253938
0.698257152553408
-0.779097022472623
-0.831360818277218
0.805380912587743
-0.198893954710186
0.0944948102830904
-0.670704000629757
0.0126457196695044
-0.361009926318418
-0.149892739144908
-0.874943934379285
-1.43631840977675
-1.64300483690931
-1.63929499559081
3.04666972739645
0.109948162361446
-0.684046262682541
-0.807188763894008
0.29211996806547
3.02071073604955
0.794055429208166
-0.923380610988887
-0.0204428689592015
-1.29357202300605
0.0713595804036231
-1.12340621937175
-0.841116178440216
0.143697244980599
0.626879058972663
-2.01438781896154
-2.32147057386139
-1.38968155154357
-1.15366307627656
-1.74807319705412
-1.7399668043104
-1.76412224701313
0.247330449949698
0.234047970529564
-1.36284404048585
-0.842652042028716
0.125586001466752
0.147652428867754
0.711636301826107
0.805781042676177
-1.62229805873876
-0.245014757464669
-2.04299219886308
-0.459109414681907
-0.652450487135347
-0.394036081196738
-0.908464323453162
-0.493140125139454
-0.519378567248422
-2.45455459219845
-0.258192151260508
-0.42841449641137
-0.442697468883428
-1.17029493277151
0.378248550608849
-0.22771305097655
-0.760899312476801
-0.6970449033022
0.431843987342218
2.6033525886446
1.8827037070243
2.04593700265475
2.09185094890215
0.341984058198209
1.47638092981289
1.22119749811233
0.600050309813775
1.45269187931612
0.830366703686362
0.472099447074022
0.920088766569337
0.943810253705705
-0.0103139306918318
-0.103872411617379
-0.228490725319962
1.12314895920518
1.05977166667392
0.877449311179802
-0.297524302523718
-0.730453163568182
2.17864579935795
2.20727831305879
1.12356756764819
1.29430350803903
1.22753068811342
0.4438331539297
1.36368727949649
0.456293013464178
-0.251779117643908
1.39658279825016
0.522845135914086
1.4127304301138
1.75264349274751
0.665571853079368
1.21888025950786
0.000610848542833105
-0.129889588917799
0.309025512193167
-0.399839739707719
-1.09634288971758
-0.182088555482102
0.680326116671435
0.205976263662751
0.989511423113508
1.09284194962964
1.05682772229777
1.05162804557999
0.823245219634973
-0.373187745618274
1.68841808473993
1.16043634660926
-0.0759512340530408
-1.11022025597613
-0.218862402552267
0.20416929464212
-2.52074098058753
-0.321326783554812
0.592076804596237
0.380218488159082
-0.13149413634172
-0.279745877756159
-1.89444206167744
0.244440801329276
-0.959408103330517
-0.678695020509731
0.406498389872456
0.117248983049827
-0.682727923961751
0.0347062564928508
-1.24977473056579
-0.88673498495734
-0.726017437545417
-0.833702251374362
-1.25537082499282
-0.640165087613839
-0.59029679356934
-0.576721483880428
-0.627723032416133
-0.0913773900358327
0.102842806628664
1.67613672048326
-0.480769389488145
-0.634440535317637
-0.374155013228157
-0.780996278446894
0.102060004586775
1.16621123856112
0.768140304141651
0.529518925411151
0.374786101787556
0.32970022526205
-2.83720186994491
0.202936161188143
0.097727405262945
0.648789102217532
0.0723970486395722
-0.557922336332407
0.213352862952271
0.96681761729523
0.366251179682962
0.0828920283600364
-0.403779419911391
-0.25895040123078
0.52320940446291
-0.282161316840884
0.796570444633894
-0.848460054337512
0.624828084042566
-0.278701825957671
0.0655355308481357
-1.3772489174251
0.808020317786576
1.14938826611949
1.099818696034
0.88116570007808
1.07936246462177
0.705942244989442
1.2770592717434
-0.0949827002129326
0.606363914617663
0.865987352912465
1.21226803655215
0.361914745014521
0.214287466721396
0.0174398014320472
