1.26356174993379
0.714478035170127
1.38265361412463
1.52114192265431
1.20741171539198
0.291370190244786
-0.233286586527152
0.896687340820494
-0.396136145217503
-1.18722083028858
1.2609891405798
0.841084199540714
1.33737268724062
1.08468820773733
0.997724592252083
1.05493334134915
1.1063567452769
1.36238960635056
1.01736697971843
1.56305544312766
1.56026019376126
0.88900511851091
0.522354276941651
1.05267663724371
1.57890899747556
1.24037658606271
1.12117632969772
1.47525357912082
1.4056635598557
1.01185803418965
1.42214234007442
1.25499521420046
1.24875710190509
1.89146325353884
1.69309449567856
1.18004181783423
1.50744237384257
0.725432416168368
0.133169836241958
0.313198068891375
0.493365244226168
-0.590351477126095
0.495884885691148
-0.728461233834727
0.552853243845081
-0.759416252339337
1.09310964809437
0.896653003082626
0.0606530433354613
-0.450426785601111
-0.850967612297523
0.450292623541573
0.989289555818258
0.791703102943733
-2.28467172665547
-1.07460184913242
0.200574320134464
-0.126349456168396
0.263821330472893
0.756450590346754
0.814158581147928
1.24529748777546
0.826805947756528
0.834754638246311
0.74458488392381
0.610238059572408
2.07292838921188
0.797805273221803
1.07239792216425
0.54743570761262
0.443565895460764
0.248372947705932
0.835714341736555
-0.393795312930354
-0.0187146160771928
0.389985548343467
0.706507709457857
0.141600949669864
-1.23350439199278
0.585867906789008
-1.50534990331174
-2.60915459703115
0.73237717428724
-0.226701543059018
0.687905373644961
0.416987208416573
-1.30389863776016
0.304899399209185
0.0415577995604229
0.139568290920651
-0.0116187518837769
0.1256457261474
0.0148135912677157
-0.0943122946568548
-0.0616149918221449
0.00698569173923637
-0.197289650788025
0.103068102236069
0.0433856594435483
-0.105453188912491
0.325831665806291
0.366207820562813
0.175928276382835
-0.536840952839183
0.440217417524713
-0.196671209539087
0.0183644277521339
0.876615527928885
0.344723386246564
0.353450638314677
0.524646436038329
0.23829766060068
-0.228571919420391
0.0336556203102703
-0.503692314891889
0.316900551554636
0.282155612601578
-0.363710601858718
0.0573129509698007
0.233740724482728
0.249431949427721
0.0587692502130283
0.810243724038604
-0.730596155127382
0.275710265843613
0.413127643877536
0.580366713983164
-0.466451022907097
0.151288251037308
0.967597208664627
0.551668818658979
0.27783298412915
0.671288992797921
0.0958232744895838
0.218764470187194
-1.32046331515859
-1.63749230575229
-0.735899118097157
0.307467110578061
0.392986526491262
-2.04595120684263
0.577491732711124
0.0721922472812599
-2.3009805699161
0.131342723444085
0.099659248804407
0.612107642217253
-0.100581999905422
0.292175653663435
-0.260696555375382
0.148298915967679
-0.642617726894977
0.426618976667096
0.197726794599662
-0.251483658689976
-0.446241704374684
-0.91626938834338
-0.286921915962064
0.462632566786771
0.672436661421468
0.353411014371956
-0.0957393593138135
-0.0993093711808006
-0.211196810986443
0.113614014500518
-0.934948546301287
0.485815396581305
-0.243823297889636
-1.3561733916544
-0.84506668554279
-0.853880667942464
-0.467213430139944
-2.31395264779937
0.195310912903914
0.118970836496007
-0.906757047110656
0.239890275320914
-0.822148473350133
-0.911842076648404
-3.69024801898115
-0.535438309879464
-0.4119322326602
-1.03700217584036
-2.13685170444835
0.236214001301512
-0.50436288922847
-0.285421109852957
0.250979189631396
-0.401112193114082
-1.67998585876813
-1.30905390018754
-0.404521895158332
-1.07887653915599
-0.360791740467692
0.362395050670281
-0.188526360837802
-0.211725645967403
-0.0375776041343968
-1.29624006138177
-1.52070894949382
-1.09245458812515
-1.27463448719905
-2.47349209204789
-2.17603042659831
-1.90241286229948
-1.94752588290864
-2.59931760437827
-1.71352045104274
-2.90124216992922
-1.35300346501656
-0.874143254840787
-1.90230514758989
-1.5921593930837
