-1.00390011845745
-0.774259361113126
-0.532032187760027
-0.992757476112788
-1.24926017462964
-1.20676173387523
-1.2417107699387
-1.12267039742417
-0.857785045384061
-0.579614165300694
-1.1422957452591
-0.400650693276037
-0.963896775218444
-0.804315605250179
-0.425746594456966
-0.11896078052867
-0.306953186873707
-0.806771235087144
-0.572957636040726
-1.1811583283499
-0.929639949867029
-0.996980510647483
-0.929149224767272
-1.40612319627535
-1.15920788875851
-1.3770561929017
-1.7790668612198
-1.00234800335621
-1.42913513503352
-1.65574030735763
-0.95903351831968
-1.31815248178563
-0.838965314282965
-0.910346705121646
-0.687358643113163
-0.926479639101842
-1.24805086088536
-0.974006535684635
-0.64249791207661
-0.443403283933751
-0.838314401682975
-1.09924537459367
-0.223871875838916
-1.12692295155462
-0.885454715082687
-1.13103718846551
-0.939252452252063
-0.899365007721881
-0.286069511842603
-0.718912901990219
-0.5634760788802
-0.621550037856834
-0.261161371645899
-0.649461402853388
-0.783878179050069
-0.920993304247368
-0.751541894996263
-0.876046379020591
-1.03850300946322
-0.789043077226656
-0.512190274966155
-0.708654382742517
-1.32499667021846
-1.07392593800485
-0.652418459230207
-0.37071875220042
-0.83496353597836
-0.0852239441235133
-0.836594731317711
-0.740942909064205
-0.836097740506328
0.156037759758062
-0.810810964037867
0.0526691886380913
0.499927297942961
0.0768177423869347
-0.587605796191558
-0.33257520166023
0.608163294067621
-0.175750725516017
-0.0329013098512235
-0.114754199605872
0.975732126625879
0.969310693163923
0.92465275085433
0.240189577972544
0.490008745019146
0.654747236888035
-0.398223775130382
-0.534994929770466
-0.128425444398942
-0.363776974431169
-0.526991423221605
-0.497018230645007
-0.851628701107688
-1.43458171512817
-0.918661068373176
1.12856781382524
-1.18058280808419
-0.786857943738549
-1.07173059480513
-0.544162872467631
-1.02144686960838
2.02510925206636
0.0102581929330142
-1.43427366022843
-0.271017701210731
-0.0111093733415692
-0.784493065204958
0.228888741727129
-0.0957876134036875
-0.179286024233557
-1.5611195343341
-0.383987858906478
0.263239012973496
0.538470782133721
0.166511003881131
-0.95532706953242
-0.0901147838827906
-1.92430461275158
-2.12522779241744
-0.667366237454
1.1921179846868
0.587403659358364
1.0476847618814
0.826136240146949
0.524248689341417
0.847501837578523
1.0035479319676
0.503049449022253
0.565687896425399
0.949523335773337
0.989014565062673
0.863149186282353
0.924660287505701
0.754506146070938
0.902559894636229
1.24714699649757
0.536579942153773
1.39688685294425
0.63895763535752
0.759667022721368
-0.370140204800017
1.08164100158086
1.03777225980344
1.96757342002005
0.0978782565187981
0.249299715841229
-0.0697431709502584
1.20738567529469
0.253575469176519
0.958252019909858
-0.0817853444668341
0.0429007023694212
1.36287833705191
1.36182243471489
1.8141490091984
1.26861197248398
0.888232448074788
-0.0375692603515003
1.61470499764989
1.33848745968291
1.6060185579986
1.28908623592414
0.837423768724203
0.781537133449754
1.37826577695683
1.41474096562444
0.343689080485441
1.23521894576929
1.12510764162221
0.894171804522932
0.101326268476266
1.53098646400245
1.29574856160368
1.59436914935812
1.79252490909023
0.111233426311173
1.68748544981831
0.940738008804658
1.49153078530076
1.38010638707688
1.42653635858485
1.62251421531263
1.28783006609838
1.71268438305635
1.48268819660771
1.70551988000868
1.22181107024388
1.46069933503761
1.45014595695974
1.69534378175879
1.63043852432493
1.43399795994719
0.657224475812349
0.841478987936615
1.16179364900349
1.13669868540832
-0.545486084464965
1.70102114756224
1.84307984355913
-1.32128951470294
-0.330045084540356
-1.17578246788104
-0.140968610074959
0.978066729772755
-0.891460389189158
-0.995288333044939
-0.707242965613916
-1.21531040447183
-0.393205491144992
-0.389656971754128
-0.155479473987966
