0.505755431141128
-0.0378479260714115
1.07358558366621
1.51220083967309
1.59666282324201
1.33646939888392
1.28564042631681
1.28753861035445
1.00236234438404
-0.426028098967719
1.66112657351677
-0.190247120471476
0.825209959467036
0.584686532750627
0.446783741587958
-0.0190818953529947
0.248637925290472
1.16416874935254
-0.0470710595836877
0.786170403038789
0.0465079130851481
0.068703634486775
-0.166001375942695
0.768562886634515
0.611131020984272
1.38449544472474
1.29771796365439
0.677427122277138
0.972990729381362
1.33458184786053
1.1122291462317
1.5744358223886
1.06877209636668
0.962539490966851
0.946301709057359
0.684485891189479
0.785517066482017
0.504331182327453
0.807421290719525
1.41651135840134
-0.208893424876172
0.29971519916093
0.320031339607794
-0.64649441976045
1.20104470069727
-0.577705653601857
1.50919022671518
0.992661040266052
1.28105807018811
-0.0368662179971719
-0.239394985476599
0.404476625433851
0.670575497190613
0.650647373563896
-0.567045130304957
0.0905812015353269
0.215267795875377
-0.301787695704355
-0.138905523064099
-0.714811022629406
1.12246395988569
1.6628261004641
3.17503996537451
1.90384122835176
0.667505816740312
1.12203565578145
1.87715151477264
0.999477284262536
1.90370638549611
0.23390355049572
3.29807096414925
0.745033914805133
0.785084720328347
-0.785076978956798
0.230723413284659
-0.0987795266190447
1.17371116133825
2.2259275922924
-0.770474405389464
0.555530749104544
0.107470110552871
-0.592837954389668
1.54532097100252
0.32065361220666
1.27477083370475
1.25134749846322
-1.22083650619593
0.603870286953881
0.344510271764233
-0.413827066847018
-0.442024815171778
0.585003525455767
0.970154171194513
1.26114734897326
-0.647658663605581
-0.527685737612927
-0.673882497418424
1.01355494183402
-0.343779963475841
0.743622625992123
-1.60902304529269
-1.85097968352806
-1.79924182294395
1.04834755225847
-0.364639791009882
-0.952760374268324
-1.95779244030763
-1.01582718524243
0.0828274770811242
1.65094154114613
-0.031525912040884
0.317539954741485
-1.51396010537091
0.183538235952697
-0.202905920250967
0.329999795793984
-0.951107253657685
-0.489440520757988
0.00575780771684474
-1.19940418236665
-0.925096322779573
-0.166156758535929
-0.813785239961731
0.513673688018998
0.622993623977198
-0.466104001105224
0.592401972096538
-0.192614889340707
-0.0239446179892799
1.28547591627365
0.523047018652213
-0.440850592874545
-0.737697643505581
0.414599156705195
0.751262448197866
1.52284539581949
-1.36450557339764
0.0140312794141645
-1.18755559618354
-0.522385921993836
-0.730649088001642
1.0057014416937
-0.634900556117135
-1.18745863371234
-0.944175039930824
-0.0490304767970507
-1.38191939969252
-0.922950398394594
-0.902221116345638
-0.393714083268225
0.709193299963563
-1.52578008914553
-0.509320079462597
-0.0487668934763506
-0.625022913016394
-1.1881762878081
-0.471244716921269
-1.1628398198167
-0.999994597479976
-0.0455906551858815
-1.53866582169352
-1.50192244021014
-0.687492399930549
-0.937101146903907
-0.879484498052875
-1.15635440248123
-1.02545776408921
-0.735420701366144
-2.02871964322392
-1.10920098961972
-1.3096741140585
-1.58073563067923
-1.45619470712188
-0.819954561115773
-1.9198514471683
-1.20042328031895
-0.561183282885713
-0.891027429429936
-1.12234149164144
-1.46406426983953
-1.00979109978262
-0.0891507640152772
-1.56855055662408
-0.920012472192267
-1.15591975298967
-0.821247338957551
-0.294639096641157
0.977438578253726
-0.749789497654704
-1.10216176773542
-1.06916995595526
-0.361954982531475
-1.15210471555353
-0.0313791695653368
-0.73391762194357
-0.510490923636263
-0.634215554374526
-0.0816966826316746
-1.56211154371868
-1.11541775280552
-0.0774875909724894
0.379157494704363
0.0831626868988905
0.479608142143134
-0.760243352459272
-0.476628162325143
-1.26134406252994
0.147392242511822
-0.106991401504848
0.700419708000076
-0.426757284013579
-0.129424361634638
-0.555755271815782
