1.12419389992396
1.19293646533075
0.396222636988172
0.491702323566581
0.476930604491063
-0.179067366169208
-0.074114627637229
0.0556253630504542
0.0504801249953668
0.879090137038103
-0.0266408789168029
1.57671193142505
0.302779999048778
0.795372995033324
0.277677897769081
1.31036609911444
0.494788033803805
0.645981917811384
1.15579177893723
-0.357812487775848
-1.01193916704255
-0.57178605736975
-0.300811310098967
-0.30493334430615
0.454963353293516
-0.182940587879352
-0.00211934653994039
-0.169844343208009
0.017814692011515
-0.351186632335574
0.124664458481429
0.0924173675284655
-0.240618303970588
-0.674603599132303
-0.08613679910631
-1.56735108550587
-1.22983749164943
-1.49307341805038
0.666568656188639
-1.05305203763763
-1.50541303384049
-1.48786608464082
1.07881606145043
0.0753434707321697
-0.459027558477258
-2.45462247620205
0.352869347688769
0.61176320216398
-0.449004683841886
-0.378984877913912
-0.146140483117601
1.69797266581902
0.254585149889546
0.855272972232768
-0.224871536658469
-0.884431564253349
0.555112800838782
-0.767712213181992
-0.918332436508754
-0.352370549663509
0.128263780463915
-0.00703316321947592
0.339236625158317
0.411005167095934
0.987288154281641
0.197681785177583
-0.0904770399209096
0.517119281001575
1.63877791765308
0.351734224007005
0.676942004864955
1.08972142001672
0.840461013955504
-0.146904861303158
-0.684746742521589
-0.0136998629295631
-0.663504392225013
1.99350420197724
0.00305090827677838
0.786348880511939
-1.07443136535487
-0.700004138747717
1.78297430084403
-0.896635365415853
1.25214173418533
1.38856844392211
0.270832270293078
-0.503738674992586
0.10069340233186
-0.0434246109571411
0.349271394450875
1.3745148500949
0.511106614953503
0.61985095657449
2.18591684311738
1.16716970578492
0.1815000083289
1.73289475807974
0.462769368617371
0.345329843098459
-0.530699585788407
-0.287656493948655
-0.576156801848265
2.79366729107687
1.33328838307903
0.958339167156286
-0.584593627556814
-0.496311943338708
0.393105739949035
1.42091804844647
0.925396387360673
1.07760915321486
0.0674930180280228
0.632995175378449
0.409196162204645
0.786421275380358
0.686632431217912
1.09475823324459
0.89609500881396
0.0504274204383199
0.200111096093359
0.724216798212047
-0.0692133576242117
-1.6610232986569
-0.787466991876837
-0.351018834218878
0.761969517988152
-0.328845147339127
-1.01471574788624
-0.740365166316595
-0.412660845513732
-0.503609163698784
-0.708881345949695
-0.559877896767273
-1.21461535753116
-1.60222937337432
-2.0386095333181
-1.30503726555578
0.045527501018647
-0.536726907348047
-2.37137762425681
-1.3799127791641
0.409053259044458
-1.33248267848768
0.137672914209184
0.748372213187315
0.320721900375105
-0.0241614536503559
-0.474534833186497
-0.693422993223968
1.61941746943226
0.26362429405989
-0.484341603966376
1.51671499132365
0.394663097340645
-0.206499571464455
0.493062506544969
-0.0856128675948915
0.116410417543489
-0.232819919728599
0.618769478612468
-0.075036215744921
0.174319208958747
-1.33402008159138
-0.353027677079506
-0.480689346166766
0.415537015840031
0.322488463893563
-1.93714814701179
0.682343105522716
-0.158949711836148
0.235676919912189
-0.855348277228111
0.377298880752184
-1.40039027170508
0.971950748448152
0.138417104070117
-1.68352843759534
1.08944579324216
-1.91060644964065
0.873148365016317
1.48376911697039
-0.580862226532654
-0.0417635504615624
0.8032867365971
1.06355438478052
0.896027401493409
0.986930457939969
1.14094717714836
0.16917364463353
-0.897877018771327
-0.290893978748665
0.601645341949051
1.63064968107228
0.227389705776823
0.810134775479868
1.5513889331179
1.34610403029922
-2.38389443444525
-0.197139215303325
0.332336177407022
-2.75056503594186
-0.803017094333769
-1.90496236684728
-2.09211197989021
-0.816081253077573
-1.6716089403476
-2.24283492995899
-3.03582720106559
-2.64677176558139
-0.381677077101338
-0.942071304780766
0.223331813126535
