1.13259313074181
0.154426969022937
0.727363863354323
1.19358810389738
0.368191363091246
0.691527755041686
0.647894761575511
0.779565894644258
1.22038100702545
0.119798497874703
1.02258266723716
0.775777975659253
0.842763578715719
1.06869071906418
0.349804470809508
1.58176753138066
1.12465600870633
1.51545427953291
1.66457650544854
0.511193146228305
0.00566985762500871
-0.456098195514999
-0.13631335341045
0.169556847031522
0.757586503541786
0.236966279548329
0.208268529715832
0.607361439597906
0.371738085235604
0.477690083053893
0.947362538523043
1.01219334720663
0.597457273405961
0.778457575166972
0.628766113034104
-0.171515560251292
-1.03747970415371
-0.125339592442216
3.10612171369268
1.31683474613982
-0.991077718409275
0.0658783240284986
1.10097768014317
2.63588659252126
-1.11786192039552
-1.00085290342557
0.508055768869644
0.488247465222326
1.06945373507027
0.485215555326212
-0.244610301967724
1.80316269263229
1.35415437064899
0.931012173501448
0.23238250348266
0.154680970284891
-0.139174029028324
-0.435370381454587
0.116312161179468
0.639672421944882
1.35508957589155
0.604313668283968
-1.00113168652244
0.0547640417744512
0.90995622812314
0.724686017684884
1.41720759812462
-0.812469989626517
-1.26629726265443
0.493991109801067
-1.34169900646981
-0.578720015635234
0.6324238901229
-0.181793122298031
-1.41133241562797
-0.572642847664409
0.228422269159535
-1.50594023460648
0.707895325295453
-0.945630438025151
-1.16914472038936
-1.85663040859695
-1.541002351964
-1.35755122874129
-1.56731163784412
-1.10620413369461
0.403283866101407
0.938777011663508
-2.15114046335985
-2.0289670652153
-0.982547172064518
-1.54507546084444
-1.58977786898275
-0.716850757957577
0.584245653820789
1.35563738850427
0.405847348399855
1.76724336303829
0.0197163375636133
-0.771524778659467
-0.491802335952747
-1.53724963906292
-0.870204535687609
3.31886638347558
-0.777322474091097
-2.39967947183549
-0.832008007135056
-0.144888400732897
-1.2309963387817
1.37119532952138
-1.0859179491784
-1.36933182831688
-1.02559915923912
-1.86141486301815
-0.74831234226471
-0.378367719396473
-0.689663326978018
-1.19059806285718
-1.356629024069
-0.527790776734387
-0.991808730570415
-2.09898133603512
0.107426236025334
-0.162458387336194
-0.321577596443692
-0.381338714246298
-1.48561893458396
-0.543801343915858
-0.303326334259308
-0.0871835767977853
-0.475285627189263
-0.0778054043669052
-0.855083571166141
-0.0617662352745041
-0.89844745746317
-0.0267470859070683
-0.181092606111301
0.0390572760269652
-0.345251394398802
-0.41104014872732
0.0540717732794678
0.642534906475068
-0.529731992685243
-0.931124486100789
0.398570469185205
1.02402508807402
0.108385922198512
0.099240038966357
0.599903904544354
-0.547120796397427
1.18696492646616
-0.226477777099702
-0.58262854675736
-0.169764793700587
0.477002055308825
-0.349225786909566
0.68628296399024
-1.11011217681849
-0.211586640998633
0.0709591906684639
-0.487162796808054
-1.01593122762261
0.0703833315014077
-0.70471439164948
-0.241828363670739
-0.722318948372429
0.561396971917947
0.650865258919561
-0.957415276045238
-0.565229029863034
-0.434724490085144
-0.707176007281876
-1.19819692459741
0.021930743272547
-0.140413016285282
-0.111325724695704
-0.507416149190464
0.941944720061073
-0.242702498196632
-1.70047444805117
-0.454636276682714
0.396228539848119
-1.28028580867912
-0.066454377972952
-0.968619903663239
-0.308930059244023
1.25666088004446
0.125569390247016
-0.296032577150565
-0.470202957826483
-0.484791448901393
0.544209616270701
-0.230316307122214
0.496598296065548
-1.88913249293273
-1.02308428407096
-0.44301774470279
0.189948348473537
-0.201690503379212
0.197708646262269
0.0624984725009652
1.72029907966985
1.95006534064199
1.86255169412011
1.22442996450575
1.8378569593563
-0.255996277789462
1.35606333166056
1.74617180289851
2.07074264903748
1.17426848467464
0.513980772754753
0.791380749332955
