1.71037124023359
1.68262220579257
1.45507964428348
1.47247149048298
1.76585016436432
1.2129986482098
1.37483549529205
1.37824858881398
1.25504802957412
-0.91263500931639
1.7021338428188
1.84695613956168
1.67159555582827
1.52505621173155
1.74084566533862
1.7847588103969
1.90756991181745
1.27941064716315
1.48301590885332
1.32575461521503
0.9026683818434
0.783256276944554
0.622985263836184
1.52864315429067
1.78401597538707
1.78025734870099
1.84827335918892
1.09469863554632
1.79758920151828
1.7355027363866
1.51460512967682
1.69811741908086
1.03606198341235
0.915673708786921
1.63817689215711
1.03863337127086
1.70283713556332
0.290279225980456
0.192214313906749
0.687302940737054
-1.28173219381656
-0.151451622843904
1.31069158933321
-0.145462407781033
0.141867552651386
-0.902011901297118
1.20981400628294
0.778585494089402
1.138592803633
-0.888395650614178
-0.854189037221708
-0.19393802079646
-0.463399485034758
1.17169188649634
0.268617248086134
0.203882140784498
0.529792918023044
0.391257522150162
-0.0927994215519404
0.108281968673622
0.624759558187415
0.919557084011532
1.13921109146065
1.05641281587871
0.82381000818121
0.381547391786482
0.278438792468456
0.755587071872574
0.740787357030843
0.447102030439787
0.171363874870235
0.312311929345399
0.963445335338067
-0.201610138930977
0.477903595098164
-0.0704244987168756
-0.633688933848964
0.16560566878412
-0.993920402206852
0.352669594004293
-1.21074948276523
-2.83477956141892
0.522701221868675
0.36387298751017
-0.0749064896121033
-0.107992684497967
-1.411648093484
0.297304175134134
0.316431225060294
-0.00325713670868717
0.346318221671032
-0.089026178909187
0.484348947309447
0.523302190442428
-0.116891847923641
-0.279627496168993
-0.697634471363762
0.0941295074108825
-1.12072009424787
0.264085869293987
-0.546477625838
-0.248367514781803
-0.703236856728149
0.525690909664596
0.230189941926827
-0.471505496875001
-0.284008224116021
-0.352999370327302
0.838056330536537
0.93579461393808
0.588948031533594
0.491029576886389
-0.770799332744555
-0.168104976510119
0.144137813978953
0.274707173093975
-0.350481939714018
-0.0108498290690489
-0.153970637930531
-0.259668861016172
-0.133910648771526
-0.0773637173166256
0.647618835284723
-1.62661298212828
-0.434755422218614
-0.140034165440078
-0.0360292146301059
-0.747088200315985
-0.168374661976745
0.513346565755334
0.245896261666557
-0.112315167743402
-0.225035113873871
0.189350382520788
-0.382900597802339
0.250813508329943
-0.492530512228935
0.286739662385099
-0.325634818845354
-0.767320604695695
-2.53886229094461
-0.0842152252836142
-0.527898437557935
-2.3231584164159
-0.424605597786983
-0.946104429657726
0.464098273274877
0.234573996182736
-0.134713226875534
-0.313806722181972
-1.08842014429243
-0.753473022263788
-0.602001159028435
-0.457943936863612
-0.213791935785606
-0.970515421027685
-0.659931175126311
-0.795367941024892
-0.160762673167825
-0.0340367565957114
-0.66525614791169
-1.01345898855491
-0.860082732710012
-1.16571888085869
0.112337104312395
-1.16160044148876
-0.521570776680663
-0.463761028730974
-0.509565159168565
-1.15069427456792
-1.05409857290889
-0.730590503431333
-0.819628018612952
-0.224198094852452
-0.425949136984259
-0.671860102817455
0.469318604246564
-0.703619543407296
-0.500364475504229
-2.39359421172603
-0.0877030332570059
-0.618509114769389
-1.56629860652893
-0.546237967403603
0.282939648034164
-0.0549882221752719
0.316731746181352
0.724789895224439
-0.104753724984704
-1.38176860200097
-1.08668065750653
-0.245602693650293
-0.911408673589818
0.0108697505125862
0.184531497429961
0.292380382619859
-0.328382561002755
-1.02680369748131
-1.25724743922955
-1.30836895171931
-0.528687767900933
-1.6900736224773
-2.8105619667499
-1.58243344735815
-0.212326899582514
-0.921531579434718
-2.27548496134916
-2.9774006408679
-1.32565148066938
-1.62442273737273
-0.775215032155412
-1.15271575128385
-1.30764026015466
