-0.249831032759596
0.120069614386058
0.158207514416662
-0.975574859715899
-1.2181091813041
-0.654718958879135
-0.832546123557308
-0.851492826733478
-0.681911610217601
0.679505356273641
-1.25352812487506
0.334946933328453
-0.206133471771779
-0.418899106864968
0.817297793692655
0.865338372644046
1.01034609560857
-0.276113051091185
-0.029890650543619
-0.535831701031086
-0.239627172561904
-0.253829424977575
-0.31268931722614
-0.353994443510556
0.371768703462062
-0.759471319598838
-0.942798834775226
-0.195792776431164
-0.150804016482389
-0.64300134828634
-0.96559906705992
-0.925138666837142
-0.667197596428639
-0.870903815077655
-0.672013155746711
-0.677159242517198
-1.57093588087734
-0.459660160124475
0.600611103921479
1.19496042840759
-0.909585783414937
-1.61015248434648
0.928631288605233
-0.225483094176393
-0.534612559511091
-1.04392592942402
-0.585882903866388
-1.04330144734715
1.08499369204114
0.165892682767219
-0.179976397405851
-0.0391357078234451
-0.0688083088414744
-0.499038316965234
-0.244574839701669
-1.04687227486751
-0.0735962910949988
-0.283202276399571
-0.560712022989916
-0.270005853459481
1.09716526556222
-0.174501475545489
-1.11494547622568
-0.57168053433958
0.255756324473849
0.297900761529823
-0.802502371064888
-0.114131980752347
-0.646639372500281
-0.187522581066684
-0.023809566384166
-0.173793681716162
-0.161163702610049
-0.387563326927084
-0.160764203736019
-1.38735570027089
-0.568722805499852
-0.830084851343804
-0.19319507346605
-1.38847427941438
0.251736327248585
0.248817522313227
0.423223475638615
-0.217691211809944
-0.316682382383722
-0.357185363119448
0.157017358342293
1.14744908779456
-0.476746078627825
0.17152811889508
0.75171167801092
-0.621954215655337
-1.50187703756509
-1.11172765973239
-0.365366870209583
0.013362919787987
-0.112981984007279
1.57411600602878
-0.716224571024726
-0.357031929651445
-1.16584549671331
-0.939778641687526
-0.781112457550714
3.16237556976578
-0.808484394618612
-0.942156726461797
-0.664040956588414
-1.04434250149345
-1.29973406255613
1.3469009062002
-1.47141933344832
-1.04159208667917
-0.226863379972238
0.130009012424189
-1.67115266859559
-1.14999511609025
-0.477004543600792
-0.6446116042078
-0.254555918140711
-0.329055588312509
-0.753440053381319
-1.16975180144568
-1.39785190642213
-1.10280785248549
-1.07085359914558
-0.816669493436581
-1.10856933442152
-0.904209763728049
-0.977823960098954
-1.32009240854658
-1.22072245473752
-0.817638533335996
-0.431136423793255
-0.900761863543631
-1.72427174603045
-1.10057800506846
-0.884962088183395
-0.590305362152468
-0.536064413005943
-0.527028508729712
-1.17418880618096
-1.19779075152281
-0.657704111448579
1.60114499022838
1.19891982060518
0.197515253102522
-0.907210457406933
-0.853011584698067
-0.400049854115487
0.285275107187431
0.0117920037438079
0.49810533316983
-0.377016451168325
-0.527557793248849
0.574139926062467
0.506763115959648
1.86826292284427
1.15613173018415
0.503646159265875
0.434635906900382
0.183073463621997
-0.571654315330898
1.09434509933922
1.74404338824341
0.868147934510762
0.533286398042816
1.44663710622555
1.71030723540595
1.99504539784723
1.45373478783071
1.39946815706746
1.11483791921286
0.836377841848336
0.801679460738047
2.14881909148784
1.82943763116312
1.88437820464928
0.672152661377501
1.67413755552146
0.789845300869993
1.50401179362874
2.008970653519
1.7705323671962
1.68365486200074
0.842746753033329
1.97679374549583
1.54560323489655
1.97742316574643
1.34177461444488
1.34249140467164
1.5717888052872
1.08076237522121
1.03579096749224
1.74010747143074
1.28778343069682
1.80291102235726
1.62090361400432
2.05263864803814
0.870600999198845
1.72264171654626
2.28373425270221
-0.55681160377788
-0.220861580700439
-0.63236101259243
-0.787005846821057
0.492235785392352
-1.00640585430971
-0.607821564750017
-0.25596523789694
-0.487864983987003
0.555791085505726
1.29966217764483
0.805868810536379
