1.77806915498281
1.153714913642
0.958706832971807
-0.146701620550391
0.910792893546224
-0.716675346289864
-0.843789815662208
-0.914943187852825
-0.423504777270338
-0.542439309493164
0.82844478372082
1.59345239863078
1.32363548266129
1.27830963820908
1.28893483567617
1.75502610042311
1.76373499183349
-0.40630540151586
1.85702546502786
0.529237575059026
0.560018200243677
0.874225231282235
0.819010331826739
-0.411533577345937
0.889406125692754
0.331489972702856
-0.0850569928452606
0.280513876837558
0.606175412171261
-0.670576979021616
-0.443779342583024
-0.507847830974493
-0.450907736403843
0.809848769406235
0.344837243703227
0.0847143748958279
0.269688516724464
0.472035007631974
1.94714469407834
0.717462914431197
-2.55426532292677
-1.02405612936264
1.4573919757799
1.2395177962396
-0.83342615161044
-1.74807915686784
0.144639066708734
-1.04509610296972
1.10830911019338
0.224735992401031
-0.0606509926153853
1.53473377930538
2.15837022429108
-0.453604180841195
-0.233395444945673
0.000636028357039113
-0.544329128051653
-1.03145074280498
-0.250543024484563
0.377553129802507
0.744559170989514
0.383436938558132
-0.414116730661148
-0.218448911630361
-0.584756175426801
0.476327832168075
1.57791825603337
-0.496297522292959
-0.96594249315772
-0.388291576644108
-1.34295071250426
-0.785400321644697
-0.484749857874839
-0.313333394032712
-0.443544991264528
-0.723872044775986
-0.185842980452507
-1.29299433230793
-1.43462818954773
-0.221993607992923
-2.39318221263519
-3.64655958620676
0.425792493803681
-0.520562181910244
-0.906871896546179
-1.02482609667234
-1.40006307819006
0.370382618437268
-0.947057703672107
-0.990256013775483
-0.719900241625756
0.28185370427599
0.253723213761752
0.96414265284409
0.468177848824172
1.16150113133282
-0.344789228611287
0.869966314724075
0.0647816504824184
0.405888246327711
0.55502386734966
-2.34784793752682
-0.156130031807719
2.64506162807766
1.10872006972634
-0.934537023421779
-1.56619574970653
0.135439291659902
0.073338571361287
1.28884823376411
0.477400191253478
0.490598196139733
-1.45028293925814
0.202928967294227
0.817866486763355
1.17000953521157
-0.795950218550193
0.233845094389358
-0.240010466953993
-0.576018104287979
-0.111045035309272
0.13984493281999
-0.395361238403727
1.57314257518951
1.44163554008044
-0.576303013173199
-0.518678162927182
0.463433050597252
-0.499396734406791
0.965000145665623
0.749079655513105
0.623442467446109
0.42794110533497
0.273456503895613
0.997637825823577
1.04397843206708
-2.19489871195567
-0.611549229746212
-1.29190195336138
-0.0263599519602829
-1.32264547652635
1.57580982471
-0.706496961084426
-1.88288151036512
-0.555552299983401
1.39335614208223
-0.209552838176465
0.23021029742849
-0.652528364827174
-0.124639108241015
0.225949977850349
-1.06595973800021
-0.26885274278158
-0.210730903225256
0.467543753690748
0.0764645294318059
-0.280997421477775
-1.08381667877926
-0.252546441770367
0.330772433127989
-0.471041680127808
-1.70361316145171
-0.274778999503596
-0.0766001075196431
0.186825749877559
-0.78191352677637
0.309984227740656
0.773558214130178
-0.430673318216222
-0.714952747898299
-0.792840144672228
-1.74601019314598
-1.4405603768364
0.132610594218947
0.0791548823729288
0.0112169638950336
0.947234492117924
1.29151023328337
0.723144998155942
-3.54271349799207
0.626311796684638
0.45566708899315
-1.1515588861686
0.827800102929454
0.480944815530103
0.0380423019712802
1.52412407723952
1.55144830161383
0.713900369145622
0.422301591853868
-0.269339067284043
1.69923008323475
0.201020885771866
1.1610740272227
-0.511969076010401
0.0158810511889723
0.317456132397154
-0.15732285258484
-1.47737940634189
0.275995346882453
1.47067539480519
-1.08789790512496
-0.645886659296252
-0.180733700354256
0.371829275942056
0.899885714422536
-0.58832467408
-1.48457190173733
-1.07602935950662
-0.443227741390112
0.210045000498086
0.294903908699365
0.562244487142304
