0.205360734365826
0.20614576655917
-0.247226015376967
-0.245047480331653
-0.357215426541926
0.256447404976881
0.127223367683319
-0.23513961731438
0.395635748608687
0.245537846951491
-0.104378087346309
0.264121947955132
0.175227644499074
0.163823309723948
-0.256018250811332
0.407983900965328
0.18004560344785
0.0363485906955364
0.116252590044826
-0.0957175258584042
0.958043305530325
0.791586042251003
0.360475261647444
0.0273311142538629
-0.366445975329724
-0.0271689829672482
0.255583745982129
-0.266885496983155
-0.333986782777728
0.0571515307453736
0.262559314544218
-0.000892699151786534
-0.00388966270971527
0.0496981690200786
0.257915444432013
0.000964371532526475
-0.0927155923509358
0.145126484576269
1.0279230350808
0.0987501401507111
-1.38605113499837
-0.70988553233716
-0.0636184665918976
0.200415316256666
-1.1190563952125
-0.95529123735811
-0.547103324402958
-0.562778632433153
-0.0241090432635372
-0.375613005364291
-0.675644549227115
-0.268287114231955
-0.3133407034483
-0.0278079290265854
-0.316641366215114
-0.436382447694769
-0.743259341238216
-0.485706325700491
-0.460347532787848
-0.140703193075776
-0.268955621361443
-0.651487942659744
-0.355066082104726
-0.370257829708401
-0.415198946249812
-0.122854678560644
-0.0717313791970053
-0.189214640360649
-0.379214541231302
-0.628847617238909
-0.115617304755715
0.703961866990781
-0.753609123048682
-0.437742887877351
-0.0856499945042531
-0.540652327619404
-0.752370143646943
-1.12627892170263
-0.324292592250473
-0.260438952305213
-0.958401094138685
-0.297475429052943
-0.693867406376815
-0.724357997074509
0.00335619659830703
-0.585669324886237
-0.370885307470019
-0.76405997833294
0.443197139542576
1.68680858487981
-0.192721121482887
-0.255238051482298
-0.0248909530884346
-0.621551478257537
-0.688126992686646
-0.800771285646746
-0.767825013961377
0.0321037682105353
-0.432957715326237
-0.274272169275598
-0.722419350346662
-0.947255045631624
-0.626115380182542
0.672984898150884
-0.719744826478435
1.73460628231669
-1.07929084262668
-0.962924282675854
0.972841795221903
-0.368876714561425
0.169834197749583
0.320050189249089
0.0220195370937782
-0.059422936855138
-0.446240851426484
-0.124187167578654
-0.91466973678997
-0.282443109737989
0.0366434903449303
-0.803198066163169
0.338453365971383
-0.746205028345453
-0.36934863996525
-0.155891741098324
-0.50764109977949
-0.663597353965714
-0.819693793583847
-1.00969580485239
-0.255294389940162
-0.396323108519667
-0.386967771627904
-0.285941353354844
-0.510922484283003
-0.508640075265324
-0.108394781741446
-1.09888435829298
-0.480517596449149
-0.85840919366217
-0.532251679165939
-0.484414416280296
-0.558453105402418
-0.143446454790727
-0.993033662092947
0.0916162716425287
-0.290009256664704
2.57418733710461
-0.515620962739075
0.151852141993171
-0.545421120072577
0.324510484122982
0.330710185358919
-0.149094453695237
-0.819452165275834
-0.418706691489125
2.08836098923502
0.445678382248694
-0.885804774581861
-0.828092121536052
0.240639933255954
0.346046573665363
-0.428580881557867
-0.705495071113866
-0.326435517213572
3.96628829208761
3.40925856268338
-0.54839449882789
0.697772760070073
4.42837553749201
-0.507433840004365
2.40269673727634
2.71644044849714
-0.0690192492206134
-0.283973766811558
1.43670127548606
3.29946529156507
1.37363177907583
-0.599067986934629
-0.740155544874548
1.01761368626547
3.61189054607491
-0.831241977633694
-0.768114962792143
1.18931713781418
2.99585855295338
-1.15416481762812
-0.370038299382868
0.640261304902761
0.243081746044071
-1.01855800854925
2.83811830755872
0.941064646550505
3.10465804567535
2.14826033344248
-0.680490133181894
-1.23397087709447
-0.878814179995073
-1.1641246425711
-0.398206847222966
-0.628837632877186
-0.425533906731921
0.0833188403867815
-0.483396391057627
3.59977824623852
0.319031548426534
-0.158939722608747
1.70079953420076
-0.35354229715124
-0.367726167453469
0.548616369063364
-0.341656600710814
-0.930457799961117
0.30399257476918
-0.694196361914716
