1.80965098063667
0.904716021583191
1.04309280099095
0.927759410262541
1.01914819481323
1.35852775597629
1.07762354400306
0.606994646371813
1.26162653890936
1.183253450953
0.86836984494506
0.516719655441193
1.10898013173968
1.33804902235262
0.751675473227126
1.26438150321368
0.804896752675181
0.192614871675207
1.49438283062882
1.14135160172215
1.46038664854379
1.42940655153582
1.04883331898023
1.00370555038395
0.967445445187484
0.853357739623172
0.940542868505732
0.950288483651646
0.759544154805346
1.01066882204872
1.18847888834395
1.02211112750073
1.23692651808289
1.11196920252585
1.13336314076469
0.719031057365988
1.05720232709163
1.16918335538888
1.49769341300289
-0.330126479970458
-0.18644187915728
0.561297840599357
0.113104709918346
0.920344161662623
0.801842527771294
0.48737965090547
0.917104320602034
0.856261470206996
0.543907871004654
1.12138989513619
1.11686041874849
1.45383910423358
0.978548431212783
1.87603759862765
0.913564599777546
0.551481797374051
-0.223080358402711
-0.190623556671209
0.416831467267891
1.29836711267262
0.293572021262799
0.726083490067287
-0.133763555511022
0.215992163263059
0.56928104225747
0.747043091690585
1.32064524005802
-0.0776553366690935
-0.618260722743141
-0.480702804645582
-0.426489243683374
-0.960413519935537
-0.139184553383963
-0.286934741702231
-1.28677708777678
-2.06585514516198
0.0148125562022901
-0.0652064051560134
-0.485778975496837
-2.0417395861247
-0.958425866400053
-1.90279731938251
-0.951090283543809
-1.26951764288818
-1.03727074665202
-0.939132622670346
-0.401070462773016
-0.213422196904773
-1.52755490007081
-0.547581862003136
-0.685677783234997
-0.692785194649284
-1.22980802630714
-1.10063784612231
0.320425074982963
0.532661406616277
0.0449790497673673
-0.451568805441717
-0.638999499719201
-0.145081259727489
-0.809277221423757
-1.25458351708689
-0.869954757389619
0.0949362050123157
-1.4084592363933
-0.260878484524185
-1.86098036735221
-0.0743340343264775
-0.777846477955232
-0.490075159492382
-1.10659858150822
-1.3616554850796
-1.41214960815294
-0.522469797841251
-1.90297352885037
-0.0990215767774679
-0.862094249592347
-0.222861959146834
-1.62315801429723
-0.858538900741022
-0.389147194477379
-0.58456257141922
-2.01471835578896
-0.365096358019709
-0.67363097612806
-1.83720357259345
-1.18644919506048
-1.63484654696858
0.0313074563568443
-1.3809769344284
-1.56466370821557
-0.877449974789425
-0.698297681801222
-1.14063017766945
-0.529625258208599
-2.28005442721798
-1.9134272638225
-1.61189185954408
-1.53876375352891
-0.795260648448337
-1.53631846148942
-0.382379434225948
-1.5622616692874
-2.03539669520441
-0.200689758447413
0.534627919126222
0.376593538921957
1.23146600426669
0.236838647939063
-1.12179915771385
-0.64984594031825
-1.02473470432734
-1.13584814897857
-1.93178149407352
-0.0304637040274749
-0.499734571771744
0.0311660504188831
-0.241954524871903
-0.538281151724635
0.563153890710238
-0.320790139144198
-0.328639237914198
-0.91881503348201
-1.1302209565851
-0.601624244306225
-0.265157672277048
-0.123136105587025
0.351109849194418
-0.173452094806638
-0.136383704300579
-0.250272028193255
-1.11590683762063
0.194228283446675
0.21117749481905
-0.39740117108032
0.222895880429148
1.33595395524474
-0.367554612955431
0.341717382330964
0.903405688901339
-0.0879879182664337
1.27282587954847
-0.780599343221893
0.638447872574595
-0.313752050482415
-0.0746204500856189
0.664725071042831
0.897308450211975
0.275054723465936
0.576374502057035
0.0850146182840403
0.417869742009605
-0.719728786176324
1.00429481298811
-0.690196701877425
-0.825510040354597
-0.902445287513228
0.611115592220241
-0.943082414419677
-0.156001731870984
1.24086749449468
1.70604726408561
1.75010354601595
1.82029860356335
1.15011392035421
1.34641243010906
1.10213130441473
1.59804456536026
1.54698960901961
1.70745013713069
0.076951030124999
0.435030243898925
0.469170246290141
