0.0330047453261284
-0.322109309867691
0.926175114110646
0.161798085872902
1.13938816666002
0.532301050652555
0.65327783553329
0.707623895187905
0.451614777552668
1.24130044900379
0.518329067125066
1.28072851549116
-0.126048674363295
-0.227362114777235
1.16707061613258
1.28168884361928
1.28983732069546
0.32518285812222
0.442762239229758
0.225563367406163
0.00692440496935699
0.262629502336675
0.201633704748609
-0.711691236502019
0.15383896860697
-0.259451424177017
-0.752884469641864
-0.281916125454009
-0.441522413632148
-0.444314139581467
0.859666961466264
0.224682233847404
0.62576404750926
0.289246928001818
0.540296471486053
0.32503712636202
0.915951550860932
-0.235267910965571
2.31916778172223
0.140741866189712
0.626783002506142
0.811932455448301
2.03711705072346
1.57244699511889
0.454632529648485
0.795218370381058
-0.597612989786328
0.295709429008508
1.29159034961324
-0.204991017904316
-1.26938890530635
0.295263753833371
-0.252812436881913
0.332306895584206
-0.0375128182629336
-0.0445748275506176
0.326129779008663
0.00140632145861864
-0.24623533196851
0.500700414975317
-0.00127760181121706
1.13670001565136
-1.40279701759911
-0.763111684276062
0.173352087408662
-0.635888708803045
1.35439240664534
0.651824332761517
0.469301564886549
0.94129083007939
-1.67998842397879
-0.0387116647361213
0.852454518519485
2.43158470435489
2.129125931505
1.22461783292522
1.04077978204761
0.600109502123925
0.950830401129502
0.676330122643432
-0.486100991201777
-1.42845930313722
0.851125404389304
1.08360801251885
0.855858381657282
0.789199098531352
0.129753481252111
-1.22498217631674
-2.45964471470542
-1.77210032290264
-2.03717982513137
-1.51204900462283
-1.75747783718247
-0.713295434705959
-2.04899725408381
-1.11490216397848
-0.0694148048957311
0.433564307247132
-0.164717716618946
-1.54192961729259
0.142356046791321
0.10493565720858
0.218357004559225
-0.652938937602718
-0.319264492391381
-1.53301348047492
0.371795365298138
1.29555004683802
-1.10423913580016
-0.565240679484048
-0.611864201462172
-1.75684989667637
-1.82220065198526
-2.07454144879686
0.434752400259724
0.445774887925435
0.743257256772576
-2.46610248027377
-1.15548460554612
-1.65399057942866
-1.6896106366559
-1.6565742407621
0.945471148221256
1.66231659950435
0.793139847836385
0.429302278919371
0.298417848011569
0.118797299162196
0.105075732646748
1.05131073726363
0.364058677989159
1.05605049669901
1.15799023316433
0.130621662579979
1.12089967581693
0.704521992084225
0.319294058373314
0.703344101658133
-0.359727177282903
-0.0135873563645363
0.395285883853375
1.62396384313695
0.213638426133053
-1.21184092893133
-0.0382335514004987
0.706875077180602
-1.05258423056674
-0.974024533014759
-1.02692008035174
1.22985436333493
0.293578928659828
-0.143528886640516
0.825397517838116
0.016418817691466
0.553537714817628
-0.325420404835258
0.265421844587062
-0.42343619896244
0.479388599075623
0.628639365331179
0.545652935341588
0.203842453901216
0.00767059598495498
-0.300791575160801
0.653739134396025
-0.575810168012122
0.685163122039197
-0.197775417921509
1.59622256274949
-0.39750936894527
-0.73925758791814
-0.673624764911732
-0.96115976736022
0.478751157337534
0.0158104296611988
-0.068974119020355
0.513682868727236
-0.742338755028153
-0.551770099848596
1.20125751587616
0.284354160199589
-0.870544004037722
0.545747665785228
0.217484764673478
0.884741057398479
0.304079010915984
0.114195224299134
1.55840762965948
0.557428477225033
0.0285953200032894
0.00726769768309877
0.278507334435137
-1.34202776274961
-0.122700326541757
1.57292827944111
1.00543181233036
0.111142779773474
-0.660426897746344
-1.70220723970509
-0.335560583608751
0.301294194623638
-1.94367520924914
-2.30875392106465
-2.05478947699804
-1.43034992997114
-0.799997272445908
-2.7054809808731
-1.73735682033922
-1.7713954556473
-2.26754677971927
-1.29624778211606
0.523548704738328
-1.00859359060317
