0.60374419031478
0.155564461885278
0.284450566998916
0.988897316238398
0.489629563898472
-0.244098244907863
0.079401050921628
0.421570509539329
1.27160100828011
-0.251008331505667
0.420999466931771
1.02464714219813
0.385094093959772
0.658737802397206
-0.570115810159558
-0.484191818209624
-0.897016625767698
1.20538730321466
0.45179878142411
0.405839050610638
0.938028779035311
0.623403856839551
0.344855176996916
-0.849098410560507
0.310004407679802
-0.540373040833251
-0.799252166981908
-0.226085013379715
-0.269667650911706
-0.243313903425374
0.877904627851959
0.493578169455908
-0.257595062710354
0.953577733817884
0.193345273741726
0.00690348465588865
0.407975547808309
0.810427155653175
-0.719783350550715
-0.617368831815637
1.29297518384608
1.83262469806673
1.52270704112219
-1.07406336942747
2.07583824085631
1.88323222628629
0.705414105887323
1.86684997039012
1.13012364427904
0.645008142060374
1.09906078101187
1.14295142936861
1.70911748004949
0.965500749469885
1.05696243698773
1.21846381475747
0.423664162714317
0.333260217953054
0.885529819593464
1.30876347124774
2.20645075442493
2.15267039127337
0.277047631837362
0.971392421402525
1.36552974832216
2.61955476760522
2.23245975868685
0.9733572442265
1.1970579404085
1.55129782065684
0.373686865763624
1.14936257630807
1.9010611212673
1.08886315672087
0.983343923319533
1.78353209916688
1.40220079915283
-0.208626169983692
0.691924179001761
1.1480530743691
0.429826742318222
-0.10180488454709
0.822279834191082
-0.280398407909909
0.85083960704422
0.916675542548452
-0.395199853228472
0.522506172405142
-0.00649865214371347
0.469046567768518
0.147307705042631
-0.0923399935320651
-0.372484472128416
-0.255312756197351
0.236368306540712
-0.264932717595593
0.401461589838659
-0.346234858928636
0.632836053972055
-0.856963933891799
-0.439487504817089
-1.16894755010038
0.151331268084998
-0.96925368116748
-1.40417832147111
-0.751330011800388
-1.40166895985875
0.712554410526998
0.452352036653516
0.234377904474222
0.358280263893745
0.0280428331509785
-0.44243436587431
0.175482549903367
-1.44153267043973
-0.64279174167083
-0.822760113012644
-1.59530598569475
-0.536855213035165
-1.97368108291816
-2.0192244682375
-2.46189079595629
0.573411238745335
-1.73536820718829
0.430666055177326
0.305031030396895
1.09974167626394
-0.709256816009655
-0.107230379603661
0.455698339011291
0.303128341684037
0.452819218178813
0.396242339739138
-0.33632329124265
-0.260057295457779
-0.0850765757163945
-0.176492641345607
-0.112538616634603
-0.146160394501586
0.643013644473213
-0.793116922016524
0.384923462249398
0.13726656727319
-0.275818826483561
0.265788043191651
1.25365754881118
-0.334572605630338
-0.659796589146863
-0.319378232334747
-0.0530087406947612
-0.811885498783342
-0.573398710326841
0.92966512152104
-0.582958263672653
-0.25420639791236
-0.0217459891063577
-1.10484196364964
-0.319311895532672
0.0407713978778542
0.0371307166864876
0.146442383073104
0.0992164643672073
0.263319361723077
0.999331197233193
-0.105437940651589
-0.630926751161932
0.0620024851409822
-0.248243228243317
-2.88322363420905
-0.480387445136449
-0.63484566656086
-0.896661019422328
-3.73824421999603
0.454668274353453
-1.33213532705298
-0.314276825265258
0.1031513632842
-1.31928580756007
-0.647096772471549
-0.252097907453795
-0.474212555146825
0.138965722120488
-1.02009583514493
-0.280784366735544
-0.0892570537155044
-0.970186400158103
-0.57458518007348
-0.558708189187245
-0.401474245211453
-2.27110052395042
-1.05710640221557
-1.6505767129371
1.00773958712681
-0.282576335592695
-0.329836692709833
-0.870820806062114
-0.237761154420551
0.525405721188926
-2.51520699206936
-1.79806642246161
-1.99670756159843
-0.865202895813179
-0.630733248798576
-1.08502227374212
-1.18823289555573
-1.30822176870519
-1.08154094981986
-0.859977876684614
-1.35017901297928
-0.916293067336715
-1.48881330551882
-1.52073397153634
-0.800434210115918
