0.747203250194962
0.587134808091286
0.922970056655501
1.29375736307902
0.736495984881174
1.55701557753375
1.52916421291521
1.46536383451471
1.34773774562226
-0.674221132274146
0.897864493217708
0.599737529255872
1.0462417693908
0.72003024239412
0.951708190137141
1.05073664302946
0.97470159405578
1.62856594713775
0.683739581427094
1.43726602196753
0.831086252264674
0.977016037633839
0.773735630733173
1.25745633567137
1.10493931699138
0.985710914557174
0.689778863975407
1.49669089790008
0.875947300290393
1.1443126219502
1.46612163703978
1.09600124585868
1.66823782607551
1.17419940487384
1.63827931400549
1.38927275905571
0.995792270881334
0.817111930010603
-0.0637097211422914
0.598221295388824
-0.417944341613914
0.254883641543621
1.02231822533404
-0.269171511885639
0.00696537506003467
0.520949548883153
0.828727538373959
0.851928968289073
1.29176419672171
1.7634241548227
1.88525779403549
2.22045247760725
2.17430449232913
1.1578605378128
-0.511016093500238
0.0603860726289151
0.701193015900824
0.514558704638893
0.486372022268485
0.914810629058383
0.924446192834114
0.529430933019874
0.166196849412407
0.759344209935883
0.617743845154598
1.20918021418873
0.775389798365621
-0.788733198525736
-0.770470187368676
-0.567909985538468
-1.36272072935029
-2.25283376177888
0.144133599312298
-0.0529952613719017
-0.00465521472183712
-1.60779279345167
0.0857619386353945
-1.34044842039053
-1.07804713103313
-1.86391205739929
-1.88842094398191
-1.49588242446706
-1.66066771568259
-1.29713322851211
-1.16537743932155
-1.92023422489862
-1.44806379451702
0.280344905779441
0.0341794686987055
-0.02952078724313
0.120422214116265
1.09168932731244
0.555032340254978
0.305677535065097
1.62561188859297
1.67492393585592
0.323722925696088
0.595586536698052
1.67668162533817
0.644710138515141
1.06701691153504
0.137456855237865
0.281052701813336
1.0135559226224
-0.168679353039792
0.664700795286589
-0.710213091338389
0.0947002298149182
-0.489819881198181
-0.384504677999126
0.029370037327807
0.317713001961012
-0.0886153607122165
0.459656904605957
-0.676429146759458
0.0935635811000014
-0.381811541020356
0.717722321520419
0.411807313669466
0.164659801749175
0.529982730606355
0.473234454495004
-0.899971880066809
-0.471600047381171
-0.552558478522022
-0.453994178736542
-2.0384585300489
-2.25331642597131
0.210302074301312
-1.45643415527311
-1.82149957822253
-0.0597303809258958
0.355141582736771
-1.12236269941545
-1.16581679584575
-1.67119420294617
-1.54118271026607
-1.38279486381547
0.667125712019327
0.947131040374114
-0.443494978972276
-0.169933634957739
-0.451265182501498
0.0574212131098126
-0.0428222009798662
0.673664037130567
-0.979406522169956
-0.865462159813868
-0.737753993750185
-0.111127599397249
-0.96799099853056
-0.261978565783541
0.00915064092742849
-1.19576558241974
-0.123955789779328
-0.199233534576562
0.303023855879501
0.415607128311153
-0.0722966135395825
0.313479889016257
1.66329583573883
1.40335523302436
1.35558351892656
-0.911495920644299
-1.34808644532432
-0.246389072780488
-0.108124324015597
-0.779818570326049
1.20332305761907
-0.690362020309401
-0.0721662906252065
-0.152223122759794
-1.33948843819837
-0.267317692484208
0.747356988630883
0.0400713593960326
-0.520369283360426
-0.830946324889316
-0.639365753608331
-1.40264072787414
-0.450521383089002
-0.735114478957746
-0.621520927044472
-1.07491680630298
-0.816357341117628
-1.41605169579793
-0.752670491163592
-0.647256340857589
0.0868487857098538
-0.411179536620634
-0.702530181246441
0.0363921044192718
-1.04467967966422
-0.513280036452181
-0.80640739844294
-0.425712242525727
0.276244478425184
-0.975210630080433
-1.22534234947201
-1.14371878274812
-1.2167319250574
-1.25962396633576
-1.19810088518717
-0.945159000789124
-1.18081253488111
-0.45517958535593
-1.71539348509533
-1.31234051911863
-0.975556774768117
-1.23599132315995
-1.52244196250663
-0.650237786994158
-1.4902351431107
