1.34107205736148
1.26335651429479
0.966625749908069
0.866354562382315
0.902995968515725
1.04939963946356
1.0109004416174
0.933535094940973
1.14353210348933
0.155392709627172
1.00011116895614
1.25195950895649
1.14706684186686
1.25592011767604
0.835150120312915
1.26026032074615
0.993732441797866
1.11361763589928
1.35094006912193
1.14513134747261
1.01260533935397
1.15471237992096
1.1556206995607
0.975526325930295
1.16462498893058
0.982970585802841
0.914485357935776
1.13492804018733
1.07508660419872
0.869538589972298
1.09185813135852
0.933079099888064
1.04910076554178
1.18625078442394
1.19910558907147
1.03271404005012
1.07090493527861
1.07620879271391
0.552421560655783
0.783251143794188
-1.18676096166929
0.741321134954113
1.32874908278304
0.0963508970850381
0.0280465044770422
0.524804081595576
0.608299103917588
0.580143483851399
1.40392702975699
1.32775484498027
1.58566167725945
1.21758742517733
1.78584949495494
1.11566107333072
0.831164997171283
0.820520686021025
0.884747609217994
0.98113031687568
1.32653078281176
1.27061232284933
1.52098730510648
1.30855856898103
0.601338801651714
0.472484449601868
0.781203806762673
1.17616870963124
1.56119912935941
0.485350067935511
0.193076364461819
0.108293410835934
-0.32252339520146
0.340999618348013
0.518325566488316
-0.0168521597236348
0.2130948792934
0.200644435125365
0.293999764683061
-0.645790656094617
0.249242485047294
-0.180585942201898
-0.15497883499407
-0.38681822097807
0.255961995761969
-0.147454176582424
-0.251721820465188
0.188482960719339
0.340800151949702
-1.34096706927626
-1.30195133812396
-0.534519412919532
-0.138851457366263
-1.83613665773985
-1.87191404811244
-1.38474877650485
-0.0543064598697817
-0.231011143051349
0.117329198115887
-1.11037569923522
-0.119615600507087
-2.15968545498321
0.584499848922943
-1.41246328292062
0.289506435337357
-0.45452571638081
-0.56512577231205
-1.8141909594931
-0.603677099630056
0.370773686756834
-0.689118521568257
-0.852186258166984
-1.68285506244807
-1.70865301756096
1.11969829915775
-2.79316526264162
-1.02361058437806
-1.40469268350263
-0.611579414739613
-0.558837807364478
-1.38498443629663
0.467222098753303
-1.11014682999071
-2.20128542254017
-2.38531747874359
-1.55650608297674
-2.2849536995005
-1.19993221947112
-0.163346858339923
-1.50766369798733
0.361685185841143
-2.16030519989608
-1.37339207493548
-0.969122602034388
0.171528287098899
-2.10623488712783
-0.665090589622921
-1.67641951590253
-2.96200441925665
-2.93811652945868
0.725462972642903
0.119093398759476
-2.13684383828456
-2.40039648452126
0.50437289224501
-0.337633986755547
-1.11767871472189
-0.16797488146616
-1.00485018828275
-0.426247455292539
-0.835966882623106
-0.412554018336731
-1.1676827478512
-0.227478263370852
0.33945565439197
-0.627035010850354
-0.869330167884185
-0.220486189358083
0.543993766627786
-0.0713311640403154
-0.388275015457494
0.725294174052348
0.523833800515922
0.098904311867541
0.480733042058462
-0.293908343010193
-0.674641816066635
-0.498628142498094
-0.512410144876534
-0.683346991064159
-0.0127331555898449
-0.186499275635338
-0.26132124011797
-0.307535832836816
-0.260235975861686
-0.103953434249557
0.564750952712247
0.480643091911231
-0.0565234455822142
0.338334139773315
0.144103816840638
-0.396653963369865
-0.0716445142295946
0.684974528403356
-0.308983402809339
0.129814247821669
0.00203195352143863
-0.178240057598158
0.309938604944018
0.321178959610567
0.0934358159747012
0.186203105024216
-0.622943619245181
0.241181443665096
0.0121355299203398
0.2739363536432
-0.0680428839885481
0.226432589409486
0.584045290891024
0.396202566758183
0.725028000187352
-0.480420377365577
-0.398060961633233
-0.740770508900044
-0.32372488672752
-0.405123501662697
-0.188207118101725
-0.702641095770799
-1.60995255660096
-0.797211705170279
-0.786818150069805
-0.335372299711331
0.289433607798194
0.143781876526377
0.513290963955862
