1.09773276273613
0.837683011990123
-0.00328612163659004
1.22962902658411
-0.448629110005834
0.941760032688834
1.54723343918666
1.55163597058154
1.6594072541921
-0.116994611509003
0.696244393295441
-0.842678498497472
-0.186391688004688
0.355142969368271
-0.504751928552179
0.0786087668363233
-0.411371309043453
2.05108176634176
0.837951558757745
0.251127010616191
-0.101361274976827
1.51087827784692
1.41852074004462
0.50990772806938
-0.11767374540356
-0.214372356097991
0.891287376093196
0.123008793810236
-0.413418878590696
1.42535788271033
1.29011956728801
1.15222569142227
0.480813547394636
-0.45700742254678
0.203952183530143
-0.68877726176033
-0.913957221857208
-0.072470390607862
0.000355014942750607
-0.637555643737209
0.0652668080285145
-0.606327814808447
-0.908959345900559
1.09881962163157
-0.941657219074139
-0.157059733484575
0.564459638977515
0.685652684708012
-0.796165410192086
1.61568642382108
1.647304290927
1.75379915355201
1.53254806043607
1.80015860843797
1.21626002234282
-0.56659458425223
0.876902941960589
0.530948785737714
-0.849742395390295
0.701148110011201
-0.338736843801921
-0.806142321769213
-0.245519416678277
0.308006964018069
0.32780484598251
1.15044523812835
0.479017808726733
-0.459958123627693
-0.93648424587637
-1.27230792886078
-0.0288198142802946
-1.49644186016969
-0.435683022021317
-1.22881534142408
-1.22338223125026
-0.292784095861192
-0.317463699126086
-0.840218526269531
-0.475357881513349
-1.16404647535337
-0.360969176643835
-0.302895248699779
-0.468459120658457
-1.15974006339757
-0.689101417788171
-0.932915937127945
-0.562161667022102
-0.223755812998868
-0.629658790400921
-1.3930971194038
-0.694674754616631
-0.113094079528473
-0.128432510910391
-1.67447553381011
1.37864409912798
1.52190019503232
0.605787712537315
-0.767813566343592
1.26894202377335
-1.03570862919875
1.22188758754103
-1.57652262683713
0.316347885718269
-0.724582272256406
-0.244369023498458
-0.740139999200212
-1.5760191473924
-0.446873758460216
-1.13609752763876
-1.05649303928421
-1.20513774763
-0.0100084771610252
-0.912629385296465
-0.819118560333419
-1.65694896997374
-1.66132976519961
-0.569655802112161
0.980877540387031
-0.278223594632172
-0.326590007421503
-0.393963153866913
-0.547507923897702
-1.27987566068719
-0.692253788327088
-1.1442418999848
-0.834628047538247
-0.990565673602176
-1.18414966938616
-0.487712319641526
-1.7485188208194
-1.37148629202146
-1.19304896941064
-1.80029608118872
-1.40912021612618
-1.05806328272133
-1.73796041340967
0.416930753532766
-1.10511998096751
-0.774043522954673
-1.14349602840011
0.446106552558239
-0.0538955832768149
-0.0139687010463884
-0.587447381613169
-0.896513117518272
-0.792370311829377
-0.988356000362265
1.19838050016127
-0.0551595847836562
-0.74671417800393
-0.883678405914704
-0.77635534968025
0.658755144025899
-1.50738378698988
-1.06596613929797
-1.00591693974949
0.13257268080562
-0.38805729211676
-0.323437483523882
1.66813788443057
-1.41456230420437
-0.0486163274529626
-1.0847981572955
-1.35639871646467
-0.707356564366817
-0.106096366531709
-0.0181787526680756
0.32650331757654
-0.535678424052057
0.0356305607994177
-0.105830552674668
0.452002167493773
-1.20469350216942
0.0457575365276682
-0.210851642858517
0.904035962785698
1.24418834143488
0.899760914531694
0.915563820749234
0.564425791148251
0.188421533316685
1.5283198628953
-0.0465072166845328
1.06556392296796
-0.315322060284926
1.39086041929543
0.820854530072631
1.66151479937805
0.650725025003303
0.754184279126853
0.530975057970206
1.15067261233581
0.633754641615645
1.14850343962199
-1.11812318529055
-0.022827183526428
0.252965132881879
0.334226570936703
0.0506042080280867
0.470219427613767
2.28416125153548
1.71375588721497
0.368088739273389
1.40883689281266
1.91858043178667
0.945374409740514
2.93634732663303
1.02372727330311
2.60165746535287
0.637899430646671
0.704569769158625
2.72824405630074
0.271529740620846
