-1.10584107850115
-0.40490652929957
-1.75358854768501
-0.951696593998664
-1.63767886212235
-1.63622745343083
-1.7006109025444
-1.59876513879876
-1.37291941140162
-0.712107940745016
-1.63417275959548
-0.642489990129459
-1.38656023784731
-1.07269295201573
-1.20649917083237
-0.993837077814545
-0.882001929549153
-0.771067400882591
-0.984089614780336
-0.950426646836191
-1.03449255789003
-1.17061917959698
-1.05306823650862
-1.54687818750206
-1.1294459153566
-1.71776250524871
-1.99852232751667
-0.996238735692859
-1.51298370857625
-1.58552764411752
-1.38991441529427
-1.41867925646803
-0.951918527935424
-1.04089559790996
-1.06397543800157
-1.10796492828513
-1.84834142381305
-1.16515951866609
-1.17601793116976
-1.18546504862257
0.527207439316311
0.409614211340518
-0.151960610195981
-0.921689181185079
0.588611027146185
-0.337661561941679
-0.738575397029255
0.479966581019183
-0.333849479951087
-0.403846310700999
-1.99100960760552
-0.492552937516161
-0.878439963525027
-0.41278984212867
-0.109037072866185
-0.672940195019718
-1.00312105353759
-0.681434990646717
-0.842110733858617
0.808737493016701
0.334141511928719
0.847282911118956
-0.813058589684051
-0.236842378277327
0.421639842951627
0.0271327552861682
1.09797715324565
0.601358703664472
0.907645345404085
0.995100203881932
-0.286346624478996
0.391698478638823
0.724849177646649
0.4216177948153
1.00884093965961
1.7037460531553
1.06958373070597
-0.335741993754769
0.893139478426772
1.43332761832136
-0.220494495561082
-0.137970489702539
0.488057048776153
0.948219546840236
0.507189593491482
0.627796906025023
0.8404502706912
-0.712803650216226
-0.695861447935251
0.0340811454770124
-0.325952424636682
-1.58620140723279
-0.468249593345196
0.133351002197303
-1.04010723414266
-0.633003442979082
0.388874972289287
-0.428020657362045
-1.39621465600374
-0.822320099253248
-1.49309907423895
0.0241613738525247
-0.207174815009746
0.224434802551892
-0.471486683106936
-1.28075125390493
-0.212292985495609
0.845111524748507
0.143924817288316
0.579747589502007
1.05226765248102
-0.414866515686351
-0.282762858113835
0.161964818392011
0.102747652907203
0.556657906574293
0.889056206777639
-0.381789977071021
0.665097700358282
-0.486338467905675
-1.13165655141828
-0.762899624497671
1.54176074752808
1.91751916073165
1.61919203464296
1.34602113748468
1.10630863962534
1.33275349532098
0.656960678593781
1.60255130004673
1.44401319182672
1.43411013799901
1.48660418173278
1.71381342773624
1.80802222450418
1.70196529220329
1.63213816125394
1.82950857603938
0.779731821697199
0.828429610128933
1.38338748430188
1.3518178387163
-0.402006161787979
1.17899986639501
0.724965581173068
1.68913359129226
-0.522594850336287
-0.358268496808477
-0.211296935048562
1.09621532862893
0.410617733222338
0.842782259200356
-0.537732165769692
0.386946481633586
1.04443989379098
1.04851184874504
0.7058410823307
0.898757873288319
0.262767184187225
-0.49391106528073
1.56000330079324
1.02295417183633
1.44102943645538
0.503986064909664
0.419190096256555
0.191041678896059
1.33051675342043
1.14145617599641
-0.634554166561486
0.842708403331182
0.754966432388106
0.280654181923064
-0.288456336678901
1.17411340883192
-0.13722260987501
0.601743923236062
0.825535958655307
-0.717716391109606
0.992627083374487
0.391430869264915
0.868859274307312
0.448653146907248
0.570458130136705
1.26018497629675
1.06723935905291
0.870274219617381
0.616339082329891
1.13883437004117
0.940293586564656
0.445292084190875
0.789266987160829
0.62691475866892
1.17392071868671
0.290597667552516
0.572858328539935
0.474427497528313
0.607946952490939
0.781368340225299
-0.917994256952433
0.424345723017065
0.767997605146547
-1.64995675139166
-0.204930036765582
-1.04923126270868
-1.14636666464192
0.842410427470782
-1.20545548300322
-1.36035084209661
-1.91328447240643
-1.62269495694655
-0.750480215216607
0.314859118821211
-0.228416769144515
