1.16073275605828
0.857440047108868
0.200731470544991
1.43296803523638
0.65896951490435
0.858029455669995
0.949387948011649
1.03368653316984
1.03822972052652
-3.00752704437837
0.581593655188408
1.00204421849154
0.702309471446594
0.56073948921943
0.859469842156403
0.724140825396561
1.37575571696922
1.28568896196218
0.738669820092129
1.27145010953024
1.51482629910283
0.762004640248109
-0.0167741875396359
0.869243292196832
1.40494503228834
0.614913045858078
0.606764100351042
1.1267066818027
1.06554421780082
0.923270581828162
1.25723055843364
1.08844520924394
0.99117382802743
1.23510383766098
1.47862525139209
1.23841860988027
1.75626676023893
0.642706188201879
2.65409611126397
1.07164215933032
1.12720953330033
1.10696608083675
0.813233292131935
1.34537431228367
0.631557995102081
1.10199930628716
1.09018447131198
0.952997021850575
1.01495615812793
-0.770986878546659
-0.380044480383396
-0.0883014855886935
1.09896081264869
1.41507608725762
0.721255424625244
0.773425247893405
0.247762895874793
0.302764477866143
-0.559856820132718
-0.0129721285641479
1.1469198901227
0.936873034959247
1.44300973879637
1.00848215647768
0.797310847405002
1.24121317100352
0.196944905652537
0.428971804016579
0.654668327943211
0.55760133469332
0.710560090417519
1.04977365667951
1.18241574489001
-0.917588914554112
0.336462343156791
0.910635744631689
-0.247416727590058
0.667074797437741
-0.112825130521688
0.873337946692534
0.52308615570284
-1.90645494376368
1.01099765985049
0.215353816867292
0.434181357015496
0.790882885265835
-0.448914318103877
-2.62776565000193
-0.353172570316349
-0.052482044738174
-1.36874758568183
-0.872148644706517
0.831941472836358
0.344130951368204
-1.44089649360652
-1.09176902173079
-0.85520106433395
0.454090592535365
-1.36208202389745
-0.320747994162863
-2.68080428167337
-3.29876277942389
-2.64020271790063
0.912911224188382
-1.00369438081692
-2.19700472101535
-1.55098266583474
-0.473516958372775
0.044231433813388
0.335107429497376
-0.0139429400563976
0.443481835672422
-0.787531774904933
-0.955717345894687
-0.927302170846212
-0.990348906379665
-1.55565477760335
-0.810557376640769
-0.998022791678395
-0.688598220025014
-1.16968329947189
-1.55353603208583
0.858242274878965
0.423938815280451
0.530882949477542
0.12882055903289
0.594138524831771
0.220713375778803
0.0626954239108716
0.251671715486059
0.360636569420086
-0.157719492440148
0.244621334294505
-0.454579324182454
-0.693944010810479
0.413133666225543
1.03542015112606
0.804558216373937
-1.11419794214248
-0.163025322012044
0.412562169867048
0.824598241058539
-0.565811779541116
-0.981701091583825
-0.133178607020112
0.662782905018952
-0.230153799925044
0.304377832509093
-0.540693085663763
-0.391861781910471
-0.242561037030551
-0.718094852644706
-0.688251996491791
0.146834009941962
0.0945393371185652
-0.429407803161518
-1.06446701469791
-0.64686222682861
-0.0738948300587946
0.770208861066229
-0.797982744132069
-0.482541860414286
-0.864105836357632
-0.649969628541285
0.0356992103730675
-1.5784131681519
0.0870058903468997
0.270867720239008
-0.121170087344747
-0.302988667603658
-0.593486222823825
-1.49499880947632
-0.149442799128751
0.295067767762087
-0.0765826739803375
-0.516237562183236
0.237325847836089
-0.277348488548832
-0.98071174725335
0.0734881484511938
-0.302698596622204
-0.140863780697153
-0.737312695718225
-0.182702996070945
0.449292068385868
-0.0800292926934488
0.133332042675282
0.411142269592624
-0.164530365046715
-0.658350421884808
0.078328709254519
-0.54228632728389
-0.256529868840926
-0.270197012677984
0.337891998750079
-0.666823756369467
-0.327502486807861
-1.17061129846995
-1.54364364344768
-0.548856680615136
-1.15786439688131
-0.895178834369093
-3.41614219375945
-2.2647991167571
-0.566482005556789
-1.49548950753269
-0.467380287915423
-0.627858012189898
-1.35947826924053
-0.978039149316401
-0.889668941351993
-1.03616831745106
-1.34074322706375
