1.28132341212057
1.00420810170759
1.22367064218906
1.33510290098304
1.14346373404956
1.5389601690837
1.58811492309661
1.57954500693466
1.69196498308678
0.475740490067226
1.22185809574675
1.06292949009808
1.35087949473695
1.0702453175653
1.63023777665987
1.21636424946879
1.51057067283158
1.70776287498767
1.1456897524221
1.30862787795964
0.712239022271145
0.720796223178303
0.637207707266938
1.16047036206122
1.22738142746502
1.46473429408018
1.12096227287141
1.2618761939181
1.23080499649454
1.30897809190973
1.68419669613838
1.31081520547295
1.41830145375327
1.0523818704264
1.67517747475048
1.16462752479165
1.37257500094346
0.998907341957187
1.98142941197895
1.68314404857242
0.565681550719249
0.452061768962409
0.998931688427525
1.34386761637356
1.014378397014
0.0644633696888098
1.63399763844963
0.762536973077418
1.23927791943795
0.614045885827965
0.48151485694743
0.977420310028824
1.14505556522271
1.66518866282538
0.890395995056401
-0.0871789208131448
0.593133580866209
-0.2186697869235
0.203620390530624
-0.0743950514564684
0.823413595929222
0.756376530976764
1.12271433274168
1.26694387064221
1.00001184903357
1.04803354850187
0.131454358664685
1.32791068394207
0.459931373755363
0.41875833841334
1.20761569895875
0.414739173486206
0.388376871881866
-0.892800906328065
-0.505103600885552
-2.51265226996513
-0.124323300772812
0.0835563675140737
-2.23328370867635
-0.933853686814192
0.218315660549713
-0.476615863472362
1.27360386844128
-1.7003145760764
0.271952633799452
0.0194466636926051
-2.79273643852552
-1.56769443285001
-1.42823281034251
-1.16630291754205
-2.0389097628085
-1.11082286423647
-0.510463028709592
-0.254875321102958
-0.08514823267104
0.377042470883073
-0.126288221832388
-0.648806123772337
0.595749806793746
-1.35384761972759
0.108559817929889
-0.956742504075011
-0.937320550460952
-0.56260122473202
0.340601464402862
-1.45459553031536
-0.110209990019068
-0.000262004978671553
-1.35795352894882
-1.03400129756603
0.171330499847794
-0.394497935527841
-0.163362778692244
-0.49435705335089
-0.168145891645106
0.41849192959763
-0.594026739508461
-1.48825180703389
-0.289088923612947
-1.62447318757026
-2.01919836927151
-0.528687700703046
-0.791759694984708
-1.50053091712885
-0.954133777661049
-0.599153723409726
-0.705080689786215
-2.70525908052829
-0.152219645190377
-0.776858806143352
-1.25054882002306
-0.137189185692936
-0.759854503184824
-0.378004351198045
-1.18741641985014
-1.61167525251012
-1.64369793737142
-1.26023014722311
0.625129245918745
-0.322218273585095
-1.37491693674047
-0.683260768157053
0.282296594157038
-0.502972797938403
-0.0264251741212338
0.00815950543709662
0.728647368996319
0.625357363238795
0.0310922806785996
-0.5412276051228
-0.229956683425476
-0.450675964586865
0.163009629012724
0.113284692704695
-0.199254425846737
-0.433240088115455
0.253835324385031
0.00940436910195544
0.166482104988905
1.55196717782656
0.594694799732175
0.500659204874909
0.333804485604329
-1.0419301321941
-0.807403570884817
-0.290942788415314
0.127334320461702
-0.362014395491693
-0.776546140587984
-0.226501795692318
-0.569723609884274
-0.0289111193006643
-0.84279616553323
0.184203830546219
-0.440915788456248
-0.0106384834076978
-0.220198821071783
-1.48863988473993
-0.777768796344293
-0.410982394985574
-0.449736188494918
-0.714758734904931
-0.502446412855588
-0.157864381180028
-0.0525598503767183
-0.549098489357271
-0.346548519862228
0.0328653850428652
-0.323006491832515
-0.949481655084002
-0.378204523834832
-0.841877960296441
-0.0579623932259486
-0.413165536510304
0.236932633716959
0.0148703379309513
0.131396873815871
-0.625843832416287
-1.44916802126806
-0.79139321621631
-0.575179075157342
-0.488626868875111
-0.755909955480165
-0.902059603453801
-1.58509352937804
-1.8626751596881
-1.42142301607384
-0.519295241315532
-1.18280047894319
-0.776162514995519
-0.311322109085874
-0.917095600296133
-0.48466631281379
