1.40593973085353
-0.212813274451663
1.06810135923994
0.968563956927347
0.315512319498927
0.668507304017646
1.40294357847552
1.87018985241476
0.662989402530047
1.55068272748304
0.306889112328307
1.25710834327861
0.19588422575114
0.928473499833882
0.970929638240463
2.47071405803639
1.92754034638691
2.19169617209711
2.10620388989825
0.420922863123845
1.37868279476132
1.66315590352633
0.829793099354612
0.793973509107485
-0.554073199196109
0.0460554315487678
0.5025190547471
-0.0550616479992547
-0.245439698511862
0.752783084231324
0.791064471721314
0.492277351012984
0.60588788864862
0.846963445094826
0.676933162387744
0.601857949892406
0.0223711225933908
1.15940669918177
3.46661886551263
1.62018231976243
0.257051466050461
0.279846217220211
1.16855305203235
2.47196910513988
0.763568510559213
0.489655297586776
1.40033817694162
0.0973668354909592
1.83747170751966
-0.683153465768487
-0.1791245138842
-0.0266776431469194
-0.0617549167872226
0.183700281726961
-0.413764218430698
0.105177832501535
0.861542943707389
-0.320002012313259
-0.817673308055138
-0.0639735190524697
-0.730120489993904
0.920068023929567
0.642690258043271
0.917055046451625
-0.0835384523192845
1.30228748377702
0.758739734586593
1.36333504642294
0.639002493210712
0.209907358078538
0.857903089741459
0.687352681498849
0.931361299187228
-0.674741096527128
-0.0026346509266066
-0.68262217106986
0.527490755264613
1.62405735412961
-0.350435361301425
0.552079774035925
0.251280319593047
-0.461326926685412
0.967376659839744
-0.709180475339316
0.884210241556848
0.982678627958349
-0.640509827892449
-0.536950534723856
-0.890790617240776
-0.0104296394666411
-0.0751743826715577
-1.03124702287894
-2.19174093884304
-1.85325936875127
-0.903291682408769
-0.633711094261295
-0.893450482831595
-0.544582294921083
-0.827340148789431
-1.06290334088747
0.493921137566097
-0.382271312658336
-0.431226839045669
0.056021896100655
-1.24498988393961
-1.27154710893155
-1.34801094843442
-0.283393594750885
-1.34624543149483
-1.35252655380097
-1.15455456114405
-2.13458777546753
-0.375608240741402
-1.3896963721368
-1.46692995427051
-1.08173131997077
-0.73962531278259
-0.969522866623626
-0.990033806354163
-0.120798213230371
-0.313526253547848
-0.892440402180957
-1.40092130405634
-0.0787293982585646
-1.01249432961918
-1.2388354539726
0.312286176362296
-0.961888712019618
-1.22257783078614
-0.949212802148895
-0.705812265314504
-1.12757486636444
-0.293065315183191
-0.502225305243914
0.228240738440547
-1.4329621193777
-0.785500767993741
-1.30056118755846
-1.165738774579
-1.55002634059258
-0.97190338064308
-1.29424921665648
-1.40340353407355
-1.72268890400382
-0.62619955301558
-0.773802183399357
0.48075978583421
1.90020080379031
0.22429001940819
-0.419643047932554
-0.401111478949059
-1.09538035588162
-1.01884061201062
-1.77369981435714
-0.65621910085945
-1.66492564110261
-0.765367982291262
-1.12646565547324
-0.392618503372705
0.781106720186803
-1.36177419531609
-0.493573503476777
-1.38784297646096
-1.6481552264068
-1.66958942224022
-0.323406055064893
-0.179797373416663
-0.650079064206085
-1.46869033883559
-0.324236233049328
-0.680458740732384
0.433594374922473
-1.98132439006233
-0.651093370189621
0.350290885473693
-0.384746911252678
0.259695111594439
0.845238903956101
0.0627055034072534
-0.428897780905568
-0.0928765691772636
0.426195862388135
-0.133283560534767
-0.651037315177169
0.293126837702779
0.66583755593618
0.388561034059315
1.33398794587784
-0.0269171941647832
-0.338775404942728
-0.276873466083345
0.609606784512727
-0.727977128848524
0.819302770652096
0.715177525933986
1.5181409844406
0.658316464590094
0.414730707102571
-0.0585112524179075
-0.299907952115611
1.05785674513798
0.953110561446346
0.592225493834297
1.03992762386633
-0.377597717774198
1.66167373108588
-0.166689346612067
0.483073624959704
0.794238793645693
0.406353230865142
1.01930689635629
0.366175910443854
0.810802047226086
