-0.945358600521643
-0.40644897171867
-0.213480103829052
-0.533301037897812
0.127984498514168
-0.0780335634451096
-0.21097084696409
-0.200626016121447
-0.487870588134242
1.29064253490758
-0.109725868252205
0.355450741054549
-0.17730759352086
0.165868466722356
-0.360809966828384
1.96713041646125
1.93159293126729
-1.25532621692497
-1.21652620801638
-0.301295531470581
0.666333686164382
0.361533715621807
0.290887120694044
-0.558839028505856
-0.643043671615087
-0.680885537144455
-1.06744414554108
-0.625809408973324
-0.743549489214812
-0.357616961046232
0.0886802136732757
-0.519337984015972
0.13415713180608
-0.261431800428248
0.949718688491078
0.519402702594455
0.989677782406283
0.562798247893879
2.20596592580209
1.02887391316044
-0.174412347860837
-0.482487083222503
-0.869569773813465
0.307406281937663
0.8659882116742
0.428236078292178
0.220936737348309
-0.706778728606433
-0.202368476819829
-0.183869727740912
-0.47320336105747
-0.469163308495962
-0.316514719131224
-0.452514457170212
0.0521561410130351
0.565805042805807
0.281438950905976
0.587981315563697
1.48797905445159
1.11836833742579
-0.458058466092573
0.0583705277256252
-0.489341122360996
-0.338324144799976
0.452055540803313
-0.33257289455347
-0.657062458227479
2.47418496803949
1.04866877582689
0.933133672458797
-0.0502569269176209
1.74882029976863
0.677597037008522
-0.789184591118027
-0.669240175419908
-0.00372187719135906
0.503605831536035
1.33680766909311
-0.610206130620374
0.719451889350839
1.8144672898734
1.3420606901885
3.18035557204638
-0.0795374363336372
2.15399571646716
2.08938958120784
-0.425107778908238
-0.76125068024441
-0.766095890912955
-0.933199653674133
-0.473737400863476
-0.558489866862949
-1.43505087421331
-0.40461220005223
-1.06533888951728
-0.517285311698114
-0.481537771780153
-0.393486093248672
-0.876323516336726
0.521906625278952
-0.132202145129599
0.420641124812441
-0.746401388139266
-0.454695138788237
0.933729541982749
-0.881957906393962
-0.722192886064461
-0.166225721450063
-0.902727082808055
-0.563452999588325
-0.624526860754596
-1.78957408972584
-0.195760925944936
-1.07610920621449
-2.42425312670524
-2.35365625222721
0.294601559372501
-0.635139789842352
-0.951194567178218
-0.947558157369613
-1.56373558466684
-2.35787219536772
0.749672887234293
-1.77083277238611
-2.00747508476831
1.60337778496678
2.44017662855509
2.45338594723867
-0.734047677521161
2.90016660436933
2.4710739502742
-0.200056047489023
0.084206909940504
-0.350104268589732
-1.10107924860828
2.80259639470368
0.671951288936768
0.61641393912646
-1.38370134737425
-0.277116664643615
0.908271131847184
-1.02559692293098
-0.781237934708623
-1.50656822004977
0.452968382558783
0.146251753378417
-0.311479177343024
0.97679746785899
-0.121550438451234
-0.182899801265074
1.60060904162665
-0.778043735399849
0.30939101622126
-0.11064278759287
-0.077224008870014
0.281597228530404
-1.07438603130115
-0.934210581819422
0.381661331026677
1.40873235707294
-0.750343020271334
-0.736099060269346
-0.103247301140417
-1.01556558812497
-1.31075431526182
-0.111062987104225
0.442559863210525
-0.00200436751752069
0.135383962010113
-0.722075916359034
0.593176892884568
0.622413142708085
-1.61049242053135
0.326433006033965
1.35907607445891
0.222586100391578
1.75226342892998
-0.744547576469562
-0.675793410163463
0.0553794552866474
0.377526620047964
0.526543062289605
0.27605874707538
-0.590888408734135
-0.0148940030301555
0.78059385661792
1.05118721449903
1.21789438028973
0.523977753455057
-0.222940832416603
0.312075595802914
0.28913733914522
-1.87719188015009
1.14475183083256
-1.31851132318046
-0.946281818953103
-1.41966930311504
-0.0952985987874978
-1.25796526657211
-0.604770124254817
-0.156713147831572
-0.663047855637362
0.451971932033204
0.457117812414756
-0.411626218488226
1.442776188397
0.329810657603626
-0.342140022253047
0.392585168066607
-0.242002980523248
0.266142382449532
0.666038594864882
0.486757909848592
