0.109061587707648
0.235318969447196
-1.18746611253423
-1.03479050437975
-1.21784226935577
-0.328793996458133
0.0464194300967575
-0.171138118365985
1.36477885474238
1.04165701961287
-1.76316941201346
-0.807362053086555
0.139266932069057
-0.068563447097588
0.390961989218796
-0.391618571460547
0.288500037601687
-0.484337685044605
-0.438954443052089
0.539482086834088
-0.622067948181413
0.11956532857658
0.0734386244237163
-1.01632407927666
0.971708838676427
-1.25312937976798
-1.6430613220011
0.776886706155563
0.347556080388278
0.158341937536513
0.897756311840512
-1.00299825895538
-0.752238396584739
0.67250518047716
-0.123295696586775
-0.841272033133188
-2.50135995725223
0.4128623775408
0.650954683025328
-0.354063210040143
-1.1820285271197
-1.30480582230824
-0.817846616115365
6.93506041234816e-05
-0.208991370266956
-2.27709141165787
-1.43212051955621
-0.298188428956019
-0.583250561185984
0.651231108550814
0.9304791929381
1.98322733915682
2.8283900658751
0.294635287214876
-0.86803378518023
-2.13246942664889
0.0592174536071839
-0.527468036618537
0.501542865909804
-0.365541099153408
-3.35176956532614
-1.83121044723388
-0.545682251356832
-0.640767770818904
-2.0630502546726
-0.770029363071792
0.736340478083752
-0.428377186525549
0.156992839907299
-2.31869715907369
0.27764772729625
-0.622742085116359
-2.87826418313315
-0.0250028852335146
-0.288751309561307
0.540968973265406
0.563820290968644
-0.697160420766415
-0.12859390025567
0.652041069115859
0.0246153695528234
0.247977271814896
-0.236077177733162
-1.29906876612017
-0.413177062022895
0.152002430192135
-0.999690348360402
0.300407879618801
1.0731564053012
1.88736481256118
1.27300258766564
0.82553352511017
-0.451221969814712
-0.728723528518675
1.53187470364656
1.43352619916503
-0.589940995591849
2.3187359319627
1.94221403277384
-0.00623299502277469
0.394640850590458
0.845183045875465
-0.154047109791775
1.09549017168707
0.0489708016135018
0.91710558671336
0.0765098833893334
0.914874811946102
0.0318697727500376
-1.27820055642964
-0.102814462389034
-0.555336578191184
0.928184240000895
0.217172471956998
-0.822601532726775
0.0155754250298375
1.11857881563201
1.57117326603355
0.610324365392918
1.25049513749868
0.867459708702535
0.419147753277762
-0.292633554613211
-1.92321291211994
-0.0362193795012726
0.234148563318732
0.0245681153540347
-0.624281130658776
1.33555063580838
-0.762072622075281
-0.62493519098642
0.42063603209255
1.05285056724651
-0.377220054976657
0.132310799573728
-1.00535391893489
-0.272129777657593
0.0637980965384894
0.928510585745292
1.06249345358141
-0.231644883328068
-1.23227530288305
1.68242479002775
-0.454756350261039
-0.372047054156328
-1.05642548596279
0.307690174114557
0.251643081799068
0.305254424145522
0.416104732842752
2.24987630079816
0.089752829582184
2.54318311117793
-0.0429335240618397
-0.424995160858877
0.480539539295354
-0.164208924281608
0.542169053622064
0.41529482151791
0.694645415277946
0.745895119611459
1.26383793274941
0.493214748019689
0.334548520687867
-0.379853590276576
0.827115294628414
0.325984875856652
0.556488613255063
-0.622647265723951
0.830234890378776
0.389306437140002
0.256836848161551
-1.14997964128974
-0.00662147768429832
0.725750404869865
0.408120081730578
-1.12613872754966
-1.93769684710304
1.0352474772305
0.327746948625076
0.159408829861526
0.122450335829225
-0.631138754332461
-0.572303471337719
-1.47412345149515
-0.604628380502347
0.813968185015782
0.128925986923331
0.100832116143284
0.864797891706873
0.305729289148878
0.580765698876052
0.985568218852718
-0.0105788747643063
-1.61129292607027
-1.62876587434166
-0.272256722152877
0.000652792731763032
-2.24522396708092
0.0482736055055831
-0.0340858181819691
1.67222795971743
0.865807684963134
1.11905595229062
-0.447042438869143
0.941899942745557
1.07756996577574
-0.661823718302778
0.998536810486534
0.249096111498374
-1.39737441546997
2.23321413297012
0.170486850732407
