0.515339901771942
0.479502035698118
0.458606332595254
0.17822417530671
-0.986097121154008
-0.651201979393247
-0.742533477183115
-0.572315221301709
-0.0509391388811146
1.39973258317658
-0.182094516258398
1.30930626198292
-0.0314499606071531
0.472951195081531
1.35053444782478
2.52484085631181
2.16966537736281
-0.629309884212719
1.23972832218802
-0.950852768728096
-0.602753414917415
0.583207494537724
0.469002765731387
0.0115405311669885
0.484131857852723
-0.0620124426980471
-0.188013749596972
0.149619542552906
0.292913823673948
-0.127460069190734
-0.648830700217456
0.0556551866171896
-0.98673547285934
-0.723039205894212
-1.71508873567385
-0.686693598348311
-1.70778868655791
0.124743743193177
-0.631341550149695
0.267919481174355
0.593616964533269
0.387268401157344
1.52693887939918
0.568060773441671
0.135202904932209
-1.38477633429363
0.446535319760331
0.790944205423898
1.47782043392347
0.64650966388054
0.380371890151968
2.34983449450574
3.21924478866583
0.48456215012871
0.172898362866906
0.623160395833325
0.195462706090299
0.496534138637692
0.0406474307931075
0.594709399082298
-0.43377366509524
-0.0621814074481583
0.55738023312082
-0.173972364670424
-0.048276950144276
-0.428018365253782
2.13153532523136
0.468006556832606
1.75775674254648
-0.388386776743863
2.51408112611863
2.37154883649688
-0.0485398886155263
0.624919303987681
0.65821371117847
-0.617246974861892
0.776617804816809
0.823823036536803
-0.0657998290897954
-0.682226054380387
0.761059055308967
0.660903186299261
-0.128654766528806
-0.104238147043764
1.06635739494615
0.36065037291979
0.3712066445508
2.41791800622615
0.332580762248432
-0.936307788866889
0.888038076218963
0.0617868270813469
0.789897955423147
-1.15336947744681
1.12146154704911
0.637478029957713
-0.0463620958023189
0.695702487565329
1.6073708534953
-1.14403290249923
2.61860943909963
-0.388543016335646
2.01448734758348
2.21971205864343
-1.7579111586715
-1.1023993920667
-0.587804412631019
1.3561537714515
2.35526946581504
0.346516266885742
-0.552340581054088
0.610252567948412
-0.385005145589772
-1.40302448085389
0.457228126981988
-0.531719926075569
0.176998175282668
-0.704650347204055
-0.988520104096746
-1.35816805556971
-0.269491315555502
-1.11808409855052
-0.591713285938386
0.617379401318279
-0.973985077648695
-0.310372081033421
0.388651219470719
0.752244047547185
-0.158546680407649
-1.05721354541474
-0.427635984064333
-1.67562525508283
-1.4943533763825
-0.814286123358151
0.589284841888632
-0.98597002591773
-0.502119760174442
-0.31887646061019
-1.68859021525343
-0.151994983847614
-0.124384260402652
-0.899007809663732
0.321424184927922
-0.74146840432042
-0.0896310364437782
0.856470409628617
-0.408286836024792
0.794580443532052
-0.0804878840784949
0.374958088063961
1.54991801969037
-0.536262936401759
0.963532600748246
-0.90978477605132
-0.675598090125734
-1.61874369810901
0.358104662211695
-0.873277972204773
0.309517463381367
1.78178710680956
0.150051174144928
0.5528106523156
-0.0433625985966758
-1.06891477549672
-1.62432203043807
-0.00927589681402144
-0.729167304393154
-0.778608382364848
0.299859273487414
-1.22095011002881
-0.645238292541665
-0.688285215655879
0.352227258561038
-1.32579892266394
-1.21975100850251
-1.18978149501852
-1.05068322281761
0.426486262829931
-1.39814550107351
1.45361757221026
-1.36279291520759
-0.459558228822978
0.830373078032271
0.995524001500746
-1.13128165555367
-0.816124142658935
-0.328310390453248
-0.74616053830484
-1.50014873909418
-1.61159426563767
-0.410916863463847
-0.572153190345594
-1.79938272578027
0.636521664808758
-1.73258162532816
-1.09825505309431
-0.71744670284341
-0.0442382366329373
-0.227817182783572
-0.397169899802924
-2.15568767423585
-0.254565174393621
0.190655288991551
-0.282034318390803
0.521527272597454
1.12173250800585
-0.247761172558785
-0.614164799978349
-1.24155607275783
-0.341647523882145
0.0128060028054118
-0.259679832115878
-0.157147058016465
