0.476243265764883
0.697122075784453
-0.133230538652696
-0.398135682509352
0.586514910672054
0.700666079838645
0.595728258933178
0.0237330975149848
0.329306015495248
0.274049466558976
0.104728488507873
0.73028472143468
0.151009605415235
0.162547374665366
-0.0868132272724534
0.0542276959734537
-0.27564385492125
0.060988048579541
0.324516957637128
0.336218935148299
0.788555743759874
0.731428757944678
0.640198135696892
-0.0476388301102781
0.489390085903622
-0.835618147388548
-0.517986077868463
0.260004241150772
0.0397224522427662
-0.43031400844462
0.206868094678525
-0.873340942556736
1.01561452575045
1.35713108608948
-0.160089068233554
0.394617600926377
0.258038654053667
0.0269482608899819
2.24252569206576
0.347293412654181
-1.48376752422096
-1.77384109721948
0.953875099186338
1.55604947950818
-0.731241387056288
-2.59747488421773
0.102154661104804
-0.665944385874484
0.478666199816066
0.71651212596878
0.657757191779719
0.909583712099043
0.391925005486116
-0.462730704405819
-0.964585170653401
-1.30941064936678
-0.301422860471374
-1.06632453541088
0.284324921896371
-0.213367800437007
-1.78280065447683
-1.0137014774378
-0.100396230055821
-0.168271168396104
-0.496636115492953
-1.49217593101095
-0.651063438476416
1.00016539526736
0.74628523947877
-0.800653399904009
-0.0210564869319824
0.618824388572904
-0.882008329638534
-1.29685705318743
-0.697618957027741
-2.99263094118374
-1.36626610898411
1.43830395874266
0.346329292365442
-1.16790830707852
0.8396556866111
-0.319587723319634
1.37137959917466
-0.239597616824599
1.12784477504868
0.623900893808973
0.292990316183923
0.245121934440483
-1.83364222971225
-0.283658270358079
0.115094725587384
-1.39367438039863
-2.09121941183985
-1.5244289681761
0.385443761171631
0.396543191385506
-0.380916168791097
0.0979943787055147
-0.424845092238333
-1.17225602106508
-0.913962136523394
-1.56834909119831
-1.12506226204505
1.44392981801799
0.126685395542886
-1.9065917296623
-0.63385674430625
-0.487724432297988
1.09133780971774
0.936003495475436
-0.166573242646479
-1.22881673335232
0.389538685934528
-2.02087067077121
-2.11649885270301
-1.57189056622784
-1.0229307879384
-1.19914288200947
-1.68704370676642
-0.820977999358597
-1.69092891692169
-2.0469792625696
-0.47166097658559
0.218233186889346
-0.719188346081735
-0.78969885669218
-0.587448047462389
-1.18693996263108
-0.366639999713039
-0.19627213331248
-0.521443765574903
-1.57696182843507
-1.66468429017055
0.160523018797656
-0.733277210228415
-0.0993637059677771
-1.11875766209628
-0.711299108209276
0.617494600906279
-1.10631948254172
-0.759275014829611
-0.140443947926494
-0.539647633132292
0.0801289512620384
-0.48105088740609
0.327202245354006
0.492958226876054
0.536013538189663
-0.0642277517483005
1.69639915811008
-1.28512875013915
-0.295215733417624
-0.293628834894114
-1.15599057963853
-0.0416718202533917
-0.308298791318072
0.806149434827565
0.354715858852958
0.0500607231750331
0.931024350791833
0.173630588725164
0.26726972068314
-0.309920020556799
1.10953200822954
0.729160004805466
-0.777816338172397
-0.0533433400277731
0.56291002652998
1.58174543852855
0.476511338066469
-0.214624738243085
-0.528489199699704
0.166944385572136
-0.329560582707544
0.730689799078066
0.217101930497895
1.91362390186065
0.757362805935915
1.58018617952158
2.65439334041212
1.06057160728634
1.18931761459899
0.87777831137262
2.38485966518762
-0.458177759990865
0.288011217151829
2.02402640102109
1.83642411301124
1.11495431499128
1.45372594106394
1.61753717155236
2.16276092685205
1.06130405361149
1.91104110938382
-0.196097156801667
1.3102534352867
0.849339407158924
0.409844943796991
-0.707537312315093
1.44675216455868
1.18741655644735
0.704871769433137
-0.541405428447144
0.308756677515467
-0.493519209505776
1.42496856016855
-0.252567141275899
0.51417457159094
-0.0428841347517081
0.251209360840319
1.19334322515703
1.26180850327685
1.12401009489391
