1.01889897748572
1.31687453597469
0.591275531798269
1.20858973680024
0.935692133787258
1.07908809945287
1.14106012817288
1.13812259710984
1.31756442326841
1.28517482479094
0.993233331992075
1.6943218272722
0.585036272080523
0.392760976542068
0.586302364216127
1.36513265861679
1.4860295483799
2.00356352740217
0.855979017071634
1.03348273255072
0.975461201995242
0.970590309260467
1.15585197853469
0.584530753454179
0.841217352005632
0.502911139291715
0.263493093457529
0.122631133336747
0.772313264275744
0.907635419826613
1.28600546676817
1.08092024685125
1.15729321910546
1.41971505074132
1.29558331925257
0.735248077864158
0.395107981390351
0.428055577836938
0.987811817434632
1.40605999885108
-0.585962720657542
-0.495620869743748
1.90185753247051
2.26620086185239
-0.456861707594056
-0.598254200269756
1.67137821834054
-0.0436125380301273
1.84898093479521
1.04908434201206
1.24553249274349
0.532621930416517
0.413174623652795
1.97612430334243
2.01695946008751
1.46934696732955
1.78710789928097
1.84361652894002
1.06525020433893
1.60577213290421
0.743137914797345
-0.896521073938205
2.30187897394967
2.59360550296724
1.77283570118668
1.90292424250218
0.186859703445419
-0.389087906047399
1.78210437464739
-0.427380138926877
1.43811236554282
0.152345505687343
0.267594712549333
0.978099228994868
1.56578263180725
-0.298238496992521
-0.840358294147345
0.633530076215842
-0.523149710883222
-0.685874410342052
-0.634176515554801
-1.67932601523792
-1.02303608221898
0.501089199625284
1.12939547474351
0.211357167789806
-0.573181923159186
-0.397288799061427
-1.44064596740921
-1.0512129590085
-0.591178251407916
-1.12043433964704
-1.50383263122972
-1.44099914362211
-0.980211393540409
-0.491622722981763
-0.430278824007393
-0.365261101241248
-0.34952096585035
-0.97892067748564
0.433576838079763
-0.663619494681335
0.307829847971234
0.600414480738444
-1.50191443624235
-1.24086868421412
-1.16865321831883
0.257180546303851
-1.07397952706399
-0.177089805614595
-1.06488241485374
-1.643610404937
-0.781987729793039
-1.36541652497364
-1.5907782870532
-0.878457920709744
-1.1553057233643
-1.09743759649418
-0.980350415372454
-0.517559380334959
-0.90368871644998
-0.842959246917191
-1.09083534644722
-1.69060405738698
-1.16821032646629
-1.00464190907039
-0.512588296621235
-0.630155679002421
-0.558670026766609
-0.649828915670889
-0.951360319833771
-0.40784308415981
-1.58132199776838
-1.30180506285598
-1.23862578938904
-1.17584859629741
-1.40608753581946
-0.965949241278268
-0.787255984663789
-1.04333005544584
-1.45641616508274
-1.05068652589101
-0.687411314397613
-0.0255777893990169
-0.410952619515664
-0.889514917330171
-0.301492973049013
0.234241672374135
0.631231017704478
0.516137615103185
-1.24168990160653
-1.08442440704539
0.0676148350953572
-1.63461248656975
-1.00804691669097
-0.955582530520206
-0.737717126513725
-0.367459225771938
-0.0961202910487318
0.782896291837469
-1.28355248364282
-0.842194062451935
-0.844197842424036
-0.414615669399865
-1.15761066740897
1.61937920085223
-0.036935304926678
-0.978955380986204
1.56721468614985
-0.654160565167143
-0.660028269479625
-0.152533942969378
-0.437068507395042
-0.679264064739429
-0.309155809918081
-0.577879423027995
-0.184327424378087
-0.0911738874189775
-0.666465286569457
-1.12846045364973
-0.483213218230835
-0.306887833323117
-0.555611506832723
-0.708237295678857
-0.0836802080275736
-0.373826669197006
0.216097701187163
0.166170989175413
-0.335220209625645
-0.56422071133245
-0.232514104184686
0.509192840121992
-0.421965153088864
0.564260566888664
-0.0375916777787589
-0.280545462648263
-0.304039081320249
-0.315013805752498
-0.0106395039508246
-0.557106927267996
0.312290213065814
-0.492655078407496
-0.433958728348229
-0.244356499101304
0.715026265330112
1.0119328091026
-0.270930045744743
-0.0861561815055326
-0.702034197560071
-0.474898263434798
-0.629297249048112
-0.323163870649221
-0.303349421346009
