-0.139742224086777
-0.285860483532149
1.09093768668337
-0.63960959443904
-0.62547911193935
-0.421544015297547
-0.663153175985296
-0.526751548979823
-0.295722027323407
2.07684832729752
-0.719151703810427
0.833608294910506
-0.0712507976833326
0.0575853318928852
2.41175228124424
0.960481562799469
2.49841655817962
-0.156123323967893
0.0644938091929477
-0.288519715895998
-0.273754587688261
-0.0393110386913232
0.539829967039461
-0.28968278338413
0.632400249135746
-0.787473812431353
-0.94556956243471
0.229668281615911
-0.118714622670767
-0.514215598471992
-0.389849675688997
-0.497161078305628
-0.636486492868787
-0.313865308119587
-1.10050213620055
-0.787276112792901
-1.21145325788647
-0.546172006441009
2.31264662326738
2.30886368068441
-1.2803542413951
-1.26559210145464
2.28097707999822
1.24116942437201
-0.531547228994175
-1.8625171683162
0.148542717727678
0.00376941242137946
2.69231894847901
0.721057111803555
2.46957192025298
4.18983172419052
4.17455620489783
-0.211637083370005
-0.526631069529224
-0.176338391611022
0.0671145059818867
0.218815498067516
0.125738552087409
0.322516890283742
-0.0574263067971329
-0.143303950206201
-0.611746722677717
-0.157554125469863
-0.305857778037231
-0.423402269596547
-0.185092859641493
-0.0421140631854006
-0.0728024773577452
-0.361421038259621
-0.280694757748769
0.0126427887237496
0.11490717911756
0.281397960581956
0.870999079323684
-0.535378213263801
0.177851639831155
-0.00830783678304961
-0.614511569870494
-0.713570720621143
-0.0639648274533552
-0.179094295720465
0.100575588693471
-0.0308482772256228
-0.45175057298144
-0.204793112228986
-0.52672387045725
1.01697681658514
-0.898305924770322
-0.213893814923565
-0.844673453203622
-0.165142185050746
-0.676574484810467
-0.744001552937262
1.96495905928502
3.60260674925881
1.28317703246109
0.393901293701922
3.26705295492516
-0.897556741704959
3.47103873791902
-0.569231641352874
2.38944767117468
1.01662049894359
-0.737686869026018
-0.874001242138154
-0.709943821023281
1.71173069551346
-0.441520880501383
-0.521931389680992
0.10624082880678
-0.291029084252017
-0.351307817635536
-0.332316776780555
-0.789532890647391
-0.226127968068384
-0.70598239888468
-0.853324254948034
-0.28807153237616
-0.37190190946275
-0.706243146365877
-0.591815807847219
-0.447622264875229
0.765248353366505
-0.103748275697418
-0.611820595488964
-0.193051717808214
-1.72341696312527
0.253174364190414
-1.05516705627815
-0.963234231042186
-0.318112641978648
0.00112334194522616
-0.135577898497175
0.842816248469791
-0.649246448350095
-0.380481421444844
-0.811509332525102
-0.682911999989312
0.0739370607337779
0.302524940830131
0.31744219711879
0.566324534339418
-1.14991714983498
-0.380273602278786
0.00211467915610469
-0.47607710268435
0.590398113493537
-0.109855493222785
0.347255523843542
-0.0229752893473418
-0.804644654961629
1.56496903818055
-1.00282761768526
0.137684782342358
-0.724215621123346
-0.924468472654637
-0.294554517747945
0.65664673844948
1.75427290173863
-0.177656970092252
0.239644580974047
-0.354615247988507
0.0391279219077522
-0.293851613921928
0.681712242836801
0.658727643955707
-0.722514180398519
-0.375018912262682
-0.321513008687832
-0.791777490906724
-1.36635732590473
-1.06605585506151
-0.543591300312175
-0.213546416071502
-0.945151771161648
0.0419273390154828
0.546697822825561
-0.922790796326601
0.0423252282653813
-0.235921465072252
-1.03555678918717
-1.13773416187698
1.56757880025106
-0.529949230141364
0.436866159879811
0.0582043917242498
0.15846077836757
-0.408217688041593
-1.15314443726078
-1.09649575449001
-0.0613777323195972
0.147298581381005
-0.124387347699984
-1.26399634488911
-0.884082732153904
0.172992121381955
-1.17737932218922
-0.114015370636
-1.03609569490674
-0.695987902072291
0.514108648041404
0.818132439056563
0.302920320712764
0.689942261511496
0.570409801855659
0.129271640025626
0.201259892516328
-0.424191047893433
0.218896840927081
-0.0427016500437967
-0.0982979308994484
-0.376903319789489
