1.5182203232698
1.583030931266
1.04170328045241
1.33201704829327
1.31634252602795
1.6324489874507
1.57361642121731
1.54187552963751
1.30786485849346
1.58878936057386
1.24238567078327
1.6041566071901
1.41273194682089
1.31419052365518
1.48096355910577
1.2377665992418
1.6504232899698
1.38747034516241
1.25012177033974
1.63466273959296
1.59223441005328
1.71563414956126
1.4724558222551
1.5315563316645
1.59507889177633
1.46724697626038
1.45232810103836
1.59570111514988
1.54120612127875
1.50828793049972
1.53557574636986
1.17236171658492
1.47700050108547
1.55617779495607
1.55527676986282
1.38961265442363
1.51898316001351
1.33722920908378
1.60376271906541
1.35970789527456
-0.185533097547485
0.626101821922943
1.46788360704519
1.50089523442668
-0.440115719530611
0.51622532546439
1.2964492157058
0.951565609565103
1.36969290462506
0.195119111484131
-0.038268091700145
0.103571810145972
0.490344576853126
0.770569403178122
0.0978437852215367
0.265225478376245
1.56556083072384
0.862194386419494
1.02639310433847
0.825759651604679
0.655623706111655
0.219904514129675
1.651358071523
1.54073169486759
0.463815661798195
0.886078203370225
0.471959704932746
-0.476708642349135
0.109524338056694
-1.09198223888488
-0.414262050843138
-0.691587812229349
-0.443063970073206
0.229823757572458
0.070282942753249
0.0117648227905047
-0.0918472684078352
-0.948942360286804
-0.0935558315218678
-0.698843544123572
-1.12676646285511
-1.19692993020141
-0.481269209084428
-1.14712083912585
-0.957218045254547
-0.932647894259387
-0.185573807812743
0.421975670924075
-1.59996577204654
-1.32829881578883
-0.255117712201194
-1.23162505672329
-1.42202808670671
-1.52819868185102
-0.878163876967719
0.37410162024396
-0.203093820406168
-0.321711958749107
-0.402574926939631
-1.07341601493411
0.173852167733117
-0.968119710044198
-0.311709244201506
0.407097008707198
-0.989017962407692
-0.922685066812946
-0.912630417020934
-0.476443882385603
-1.18955982494543
-0.909742512721465
-1.22678480656888
-1.42425804788805
-0.815653965395087
-1.25411171130188
-1.40903561493304
-1.42518964057674
-0.936219593618346
-0.534217734672898
-1.20051631800399
0.101854767292534
0.46663534396413
-0.790288479513178
-0.792122579148623
-0.457070961278516
-0.0870378675016016
-0.74414651931461
-0.911420545893362
-0.928428143137851
-0.438299762751298
-0.483004351043559
-0.909951186434698
-0.481747068643724
-0.299155462948017
-0.347481179239241
-0.80630655510887
-0.519906088575077
-1.49493138486349
-0.772319835183461
-0.764363777060171
-0.0287210557470976
-0.867807707000639
-0.493496688364953
-0.933021276916212
-1.98651543409669
-0.763962397358892
-0.444507977580351
-0.454624850139304
0.283091848873141
-0.139359534713011
-1.02234124575006
-0.207923255313364
-1.23792993242002
0.00358193330850549
-0.72941861974069
-0.631851595761106
-0.852740250247488
-0.929840413650911
-1.76074322388649
-0.152420396155451
0.723290590808959
-1.10829335066023
-0.908945468491987
-0.998944988709967
-0.864357159894869
-0.482116699026475
-0.510065196517665
-0.0518253073894037
0.00751411199525866
-1.61945680391181
-1.0595344817138
-1.20447179200582
-0.907397828665529
-0.601487556800752
-0.651520380593644
-1.06744520826558
-0.397207257287734
-0.279894068135855
0.428119337709612
-0.987088903241683
-1.287626252869
-0.609261555073452
-0.201874936242694
-1.03690007726168
-0.64303767576769
-0.855459018861709
-0.648117791785307
0.0715452026969218
-0.0129116681155763
-0.644115115496378
-0.918528214741346
-0.643452386058665
-0.0887081683755298
-1.42821328298695
-0.146216680312142
-1.11325266962386
-0.766626065899428
-0.662153570119631
-0.199186434324115
-0.959397027165668
0.126196633957681
-0.592470992458936
1.19901402504284
1.09418551423916
1.13020267000852
0.572677367268861
1.37070504357562
0.604288996274614
0.90986619952538
1.02363502247005
1.25474133906278
-0.0213086410038498
0.210820728777448
-0.193050883025877
