1.06156145464549
0.716066489769129
1.34847450653241
1.39761925133565
1.30155878337932
0.861992066566292
1.10545479637659
1.64345640035405
-1.03225712264059
0.420251211816648
1.18815608447749
0.6137768310105
0.920000921768186
0.760096160863534
1.4929083654466
-0.420429726641668
0.865401856688351
1.14578552430215
0.740849711604076
0.545299291453927
-1.69836503760327
-0.208244502576313
0.223490740302594
0.859332309145965
0.660097325167796
1.01093805732752
0.79522777625658
0.794697675971373
1.01943587022973
1.12906760167434
0.922789178625263
1.0858887768405
1.25025869779959
0.369116085305691
1.55549210145433
0.0437703507303374
0.351024700713886
-2.18576799563117
0.231302257693156
-0.375294721100824
-0.993132136807639
-1.52313269504408
0.604913510531735
-1.54872353313033
-0.484497191098095
-1.19948373329151
0.688880552699689
0.245098420217371
0.0697962503141916
0.514401975579419
0.371492355102161
1.32517000824145
0.873945108825051
0.569560773559233
-2.00598246059122
-0.712094624814604
-0.489462180696366
-0.226469154679934
0.297808734521923
1.00718292991144
0.274893859806637
0.032635360991527
0.543131041501708
0.921666512395589
0.283362594974557
0.579398868213055
1.02081212551158
-0.0861666441014185
0.233351897483972
0.396281012360433
-0.403085624448624
-0.959036339837868
-0.500467068840347
0.0229392688385071
0.398679027097533
-0.904613072387408
0.189028871166596
-0.755748861849711
-0.970033237129988
-0.821941228070547
-0.728565221410235
-0.355121074473365
0.260651367170539
-0.410594779023226
0.148379636306578
-0.332061289544769
-1.0279494778364
-1.36380688391203
-0.333841605119989
0.058465269633166
0.0650465867331974
-0.399603601441851
-1.35763324150596
-1.51035062028717
1.07181674717406
1.57216100274071
1.28353697076707
0.972575360600825
1.2177920179748
-0.755756541317726
-1.02773493789487
0.0168824234702661
-0.563760595879539
0.778063708183525
-2.95159567075323
-1.39165301800841
0.493462144310117
0.60026009128479
-0.224174758846182
-0.568067333410905
-0.674469811144203
-0.998561561790226
-0.0418660153829802
-0.7806993338976
-3.76011774891147
-2.22175726575351
0.511725602851451
0.067552900634465
-0.65194543463656
0.158179693955376
-0.11998959384121
-1.31191664897737
0.120614137345356
-2.3034809825423
-0.287810163448729
0.169925612734419
-0.380616217990497
-0.834704591151457
0.0301014063574138
0.177230115964289
-0.190096518810014
-0.542462935153416
0.565533842670165
-0.279418570540578
-0.610745537382514
-0.371530257891506
-0.401025051154982
-0.131729581928584
0.573402554746565
0.174027224102994
-1.19259011173647
-0.907761002141138
0.731577514453577
0.161139283924441
1.02734807169389
-0.273952599029046
0.675216423904431
0.46661351596926
0.331855520535626
0.007126467034754
1.65365879738626
0.411492527398922
0.277161769963077
-0.450343197724108
0.0779487816846939
1.04128995683534
-0.0751164881227772
0.784194382575458
0.463160780035855
-0.00240874722143246
0.744702792982468
0.0760847679227581
-0.240610641732393
-0.152730604655247
-1.17867825531347
0.620375971697838
1.57736630306903
0.18523214776417
-1.0294904266218
0.701198178380517
0.445447510645035
0.589884939244468
-0.0286666322834322
1.58046050983208
-0.640958283059642
0.935085414060031
1.1421078027222
-0.698935889625839
0.0215389928253572
-1.26390303379229
0.564369273621326
0.701452372982119
0.530671646084802
-0.724990721756009
1.33464274590062
0.0767490879809196
0.927912066456926
0.434228642378529
0.658308652990763
-0.261798220741634
0.415994784914842
-0.136919735336709
1.05748025650723
1.05929292813866
1.11363152102229
0.924607580252455
0.916627538370506
1.36507358090001
-1.14127244867898
0.282561018892635
-1.28064354260236
-2.05368896916177
0.232846701254947
-1.21454236398287
-2.44401357557457
-0.115234215928292
-3.32263975156329
-1.71233417605068
-3.45028724223296
-2.4051757219758
-0.0513321194606535
-1.00574160534835
-0.149772524914435
