0.249461243266376
-0.134066388296797
0.276126802522459
0.425916654969281
0.586958579430016
-0.351785525692001
-0.217306356502243
-0.0526421000957078
1.49763724535514
0.506745011469122
0.473964355452244
1.23282339351452
-0.307031589356785
-0.199531026351074
0.283103498944553
0.651723181860586
0.535976942223085
1.49090575561131
0.851107558515075
-0.337536238549796
0.53089320762262
0.353492968874757
0.28595734482241
-1.49735462955017
-1.05682585809675
-0.491613724196
-0.741035902412259
-1.39686247811762
-1.00310947084044
-1.05195074455814
0.856256548359647
-0.0405401313892659
-0.357104300841923
0.0806020109914435
0.27991543775366
-0.253086546859003
-0.252201011414445
0.235757057548548
2.62192123826707
-0.265337980893158
-0.0384442591122163
2.83282592356117
1.22006633281504
0.122866160066608
-0.773414226469594
1.49921272470749
0.242408012536777
2.40953939000888
0.792383031402157
-0.161757514547115
-0.884470079563837
0.628655684275885
1.30188598417593
1.63310430501151
1.35874390135412
1.38462149312206
0.446794203415817
0.448624573874321
-0.330862351311489
1.25770325781555
1.12371560118339
1.74880378650132
-0.540927436287557
0.100980108443361
0.693742965684576
1.43833959652237
2.93357327566323
-0.807898233929147
1.42951118628171
0.208963953448158
-1.3652147937896
-1.31351852687125
0.998932177553915
-0.0939457913208246
0.635641077982134
0.585207110685978
1.85582785023197
-0.519146417624964
-0.232816448398408
1.13869226984983
-1.86791657912523
-1.90179395095674
-0.885512845307606
1.21175546407341
0.125655658331576
-0.712266214839444
-0.68525809191396
-0.689985388881495
-1.4620636585942
-1.2076985963364
-1.2919478877959
-1.73308240499134
-1.28594875010287
-1.66964620258364
-2.13685938146928
-1.74753774252423
-1.04167824743012
-0.810645665529122
-1.34306822779914
-1.94361171467367
-0.817645825720379
-0.97868421095332
-0.533263031957888
-0.0395591278049017
-1.93739139426742
-1.93544877371459
-0.935969579445007
0.160304958762165
0.0954574863897177
-0.481311681856574
-0.0588014678884143
-1.11741037470112
-1.43010485731991
-1.69311684361604
-1.79876234335167
-0.561949066500729
-0.352720136937912
-1.85707326616583
-1.5267710324993
-2.12073732435543
-1.99099236239458
-1.73351160791703
0.607684252611209
0.151067175137829
0.909586320519116
0.321346457366371
0.213683180871796
0.372820492244632
0.438381512506135
0.894267222948453
0.823828850017378
0.786275515126506
0.719497804853691
0.488840673603853
0.192196474689417
1.6244262828879
-0.610787188573156
0.40118841438029
-0.417099673065417
1.43845005429077
0.00227866130190068
0.338890758679635
-1.66770108559005
-0.746581474957313
0.355558967918786
1.00925463679241
-0.363118166280561
0.267619113460508
0.0164165462985453
-0.275623692872127
0.650871100472095
-0.0394041032258032
-0.877531023549818
-0.342053453127399
0.647688176858111
-0.21057945994759
-0.169634736189551
0.180688407761112
-0.508547535252749
0.0773183444756938
0.684208790225227
0.48326499242716
0.376341884819811
-0.356594279177992
0.585092930288783
0.222396817637525
1.57345633199305
0.691557353194328
-0.443916005289384
0.594507374585054
-0.247490560898562
0.833924528170706
-0.101166460982315
1.18265948213948
0.163780159557537
1.86224249627843
0.875448632459663
-0.247030448074315
0.681880836796805
0.0294448163164739
0.719122812158119
0.00998817669405248
0.783157448303714
0.95271117872556
0.394863645918409
1.31104773364177
0.101623903267665
0.780561378353737
0.570930657015561
-0.587918434830185
0.755744505169551
-0.300525138278344
0.0957288026963562
0.0562898798247773
-0.068286798826373
-0.247887200733702
0.361529992143004
0.406034282899691
-0.262464188554748
1.6188217563774
1.92260061501456
-1.13190081538437
-0.39806455031401
-0.745556822477459
0.0608525549653217
-0.464193130176217
-0.821144364221038
-1.54418819884984
-1.10416536252577
-0.996156113339166
-0.7049114749174
-0.91321851707764
-0.741203290217072
