0.616697402472273
0.753541362420014
0.146917608901252
-0.613296408050183
-0.366205526669845
0.478861228975735
0.394539178926923
0.15007796680829
-1.01016349687595
-1.40894253625976
-0.174087650778685
-0.544708094414927
0.657922851055
0.333116739022678
0.624367060583649
-0.349048906357232
0.0835526280003471
-1.13166073305942
-0.805296853272922
0.332859588338971
-0.18569984364369
0.622739266231663
0.876775492087863
1.45301057418848
1.15106935576078
1.27944307299311
1.26785050749682
0.847620484822939
1.30108613653689
1.18878207957445
-0.744349537624978
0.229439174266442
0.475004040022118
0.0563151613287889
0.118970849894526
0.303899569391632
0.088142529518574
-0.0679152077651506
-2.13748972522121
-0.755417537568206
-1.51473965158348
-2.07351826222603
-0.621005797139578
-2.05806768420028
-0.385591261842357
-2.14900408573905
-0.40732351945041
-2.1268498294603
-1.2194472578781
-0.914275604143989
-0.594755012159998
-0.295668195802502
-1.00462536704778
-1.30002939006612
-1.20087655769285
-0.859460651384505
-0.398725894785964
-0.613066738465526
0.213059583134972
-1.01765427008616
-1.32778911705314
-1.35660543059101
-0.423889603950651
-0.654528053101934
-0.494505329522682
-1.51498713706893
-1.18895071435416
0.721333669077176
-1.05140750569811
-0.699687255507878
-0.695589803598742
0.132402550519366
-1.52693084073415
-1.0773676442193
-0.858841232495867
-1.04936809409524
-1.37902848629566
-0.0616513753462572
-1.1939694226385
-0.77475090944853
0.593094172245602
0.325806909634426
1.31212962664114
1.02970792809837
0.882096119447291
0.54216503281473
-1.30051062712259
1.23069076855045
-0.19265268611884
-0.597556700070268
0.734573910668246
0.479165279131359
-0.216298426957089
-0.898078452584839
1.17665674443149
0.937072277760665
0.661142619254345
-0.113097067410673
-0.0783136188564093
0.282317938690023
-0.279837797993391
0.368825338350709
0.0168053035755946
-1.29269583307122
0.101776039631494
0.615869754787373
0.583539143628533
-0.0767838907416117
-0.0778976314213533
-0.94242934923398
-0.86136004514531
-0.78565288918897
0.991842744067913
-0.288744755025163
-2.10888445674846
-1.43133560474253
0.123913553578516
1.22660409663417
0.258837938669194
1.4965169242141
1.53300112172137
0.32760133730887
-0.888791179877472
-3.43223252862735
-1.07888993479127
-0.324575637418589
0.663285107296538
0.234869546536823
-0.450345334212314
-0.706483181343093
0.0147912254729613
-0.893173733175383
-1.23568583168143
-1.76135782115703
-2.74107450535989
-0.917819454818579
-0.927434274387388
-1.66139429082301
0.790981847537684
-0.353094606290723
-2.25200381645429
-1.52436480814527
0.894781593507353
0.164947021352014
0.740607153761964
0.0331234970081759
1.42528717010226
0.767710888267543
1.10500958518101
-0.545255496394032
-0.519900764551046
0.629219452471951
0.455794828610486
0.777259155691481
0.135631490251464
0.217899529520777
1.08700733328138
0.633551773104003
0.732949465910873
0.254939608732618
0.155322591635845
0.380888286663429
0.497547194801657
-0.129519082313493
0.766135724460683
0.398785887022438
0.295961048498508
0.690279651046948
1.19435838515065
0.988438657751249
0.808486251855268
0.965813662041594
0.435783831391198
1.04489863725026
1.03184561707629
1.29897209985904
1.279120574705
0.891808322244627
1.36201009671761
-1.51656283626127
1.33779067020884
1.48459264920322
0.562154921412847
0.421781354284283
1.09207425705899
1.40511996608967
1.63443728403818
1.06052132525892
1.4537692547796
1.15608859835387
0.284427304330948
1.27626949437383
1.03830010443771
1.50868624142693
0.967003395619665
1.45270202990686
1.46325759951205
1.24903645674717
0.456138911083866
0.874830941074522
1.16190585927459
-0.650471731871065
-0.168183108668738
-0.182469336006577
-0.866356653165349
0.405688183709985
-1.30626546810347
-0.831232012433174
-0.72246493744518
-0.183975122482744
1.41259536351606
1.17255331476802
1.38334275499983
