-1.50341520965923
-1.17255393495792
1.16453646985513
-0.00838216112210258
1.22111850679244
-0.850496836093873
-1.06093569988826
-1.50298369132452
0.247427109998706
1.15441598782114
1.0101817220612
0.45733571166853
0.78675782174288
0.408531267124053
1.26048386361442
0.14623513247519
1.27825260757044
-1.10395111901387
-0.84814267654556
0.194820100392459
0.628814990677854
0.253503591998522
-0.186073242629739
0.715957409511692
0.440809244072904
0.860376877007419
0.830414516324668
0.408966170962277
0.460649398056432
-0.0134594857901864
0.332398269777834
0.281874056314447
0.238384478915838
-0.217945074727291
0.374443989756814
0.243331320000544
1.14854436966748
0.315152943801116
1.80286792967063
0.98523214745545
0.907781696938706
0.515417780437848
1.11795147212761
1.06881433785993
0.95472205923341
1.34556289205545
0.852563554708332
-0.276380594857069
0.753669212132578
0.57810905017715
0.316494993366604
0.833702288350321
1.01903557968105
0.2073692793216
1.05457102751926
1.04315212455435
0.323006388474829
0.552733959858399
0.646257043373156
0.838805264992969
1.401340211288
1.00283185719673
0.865223205521772
0.716799441012122
0.690245644362859
0.0972554962772104
0.506543767540597
0.680668211873287
0.697825432594072
0.734419576282079
0.972627022063709
0.747952221618182
0.866936814561452
-1.07295489092765
-1.27778006441003
-2.23924469421428
0.0468205833779695
0.65795470752997
-1.00521392888115
-0.466700953554667
0.700518668309411
0.520130814114937
0.550303997345667
-1.31689579444537
0.0184755841983568
0.610572872514594
-1.35152946751816
0.035502648446507
-0.904877614835291
-1.16552280333386
1.14160327320092
0.41317524595117
-1.91646747536592
-2.11607653260705
0.881741560825143
0.932429876584439
0.364186774876923
0.293053184529938
0.52838083135321
-0.609990566033543
0.76655394468398
-0.21731493243984
0.677987555133763
0.98755818555004
-0.531196644697896
1.23502156266775
-0.325619407825521
0.754123667612843
-1.88632196701047
-0.857206209055785
-2.38323521153291
-2.38915293076215
0.641612983862036
-2.33829047380038
-2.40109343957592
-2.37852669456745
0.811826926675589
1.10267853173012
0.232513313692074
0.587784570573997
1.02422575187958
0.297692681590675
-1.44943797797314
-0.554738501657372
-1.65242701631842
0.467789270623268
0.32103127582903
-2.11340398372654
-0.61758017163054
-2.19530006303041
-1.61408092700801
-2.06255465201981
-0.83412316543557
-2.2838049872961
0.486472775638221
-2.10473332634799
-0.607265361484032
-1.10688671575698
0.561202131180969
-1.78485345880775
0.530791731077649
-1.61978228113471
0.499123831298121
-2.39586466684094
0.00707756334353118
-0.943097855237315
0.127495034130387
-0.0385538598098653
0.127403540306267
-1.66599794744531
0.370470652632554
-0.081146826482979
0.54361847974249
-0.552624740191623
-1.05448204792781
0.507315398569817
-1.37012574160957
0.614681238990007
-0.112653129891062
0.435178805972227
0.362018410042521
0.598383984802847
-0.409297439474828
-2.34524788701727
-1.51819828518415
-0.054690283101196
0.104983363596663
-1.12869727170404
-0.0754677423358247
-0.172965204161389
0.321235851093333
-0.379719012162535
0.823444633841146
0.509171967322761
-0.016329502638465
0.426460954224095
1.06751491736063
-0.0929676009930657
-1.01565757539469
-0.471635635113691
0.262575045842404
0.510433778399036
-0.0692089025504867
-1.38185339658756
0.864984632021998
-0.0389447922813671
0.310743227306184
1.11141959655963
0.428625504548434
-1.60267949581757
0.702670066245825
-0.457714858667937
-2.25265882030933
1.07248232918663
0.24806501743191
-0.112941227411729
-0.626695026616088
0.191732657293874
-0.272429482021366
-0.023317818410234
-0.595277486964453
1.01387363634495
0.343150742314427
0.481856030867474
1.62995231826978
0.745867418247247
1.04303082849175
1.01833033608947
0.167031003329817
0.767073372503563
0.569856766978592
0.4499285661156
0.702860678725147
