-0.0886546922604604
-0.0512043435395037
-0.625288397640124
-0.48869416033663
-0.242755816312475
0.109754858729061
0.0709614114890063
0.059250602969277
-0.0584249301086483
0.0166262651708133
-0.268686841449055
0.0295700257316872
-0.205887414420397
-0.422349879403011
-0.147376400229745
0.676037767057255
0.687239468129234
-0.0867161636837491
-0.147036055853761
0.0862653972776865
-0.00516016883285738
0.06312399057404
0.157319733653379
0.199375824265508
0.0134166134743161
0.0287032103235111
0.0523863807269724
0.132465461492871
0.0840262409559995
0.0858196362903557
0.00165711263366523
-0.173459904614768
0.120178649380476
0.102161572881618
0.101544503595875
-0.00326307910660394
-0.0933282650613442
0.0157755082730222
0.794585062305414
-0.224771722923977
0.00290622550257886
-0.216358319936399
0.0471761201298417
0.743020136434023
0.313014096732068
-0.587081398218973
-0.437623073361575
-0.259225301541546
0.152528279606623
-0.304620298419658
-0.212091288970092
-0.0827793762125139
-0.400871806510137
-0.0457378670720695
-0.103998484018818
0.168000752798531
0.122342498686454
0.0488834869554939
-0.036847119915562
0.103360933274603
0.292122849107282
0.597036076820747
0.421804582780722
0.334606599865678
0.449088163386997
0.212906128721154
0.49027467232997
0.995782038605381
1.03945636217035
1.28361455595833
1.10267316562563
1.07799092499477
1.02235135789393
1.2757944389359
1.1987175635146
1.1675072356551
0.917900935552814
0.729935341024904
0.421586323349487
1.16231719526572
0.872116541950306
0.476576555217079
1.14855653489422
1.17071376388486
0.967013829877849
0.982408302360838
-0.0315936890894047
-3.5076626650816
-1.93654039977288
0.171318857092714
-0.48337419412214
-3.56594689912414
-4.38879279046465
-3.76160737186858
-1.28813712535195
-0.209430579572989
1.12306813519273
-1.86558385480899
-1.27815592233497
-4.18151113066593
-1.59106790491855
-0.795550454595901
-0.380859816669694
-3.00766420580586
-2.04683639646355
-2.50727949282122
-0.189719751525751
0.67387273910486
-1.22721223918582
-2.93816821011093
0.0765745775712553
-3.4393300158444
0.864484023044879
-0.845580738505397
-1.06086774152411
-0.107322390431719
0.0890510833408295
-0.926213964078859
0.32814348686267
-0.300261907621259
-1.92798592313652
-2.13106107741655
1.1219933127468
0.194314057982099
0.935106906791915
0.580181169932454
0.909765035142953
0.425272871478506
-0.592508193012902
0.835671898698973
0.749023107743961
0.138930689170303
0.280350629603144
0.679067632541931
0.710568262995749
0.980054834030137
0.241294260963345
1.24510464629623
0.0634201438171533
0.182279248173563
-0.333380329690816
0.0125647383348533
0.509156587608688
-0.241222679352056
0.550249718046263
0.626813529328973
0.318129653423862
0.110925812241734
0.336295086299211
1.00828564999997
0.870737089153366
0.485764324844703
0.763408695493031
0.648002076491113
0.406414285003567
0.351611063039176
-0.17043508920568
0.68885527272113
0.632523460708462
0.966980182471351
0.648916935692946
0.708884593001894
0.0855121544942465
0.783078840182659
0.714012300272757
0.442447197137373
-0.390756951028926
0.888046629467092
-1.9736176877754
0.468875575711266
0.609130901257372
-0.637472582927094
0.326452639660548
-0.253678919018019
-0.114379985679753
-0.474826707301572
0.33291558201141
0.34655797277611
0.622422598763406
-2.91001034783198
0.351088376561489
0.193479351002576
-0.654948783503298
0.242563447805306
0.740836145323788
0.38160460169772
0.714215801817494
0.731560264537252
0.374382205420501
0.375690201346587
-0.339658909474358
0.672191615268169
0.829106754711706
0.37104849476855
0.521876334746752
0.473271401739685
0.0773967485102529
0.179261648986938
-0.672361731162607
-0.581651811936847
0.39200681221198
0.533425147802755
0.646259561313934
0.565650964765362
0.388209731319706
0.506890511727202
-0.242526368375242
0.400823447520279
0.515592966936933
0.652568970112506
0.106398267942132
-0.414277653528793
-0.0612862454270218
