1.10741123574996
0.94564414101437
0.405545663484856
0.20844711638948
0.782294853350044
0.727725460318654
0.736114591146315
0.768474743608658
0.793061894621929
0.759854786109353
0.67776707019764
1.20121727971403
0.744790828727831
0.78272118570682
0.566253848270933
0.710652449610879
0.793128737840094
0.761914894319099
1.0969534110102
1.08786981017677
1.29414123704122
1.02694903817692
0.828568291211763
0.567509963167612
0.730550269985589
0.519411601132711
0.440274957001678
0.740701237587112
0.64168399742032
0.44587134720987
0.934977207861307
0.384904013487507
0.94712304322541
1.30648774391799
1.17462475066472
1.03951197649504
1.07555846769267
0.688410908114424
0.397943275522438
-0.117478768940699
-0.741108552089651
0.05498618595389
0.837388402843941
0.246192153230428
-0.375421593348927
-0.318776537485403
-0.446269685351123
0.233094173968933
0.251224797935154
0.00303411020186721
-0.252154294038884
-0.0977766038795065
0.0472995005717191
0.632464277583824
0.340140201827691
0.370334524178744
0.6479791773185
0.496015340772948
0.507900404320918
0.376593789442806
0.241787385844025
-0.0983550174774295
0.873354200375246
0.257412059588629
-0.239497981788245
0.488680708932825
0.521027906361964
-0.221266608727681
-0.355505080090427
-0.587915055541805
-0.805994584748899
-1.16073555716326
-0.433057927396271
0.252848608090817
0.171597420310102
0.494752362467244
-0.603850565372357
-1.07029752188359
0.311325225714962
0.0489836393333293
-0.603060763096271
-0.910294527828711
-0.188899104369194
-0.108597671994907
0.013872992108597
-0.681297107221959
0.110095916326211
-0.611082414623947
-3.59770157074212
-1.87249111521083
-1.67125920049543
-2.78574046003409
-3.55009753294922
-1.68355075430286
-1.55041954781359
-0.686069561478857
-0.0896399660269127
0.226567098614501
-1.462738836147
-2.94206035986954
-1.03211480108218
-1.99874557946211
-1.30696500942931
1.24743397668745
-0.348141975017613
-3.15143616177903
-0.987314180915082
-0.484913018381326
-1.14196931902207
-0.190325624817112
-1.3862687661048
-3.90645982146456
-0.635764759601671
-4.66428214334493
-1.13665143442907
-1.61248993461713
-0.968533718736103
-2.81333438459814
-2.51272411089216
-1.78141100136662
-2.18417800060638
-3.07441969287259
0.158924411121962
0.624534208289047
0.613112743516065
0.0912371815284883
0.0178524405843019
0.416018888522465
0.486291618730912
0.626651327698935
0.321130492773879
0.497195876782819
0.773787855843502
0.283087726752619
0.872044020973948
0.867979432745464
-0.557430850192548
0.757381205584152
0.0178207213938609
0.25405295816342
-0.349084804819864
0.0548314532280404
-0.0474029762651804
-0.024725717105331
0.100076206083436
0.915622912514442
0.385137852004233
0.221214790433981
-0.0500768695962464
0.19992042370636
0.392194329591284
-0.238690018623204
-0.0290602433856114
0.395724697306261
0.284050857996678
-0.19188434941325
0.0543726225823371
-0.161092717240119
-0.123456112342577
0.500122860877155
-0.325134030666073
-0.16053167589003
0.00990924155664629
-0.21706155378803
0.709592905987326
-0.36196730526235
0.40795133065728
0.670230184981777
0.918987226222654
0.159568076385371
0.00112033042930111
0.330226651235928
0.128986149632461
0.334280342475242
0.466570372954063
0.55646690690825
0.48708385221364
0.39037506237921
0.0670877906161879
-0.300165773070824
0.445422155587567
0.482776172504861
0.705937640153274
0.206960529811877
0.684907244995969
0.606492964951891
0.866834284434095
0.964757309668051
0.513707268939798
0.491896566818794
0.478991652040555
0.618252506445013
0.298046470339115
0.461786861142179
0.867088837233081
0.726247004751971
0.320105381699202
0.160691707003601
0.505339339963628
0.609240061341785
1.15005058833621
0.139817251400951
0.323241056456325
0.348451680896758
0.533446043218032
0.666441465011456
0.0288113782616579
0.186381151851987
0.185727175114799
0.176504566169233
0.321167090958371
0.110006420419893
0.222900626651866
