-0.482390550031914
-0.27725636328641
-0.116349259568109
1.86208985697448
-0.454803810017805
0.176933719443114
0.310403899593739
0.156681354198772
1.45812446519164
0.266671269523403
-1.16865428258624
0.647408900203112
0.242249802720634
0.534896883026242
-0.41599347788918
0.877030123548875
-0.146293305923262
0.787682494110144
-0.537601379596599
0.256912320738646
0.165010079971417
0.268325449856911
-0.097080845964153
1.3348730017447
0.967721867004311
-1.12794233379883
-1.06979409412298
1.21595839144527
-0.0794893084432626
1.62884832716027
-0.509512793312598
1.76665220806416
-0.666068250158719
0.446886450548246
-0.989247677588743
-0.839223566596994
-1.43154965855138
0.419882227907207
2.00367752690208
0.614527936222968
0.208809962547757
-1.2906629760196
1.24943039527452
0.964540013499555
1.22614067047829
-1.11352038074408
0.478973813200135
-1.29687441058002
0.704663056816014
0.825182209676242
1.15451516286272
2.33313971414626
1.0095890847227
1.551487185769
2.67479292037993
1.329176936117
0.00977896404300093
0.504593613201098
-0.264415237849001
0.900668402962356
0.726499769803936
-0.330148028124696
1.57971170124801
1.35596439941524
1.52109146189541
0.221711478936208
0.792006963715357
1.16304281179671
-1.20318272486117
1.81373998361436
0.976126513686614
0.104544465999587
0.973697671551606
0.363752269489856
-0.741717132583699
-0.882255071028994
0.533103309572783
-0.415382667934814
0.431734323404977
-1.38288624123093
1.49783405340635
1.91709711881917
0.394272761104106
-1.1115263715342
-0.265697568955889
0.494053097146921
0.395784231221855
0.77992230159041
-0.00498874714367264
-0.0248911269217144
1.68903321268692
-0.968343505332123
-1.08159673810354
-1.40846236376221
1.99831958969916
2.20202816491164
1.2275064524395
-0.0506280105763228
0.183962755812113
-1.38496043409328
0.298523472147827
-1.09884618382261
-0.215135571107856
1.96071029797254
-2.11513930764548
-1.13611373296188
-0.915661714791887
-0.551289456398768
0.446333941679719
0.0902306716764686
0.680388197180857
0.290213013352117
1.62146944201977
-0.448609227070633
-2.31929775682448
-1.84331545750438
-0.994665052310539
1.72474333008094
0.521022675104396
0.0863575391773977
-0.264642067663402
-0.959274500252741
-1.42518163514272
0.713706814352671
-1.39525335724964
-0.131330144744461
-1.0219360885912
-2.28033851264304
-0.382909380359205
-2.30787991621285
-1.16204631212967
-0.878859895450672
-0.851205325446813
-1.60149377084467
0.759154448209697
-1.85310880102691
-1.28006860612389
-0.890887062869049
0.175102142131956
-0.58832278703946
-0.0959770004062706
-1.0048136991385
-1.36975315329514
0.142276564002164
-0.654619654515942
-0.504092117043876
0.273131508131983
0.214733937390051
-0.095995806592922
1.64001080829469
1.17199073199945
-0.831075827897717
-1.18234260359387
-0.831756930872442
-0.91225824443801
0.427761313740984
0.773128282873334
-0.403901439076671
-1.68156069181912
0.613602080602354
0.464895179189364
0.380324688703692
0.200882125684482
0.263332817276537
-1.25431038663041
-0.178142935102074
0.0149436890234468
-0.749769351334903
-0.547178545713544
-0.269244945331176
-0.211139475309255
0.103535720199633
-0.585930639797285
0.288540353706173
-1.27494075980808
0.591709443701694
-0.0871955806296354
0.946247595561799
0.070133970645643
-0.559721161133733
-0.610746637316129
0.55361665323045
-0.363222833417766
-0.00692227158472935
-1.39180013560346
0.116637324115238
0.893093174586353
0.573649302267991
-1.03935411373591
-0.380773084789351
-0.0495872221175616
0.790270894594124
0.793504703890717
0.770531824968312
-1.69780600955502
-0.283089499817939
-1.0702639583679
-0.495728590237205
-0.334911782296505
-1.26173844988766
0.816311006026651
-1.51569287942131
-0.78536786167166
-0.763875323230297
0.602804281239673
1.07350633639643
-0.0661030809529677
-1.13345529476052
-0.79566651427684
-0.529041484312994
-0.296970202136048
0.757045222454865
0.140461453666047
