-0.331249354638877
-0.444269002722745
0.674278435333626
1.36719874490847
0.503760531230225
2.21260286530715
1.74616603073704
2.17952820172681
1.91510100373446
0.237893357352643
1.29717163966636
-0.32845772344337
0.928973902319544
0.501664416807711
-0.0122739101378228
-0.856171615838808
-0.114065554549003
1.33113820763001
-1.03462997813303
1.17435823354735
0.532248061151896
0.590760838493076
0.480625314121466
1.41486456903587
0.534887421096317
1.33698495477012
1.59950675495072
0.564962713782399
0.738446405077021
2.07990835019215
1.72722281156103
1.54823788871414
1.38181337313361
0.124840423885163
1.46371914015342
0.179241520540108
-0.308810238645179
0.133648948467293
1.12009437221576
-0.474193795456865
-0.26295750292834
0.363679622343235
-0.149138293751273
0.454375526938
-0.556194914379624
0.652967771420477
0.678535484717809
1.58474084590865
-0.223577105759542
1.82245206004607
1.49693761707301
1.19931428814861
0.889203559985212
2.04965047622656
1.0441368498871
-0.111807011915828
-0.0019084109658435
-0.0959929119908409
1.84507019439773
1.18715205198682
0.757099511364761
0.222925711013426
0.972110225859593
0.587420770903478
0.849539528431121
0.507625189273202
-0.373663071001832
-0.0577443591739579
-0.363644678373915
0.0936779808862612
0.198435429325461
0.290299191668057
-0.367681537068309
-1.31689828027881
-1.84185494261698
-1.8759789373019
-0.775696646156452
-0.0367901716646733
-0.38209612789528
-1.3158073629841
0.698491012680012
0.504463991989497
0.636326374800902
-2.20489902487112
0.0716723426000797
0.0752319310441521
-1.14243335308251
0.438952350784725
-0.940354585366399
-1.32102536913127
0.927995656402537
0.132376023935696
-2.02482827778972
-1.39505586063719
0.706210596039434
0.677289295619158
0.153818573184167
0.119971434930809
0.851184865166218
-0.79938865465032
-0.520975355086271
-0.65381860481071
-0.259231805678024
0.754010181173499
-0.990635915547187
-0.575880196113065
-1.65126024878565
0.73325625271539
-0.863561937159374
-0.914621066125168
-2.05885168673659
-2.18789971550529
-0.304211492099053
-1.93640561995151
-0.973099760838201
-1.92491407969054
0.200758878729541
-0.883114689546548
-1.77185375337858
0.0528220858921211
-0.360205660837492
-0.739833544665597
-1.57404381836508
-0.680164317532051
-1.2496093994097
-1.1208530879689
-0.536282313824424
-1.47558451049891
-0.918785637709096
-1.81398379123661
-1.39507827268985
-1.70341639932287
-1.71039099327485
-2.27739787539974
-0.540092616941198
-2.26420191121289
-1.56796038698493
-2.25641244647041
-1.62695053710749
-1.27393028391244
-0.373444516617673
-1.03695247720224
0.00162008327778697
-0.566160981736057
-0.290481575428141
-0.889527790751188
-0.0233688236618242
0.0396822161886818
0.150431578240405
-0.912235501290248
-0.00590708822682172
0.0104968384494748
1.04739769139698
-0.331754452714127
-0.264431303740502
-0.614305920837226
0.750339614032592
0.0522805942507385
-0.12876039610669
0.462026566311705
-0.353532030947012
-0.52666748260573
-0.0678538422504703
-0.548115500471011
-0.591080098636271
0.317691503270395
0.0232145066337915
-0.454470997205228
-0.260988807815652
0.408215409180761
-0.00857843107597944
-0.887241605068653
-1.22218290761742
-0.856995094304168
-0.0275572699812248
-0.287285048016897
1.2552620749466
0.414519178821298
0.894378333220888
0.76790004049455
0.762630028935522
-0.230116675959923
0.629732929564133
0.638441234788379
1.25746828113521
1.49426759807087
0.818721387998663
1.45283770230918
0.72526468285786
-0.0470893438954327
0.306631912041252
0.409989797055221
-0.1149560160203
1.39392247635935
0.355643140429601
0.988048653543912
1.37483090620046
-1.24590018600864
-0.0251680561913455
-0.89137178064629
0.38387038952953
0.104108215988328
-0.350501429722207
0.111643833003828
-0.12314996330082
1.28163885362781
-0.0308869235790895
0.173198798274866
0.967721954442087
0.011084529574783
0.226990451752422
0.317355610351866
0.100541853663092
