0.0451274664637387
-0.746300130478533
0.494833914670441
-1.15641181241854
0.0475272072808149
-0.43007370809449
0.106814429270534
-0.709891030809117
-0.642271141068134
1.5386242406667
1.20172376682204
1.59176183662823
0.693100361447747
2.6238485756207
-0.0384142168136165
1.39322463596101
-0.184998640011352
0.510188276368474
2.87051545743862
1.51368886028652
1.32941092467728
2.15487086100034
2.3449557577626
0.276063314626427
0.200547260002548
0.151854124115899
-0.477554078200185
0.638166704401478
1.20774428494726
-0.826315410640727
0.116844791869915
-0.201301752609582
0.267855355712296
0.622297735274708
0.599588149298785
0.201657179089203
-0.0239757117178072
1.10330555088086
0.0973886614663649
-0.290310758734098
-0.267288420134218
-0.0757214706140175
-0.461195715943584
0.0867898275428866
-0.0262893760100236
0.821028975651504
-0.276714893052597
-1.23184776934602
0.276626483534707
1.68738314635244
0.444976737084043
0.454005783406899
1.42242928343758
-1.11783879733335
-0.0889690838768128
-1.08072979903379
-0.335567129470929
-0.959385172666031
2.33333767085681
-0.467187289319808
-0.201828751093165
0.717597957908645
-0.529605287850731
-0.149843820527909
-0.33240855025211
-0.00568116209621409
-0.530478560402737
-0.713121460108167
-0.397994589659551
-0.825683694839074
0.524153897962928
-0.884550557294413
-0.0401229162636748
-0.605149142964577
-0.527968393617143
-0.376367291962976
0.265568123936226
0.566340455395361
-0.936118395504671
0.394037960464319
2.36955619108928
-0.355081772016663
-0.547262748125441
0.0982160929951355
-0.41010034999053
1.96238550874912
-0.599622831287656
-1.00237530171727
-0.192800631648328
-0.461752937475733
0.314482449389028
-0.824886605565791
-1.21926379500759
-1.11899520887043
-0.118773518201069
-0.384686734987642
-1.23765126200615
-0.165245555127291
-0.882637371149447
-0.301078317648688
-0.305285506340852
1.4509715194454
-0.628912675246644
1.96530032002261
-0.103564132112574
0.179690013080273
0.864789435662109
-1.27644224088716
-1.0490521340144
-1.15738763173688
-0.546467828296198
-1.19701810682968
-0.301847611076678
0.114799682915941
-1.34547831300609
-1.35500403166872
0.794192795013921
0.131877275846144
-0.287935642067972
1.28366783694491
1.71403825231102
-1.13136535860299
-0.75356955913672
1.53016691215632
-1.21765280527323
-0.181763383479709
-0.375019291959045
0.575465822398528
-1.18040647384229
-1.1226902548842
-0.967085710336293
-1.25179893145333
-1.34715885619922
-0.15057174619363
-0.460536119202067
-1.29058545549153
-1.13942288157086
-1.33233308557611
1.29518024280014
-0.74761682824837
1.04016021718559
-0.6224774688466
-0.464085062161237
-1.36214631243361
0.106007227620065
-1.35831651868291
1.53500835077008
2.61726845558519
0.493955366748504
-0.0926535712346355
-0.671265886763632
-0.383560454643577
-0.317896098251403
0.359406593040046
0.0469990953357691
-0.597232795817893
-0.843599577481124
-0.780944685615137
-0.139154937408557
2.57527934679627
0.606466888458128
0.280545739402866
-0.183162765681246
-0.643808767020599
-1.23896592756202
-0.451719503622206
0.516049677635495
-1.24390082534382
-0.0575557339560649
1.55185804313626
0.387196892069536
-1.03694877120653
0.261840248097727
1.60815969419065
1.62502803147029
0.0794089885895941
-0.574486475185894
0.032989814119511
3.53838912219409
-0.465426606143897
2.39063888577715
0.188098666602652
-0.196295748531694
-0.997633110278821
-1.2027322646767
1.97801378002676
-0.187968815436189
-0.270980598979543
0.168860025154395
0.388342189490365
-0.284871223957974
-0.935184909883182
0.821843884712946
-0.501151441130132
-0.8532328965951
-1.2841755514087
-1.24979225404713
0.530166107201314
-0.426419840212277
-0.692272021052207
2.17198176649926
-0.244912596134678
-0.17370399861438
0.64306351891032
0.757070153610872
-0.250834650401698
0.225776059227215
-0.214880310662797
-1.36132836846089
-0.478729867873307
-1.29306303831073
-0.950296723635662
-1.32902677432466
