2.12162327037694
1.83763857690171
1.7770585451854
1.28837828376129
1.52160087881623
1.64972012566224
1.60706653589828
1.66307471583448
1.17288935745547
-0.18047002387241
1.58537518129596
1.14614668293969
1.5249233803622
1.51179147485916
1.51632776038336
1.07191157936829
0.796604416345852
1.92743670953478
1.73738295172949
1.56881988315577
0.969628166420788
1.0358323961113
0.615646475515677
1.25195595494184
1.48746357549421
1.25979485094737
0.967414877168023
1.33711022162636
1.40849726004113
1.5175472599066
1.37001862090851
1.60934592371004
1.38031651630198
1.42531534916429
1.35283050278765
0.798901584383386
0.727184079622923
0.559180550125857
1.1010554317655
0.0824533105509023
0.0413579522031511
-0.0468205748008898
0.975367937216204
0.443882816931531
0.216552662005679
-0.33946454354064
0.332864265995555
0.53682477660802
0.351629986098684
0.139602805705086
0.0212116393422131
0.332035920174951
1.01472802392472
1.19973713922278
0.0372647659385887
-0.284325595037299
0.255025542547699
0.1203114190751
-0.0608328126221086
0.13243762510669
0.657424390774508
0.383779618762438
1.30394757731622
0.853998526899313
0.390999195088843
0.473408155489552
0.535263347646155
0.5165812919345
0.33539837983854
0.219331047309226
-0.124259964312518
0.16119472922613
0.303839507669584
0.434480761930967
0.202245493796642
0.155247644656912
0.64719911428529
-1.30584209466167
0.621135855858431
-0.460708698371333
-0.461860360924337
-0.288076177082613
0.114783184358809
-1.4242511843788
-0.452861507251289
-0.336038035325643
0.557169004063835
1.16706127032026
0.531808952663775
0.603070595723821
-0.429612137426762
-1.4720759298284
-1.50187420337595
-2.19625119656716
-0.60977109227412
0.109044319816362
0.406816717999024
-0.355850064171052
-0.858576904880529
-1.10735116313149
-1.16436771249263
-0.436897861155062
-0.417893036523917
0.0648103976791068
-1.6062963922757
-1.82047625980881
-0.561266385839156
0.152763115377997
0.231141436762868
-0.729660005631297
-0.4265952774749
-1.23931696855511
0.0317732778879749
-0.0478590365563416
-4.84002262769389
-0.986024907811833
-0.215522766403512
-0.668117208993846
0.428751390886842
0.200836561173231
-0.436479843499116
-1.30294479130263
0.709852522927203
-1.37633230450931
0.283546140336707
0.111250182962357
-0.588763744892583
-2.17863452693158
0.617878728701103
-0.67772170025226
-0.101226914886354
0.155911303733768
0.910150231850012
0.31385389279037
0.548272629732674
0.548463383419023
-0.251768034685721
0.124317238662981
0.0340129060877633
0.854924146796795
-0.833134150704914
0.303498988774502
-1.5284545219165
-1.89919661052974
-0.788491260548916
0.038335635194406
0.370307463177647
0.692173391824175
0.0363541678089067
-0.0816849267971857
0.246035624837568
-0.781103380118429
0.00872417612813628
-1.3420165651485
-0.317463108764268
-0.522717200042892
-0.857277974306633
-0.442061149633725
0.00525366321196371
0.819164360186936
-0.361685217085672
-0.754142125424733
0.106564285375744
0.517514085801592
-1.3925667021753
-0.307402891281589
-0.039901465240133
-0.131504134831717
-2.06056676436612
-0.706167798053235
-0.477498040888526
-0.0793771704375607
-1.99950748234501
0.109475802953708
-1.17549370186488
0.0418178134309797
-0.289921842067451
-0.29451936689102
-0.735358681258912
-0.849624107835429
-0.308834906651494
-0.0459146345636732
-0.540363531896253
-1.03996554794384
-0.0472688284472733
-0.341796107267865
0.099832905977205
-0.313642063565906
-0.367792386851367
-2.48564436097035
-0.483329524889153
-1.64228194431453
-2.24707945462508
-0.469340934862356
0.341038293973623
0.132948216081946
0.37195598335946
0.137715928263703
-1.97481250885892
-0.633695311324874
-2.43434094279294
-0.60441374928437
0.121556881335805
-0.126726311007151
-1.03865159471526
-0.697143705891938
-1.81567189231328
-0.867159571981829
-0.779468371818576
-0.419790636808839
0.037054206061062
-0.326041475544619
-0.507787328651242
