0.766269519416011
0.629677876094302
0.673465154314287
-0.680547616336641
0.670040614732673
-0.00393858071602963
-0.0895188815394778
-0.760695424025547
-0.489579391480965
1.01982841366625
0.476536126466565
0.596405821001212
0.951836815217824
1.07026372889433
0.641133959091287
0.608642912644749
0.574281653510509
-0.30389430537065
0.706266991831799
0.765651508916355
1.03779535635893
1.05618729089807
0.789258299639399
0.053269506488018
0.906091611887496
0.17317838485251
0.246475899429424
0.765136226354506
0.638819253266865
-0.890939468605139
-0.434644886140857
-0.88470112231871
0.612003355309165
1.08896049224802
0.12363140676881
0.516329319471952
-0.148444543395947
0.860611389647653
1.79573649509769
0.445353592099998
0.195118265092001
-1.19339837753949
1.16197185129037
0.941821812401128
1.01851832391896
-0.471066443238104
0.262574926481799
-0.290469544402024
0.795014550725509
0.536277113753191
0.404210315199409
1.10677159867174
0.557023242933419
-0.0759585552764457
-0.409927051167541
-0.157823861963639
0.110040601660958
-0.249969371422015
0.610760764546906
0.20165093550611
-0.675905571487412
-0.679277254683675
-1.54310653465568
-0.53112611644106
-0.49715267442141
-0.625453834898082
-0.43345183539465
1.08074183748379
-0.684270680569971
-0.885772210139116
-0.553771039970206
-0.147978519661581
-0.687188398331439
-1.17295443107888
-1.18406758210594
-3.58337601661479
-0.166361879726561
0.423196976898145
0.796489535121698
-2.02412685553967
-0.68001220327497
-1.56946150111074
0.196371882482074
-3.09996000372198
-0.611634590677099
-0.46816527677421
0.661508704155914
1.14278245529898
-0.28536216258978
-0.455133731111057
0.283796059036234
-0.961571989996099
-1.12979933183366
-1.34359363243719
0.34810460853226
0.524769980789768
-0.563242836696236
0.238821984808793
-0.0646014802162057
-0.764248984364414
0.0700618829264805
-0.412884593386851
0.21758037528775
2.25362606812732
-1.99791163713129
-1.3654445459682
-0.549385969530148
-0.286382574980692
-0.938821401425124
-0.156567981911592
-0.568236937874658
-0.338409221282576
-0.369567771903008
-0.644988172292673
-3.62709027796144
-2.85546958545142
-1.7330109993877
-0.177775478437763
-0.905158459046159
-0.970647287737053
-1.17653429983853
-2.06893173916523
-0.212776605721842
1.16855389641544
-2.05166124142549
-0.690244342120562
0.372730288159826
-3.20588898180803
-0.39712916402143
-0.306303473082045
0.0185483205147541
-2.75207905338696
-2.57090007134672
0.562001471447733
-0.623011801186358
-0.413843795704274
0.367265276440675
-0.832102094060334
-2.16018489547639
-0.338582433813992
0.478239132395171
-0.451744388892386
-1.21486920266424
-0.216561202153217
-0.0185618151002572
0.776647240902442
-0.394387604905818
0.335466903165277
0.233962347026239
0.555538789715366
-0.635667966835326
-0.207551151721893
0.211041442278811
-1.10873577114822
-0.152573234822678
0.324036373582744
1.61298773862715
-0.796689234073302
-0.117811250615079
1.10055080790799
-1.18158085050914
-0.708739778029005
-0.389912549751538
0.815157332330062
-0.464112648297936
0.580430395719125
0.105528147572998
0.156001084841089
1.07538889839663
0.19391715420925
0.89181113596503
0.225048414590438
0.173491205808644
-0.415412518923381
1.58142861643852
0.607323140129935
0.424296242211721
0.907282519672665
0.946112453922684
1.28875386464494
0.661510536484244
1.82169787573481
0.860194779144661
0.831356065211026
0.0268684183085119
-0.138196110743321
1.7370100075841
0.957429269416956
0.870925913282557
0.650750129174686
0.411328583195191
1.39278520588233
0.300664715998711
1.22190332005171
0.196825317482769
0.259167685363361
1.11109143400603
1.64380715041426
0.421968122927005
1.44190933086943
0.90391455090851
0.553352843518305
1.07028370929544
0.928495884181599
0.14103238523368
0.667582036464271
0.158914574204681
0.241645671548188
0.916956867676288
0.947857785131953
1.20531658977426
0.809016191185864
1.06683153908017
