1.01987130515204
1.22379968562163
0.0342956451245563
1.24260920893555
0.529386246995883
0.661287460273855
0.815129964414939
0.591708912864021
0.871344398202958
1.51962509698759
0.478263688044216
0.275731220234598
0.379750630385118
0.634254609248095
0.687594834934886
0.83728816891733
1.43010356087739
0.40873565402592
0.36782528314065
1.09484712832064
1.18779436535682
1.11612263191797
0.773821630779436
0.62051615180787
0.907947416147753
0.545929515472327
0.677611934424272
1.21521198475622
0.651323131112307
0.529204544342979
0.914299084094187
0.737876411713293
1.57713514941214
1.53085690579818
1.95888556906246
1.64161659154275
1.97358935662254
1.77209073179309
2.37907296375387
1.10434925573088
-0.0480734877109564
-0.0250759496047172
0.0879581489874839
2.26176576902525
0.30681931589527
0.172371486569366
1.10114427260382
0.541644486545517
1.00904948605385
0.669554011293667
0.686797969510095
1.08085989549828
0.931301285769154
0.80139181328503
0.756000248125286
0.567232680536322
1.14877123307332
0.569635731902813
0.013341867083684
0.155168945639986
0.126526982945155
-0.0312520056699067
0.604154749142493
0.477027079068228
0.289994761186858
-0.172728809827765
-0.493542799021515
0.116413578532832
-0.340985072826097
-0.367985700944235
-0.515450476939289
-0.649017655966687
-0.124523195974036
0.0829531847912278
0.0500069225714346
-1.54913909288243
-0.562037717680389
0.15693830727233
-0.543689166281895
-0.198559833617108
-0.437053448622177
-0.395244258980282
-0.094120408004288
-0.00172200210373059
0.332976776232888
-0.137748907589677
-0.967751107982665
0.880970536226197
-0.356334991415724
-0.760846715188112
-0.24181796425343
-0.498819917229363
0.112472107513975
-0.186279388703103
0.339205943410423
0.609986593044172
-0.565406089676632
-0.163949627326591
-0.0834952417380487
-0.216071912034261
0.0720117314510382
-1.82315304234262
-0.00728778738934235
1.05046991143474
-1.35579892371939
-0.638667434897209
-2.13576888731442
-0.8784411153388
0.196059365592197
0.624195846456565
-0.440871684369674
-0.226779489953687
-0.488887301826169
-0.506461489657004
-2.31688278646121
-0.883649037934735
-1.9125986740897
0.202937160877656
-0.27399465022491
0.222578765655279
0.327755158250766
-0.342437196289506
-1.55400799110105
-0.858647132767896
-0.813655270389338
-0.768139119325079
-0.00632961984210165
0.596330599676442
-1.46919104100026
-0.335584276749455
-0.336275776065601
-0.409516184250664
-3.01224820962168
-0.543279129798802
-1.6705933871295
-1.21529974879466
-1.15843977915535
-1.46435316877463
-1.04578480512703
-0.70204012540889
-0.391391804816601
-0.40900327468357
-1.29305348102123
-1.41906140506887
-0.107565679964488
0.335920639266293
0.457508719964332
0.625799927786117
0.0597774091606828
-0.702657958520247
-0.0740982311500554
-1.53685512938686
-0.935100810278392
-1.04445403401327
-0.137056411294223
-1.13376257838564
-1.7209287227447
-1.28487312540576
0.0933354815986472
1.12344455237599
-2.27138698612076
-1.99085022121967
-1.33439263708882
-0.243823763036803
-1.10522307181699
0.222143006496674
0.50519692595204
-0.540300553200251
0.0906726491172395
-0.0104364419634928
-0.99848930158707
-0.166204312077748
-0.291387496782905
0.374853774390886
0.231228525729542
0.126667648242226
-0.731251737808671
1.56771845016784
-1.11793509821087
-0.85843353670027
-1.18538986064006
-0.621346507075715
-1.88768143104355
0.0116543146466651
-2.14526941120885
-1.51686133173515
0.271723596739761
-0.274394839918549
-1.06451492688471
-0.993041099529418
-0.379801970961936
0.283716993145417
-1.20762628156901
0.161786311344924
-2.20208420897196
-1.45967300625947
-0.404078370514927
-0.00453962541365172
-0.00968594528145354
0.477014141407173
-1.90674429816394
1.70430267446316
1.30259853686464
1.51430529945093
1.71196999211408
1.72868721534467
2.14098318813688
1.37908188019842
1.3374842505318
1.71085436212825
1.72106361178152
0.962087555203456
-0.0485662383985326
