1.10703162437564
1.07076197615363
0.567099345186404
1.26541030715678
0.819712307493021
1.26099161020832
1.30965254905714
1.2996579639424
0.949026952056033
0.606035825015173
0.845303939753536
0.934942674675898
0.761424696444673
0.851493766973795
0.493602189984739
0.857267240858736
0.886478277041583
1.33955125363824
0.963657366666511
0.967811161250507
0.866126254951797
0.549776643835075
0.370803700783561
0.980834926183084
0.652247493023601
0.92446176166984
1.04232662468011
0.880778777877522
0.890296014881662
1.10958103559681
1.27203704634172
1.07554780860672
1.20739289235758
0.882600838746742
1.26808460259111
0.90132160540611
1.0163631086613
0.637838973495761
0.247352526167332
0.738730533870788
0.879740149309289
1.37670520339164
1.28735705865687
0.0364637811363396
0.935322664702832
1.10567670369559
0.966188060486513
1.34349787208784
1.1867492372048
1.41697934068846
1.46084288352291
1.3292103234783
1.75472999707598
1.41746270297299
1.04982214218175
0.914784633420077
0.43045695668379
0.779938027028921
0.928769522286887
1.29376765579849
0.928273607875282
0.969307335718181
1.0994884611927
1.07729561727921
1.00183888400244
1.156384538902
1.6459436767515
0.959779595113766
1.24116763670825
1.08998109009829
1.45824104652015
1.40259570844351
0.702952053593721
1.45011201449885
1.02058525268027
1.10023078847318
0.85149764786492
0.759625076201011
0.770598570021785
1.06042690679041
1.34750060517073
0.23621144365453
1.39893574572291
-0.188091815676116
1.10294943479511
1.25197037054115
-0.17610151413186
0.704675602780479
-0.462881470176924
0.0736020898824579
0.319660732132399
-0.447464084806277
-1.91298085595935
-1.82549935297595
-0.107823375254395
0.535801220151918
0.231557291758163
-0.105445729686536
0.642245890578873
-0.924134835338456
0.319880202061176
-0.260491749390037
1.04248020061288
-0.710532723496964
-0.387825960203832
-1.25803964838343
-1.98307712598987
0.830921294426389
-0.563121306538868
-1.66956672544775
-0.431303638349349
-1.80065737309475
0.188843450316371
-1.02881503366104
-2.12953065869233
-1.4263064658991
-1.06672978886891
-0.92839231872439
-0.65438873136158
-0.537723052586509
-1.17141437079122
-0.801976813947142
-0.514492791492404
-0.945933717584279
-0.91621506867672
-0.301023187371604
0.926053385008893
-1.19698553895709
-0.370394294976445
-0.665682761609803
0.210786837123079
-1.1356505297475
-0.10050507574812
0.214506093367882
-0.70420934446363
-1.32395970501629
-0.543311277056295
-1.32489490298567
-1.43722637679203
-1.00270982077833
-0.357103301304168
-0.124745131781348
0.168193653977057
-2.20817613541193
-0.975094119761283
-1.48879739081563
-0.837463190246701
-0.338295852026535
-0.638451104427295
-1.23990879949921
-0.925858465733409
-1.3502038081961
0.168135823462437
-1.28025613271139
-1.00680482533921
-1.76721268308089
-0.834189648809559
-0.670078934447206
-1.28957471079472
-0.565608598897462
-0.906315290878149
0.414597340062011
-1.34823227677247
-1.56211860169535
-1.76852971069598
-0.221714206038617
-1.46902928378594
-1.07010618779466
-0.726363950847071
-0.472508928136213
-0.604979305870278
-1.04351453741941
-1.37304451657987
-1.41561599906474
-0.276697273022897
-1.02489016719573
-0.704455890417466
-0.906320037480366
-1.00913987309225
-0.504270738530301
-0.821063362533075
-0.192588739301105
-0.688307886966537
-0.651947665227389
-1.28295389092824
-1.11499817736937
-0.515935385340649
-0.329737234387913
-0.533500174441923
-0.927779969415679
-0.577874437228321
-0.997935874505329
-2.16005480773386
0.030726203687727
-0.578355227982142
-0.692136645739412
-0.879750597892355
-0.491945173564093
-0.883899963316495
-1.65935576564176
-1.9115492710562
0.603561884896705
-0.200458550983811
0.0678046289832551
-0.311759046827069
-0.457334641074482
0.581272646077174
0.0769398505036994
0.096458315412087
-0.120309059477171
-0.532162212276849
-0.509153981199267
-0.326450595646758
