1.60095648168225
1.22670567291136
1.48924440370069
1.70111611424506
1.46832923074003
1.04428124683341
1.22078559330785
1.55238074508245
1.85188976440444
1.12025892710291
1.71090068225874
1.98060486535985
1.30853045399553
1.34961952916426
1.59704291347602
1.91685501990661
1.86531265201081
2.0305949094471
2.02736475867823
1.03163041218596
1.26773020882721
0.624598909774065
0.621690292891842
0.66564845364982
1.02033441677693
0.653368291326813
0.434621999040665
0.98667295183476
0.69579483821202
1.12838705636999
1.93476622964328
1.61220455280237
0.853949568444303
1.34254634744589
1.27966916835277
0.785142053126324
1.27878036119796
0.716524066264749
1.52207289980129
0.923027092700781
-0.699480826489484
1.1949048615415
2.00523010638002
0.810474474321127
-1.10250384218082
0.661543458574799
1.04117005555994
1.62904315521249
1.59062162368191
1.34684201897838
0.528967465637362
1.31651655446276
0.756271542134013
1.77763491607846
1.1611504363236
1.12813777637873
0.733594591617035
0.651227822705818
0.974166353359164
1.97396386030398
1.77390981581533
1.27294562201067
1.22664824315559
1.20597853292127
1.41217313356489
1.97176952629957
2.04878075597806
-0.42846159180326
0.253019063307275
0.655217317553496
0.528360823003119
-0.365345271151172
0.830301618291928
-0.895105824337063
-0.100163098876814
-0.177348961371583
0.445948209330792
-0.73327820201406
-1.1213892808993
-0.0708447074139003
-0.504281102452084
-1.39391201232707
-0.850429608283644
-0.313591534783617
-1.125843326631
-0.327065230935788
-0.883269795180384
-0.730319107626171
-1.11168934802448
-1.07769313611467
-1.15526202461226
-1.12099251821929
0.286619037529928
0.0295100690211421
-0.28841771014959
0.573660660497729
-0.207753644615068
-1.08516897369445
-0.834196267424128
-0.667408598631763
-0.204099210371355
-0.971788719770815
-0.0994806048206623
-0.347707752555749
-0.228556714111657
-1.08212489142584
-0.816726094863157
0.322136029485876
-0.479157665210998
-0.00406855192108204
-0.126965869900817
-0.338670609077041
-1.243558078377
-0.638305608469184
0.323113388189684
0.121247981558012
-0.673054954365105
-0.7463301221083
-0.801788637498248
-1.13135785192122
-0.839368444873439
-0.49657798727246
-0.932368403548744
0.269921398403387
-0.309211261236754
-0.629113331055141
-0.821073867262608
-0.796379570998468
-0.843617296889991
-0.763161158694362
-1.02276197573705
-0.206623422589804
-0.208598067839341
-0.0942867589965397
0.0268689565972115
-0.468065647289831
-1.20390146484717
-0.854119601661571
-0.360647849219541
-0.906862324853565
-0.693464326296357
-0.191305212861666
-0.989157774310965
-1.4743326293843
-0.794516989035945
-0.14551655201821
-0.718535652423708
-0.366872022607782
-1.00116800173151
-0.815332482420418
-0.772443218510091
-0.982145311715779
-0.766863397804328
-1.27247254963984
-0.52024087760787
-1.11059564613511
-1.13123578563593
-0.806056836971598
-0.982450917218347
-0.375928523151996
-0.574305241635768
-0.721581713571436
-1.09480152954027
-1.02850790842711
-0.623708868401864
-1.40331870938821
-0.545874394161501
-0.274587895222786
-0.417090027696186
-1.28819047785859
-1.42012955163674
-1.27358630030604
-1.27687252171755
-0.704437550850408
-0.722924038645703
-0.71361655862434
-0.286876187655227
-0.263891341778528
0.192641663809957
-2.3161813969489
-0.210847499000072
0.191285608326492
-1.14529339536698
0.107071815256543
-0.861555363680374
-0.819774693117598
0.488476125364519
0.243985763168562
-0.271229817304412
0.749856387705005
-0.0566808697497915
0.653962875844517
-0.766547763566662
-0.466327070488163
-1.1981529042922
-0.89974654100198
0.0153043850636893
-0.111176633644891
-1.46704250018422
0.352158353818798
0.249818044125447
-0.863904779783023
-0.703068139657287
-0.62589537838548
-1.21358494598015
-0.814508556795716
-1.26286546922259
-0.941011204487414
-0.980797977165265
-0.733097917625158
0.0433098003091459
-1.08036193284154
-0.173112020768756
