0.411731559838985
0.193046777116959
0.311540854626517
0.167598030376351
0.258515679383853
0.713191266272176
0.590388109097289
0.529644857118126
0.269103400086244
-0.292380646476786
0.404776349282478
0.465907179377678
0.513516966784331
0.192268554764068
0.417307753419539
0.1890627696907
0.420220016772513
0.491926914089181
0.144280084280596
0.755376520046687
0.228860652198311
0.270903825153395
0.306314674848293
0.647938398813226
0.635084926667371
0.580453071558388
0.526150178210942
0.619558954574085
0.631048639645202
0.54128265296636
0.537980961878778
0.403017111660217
0.776814245774072
0.566095418886688
0.787358481614725
0.308101649956118
0.446732325037428
0.0592655736676269
-1.05901294501927
-0.815914257222672
-2.08312380470379
-0.581961170883197
0.325696221156305
-0.533729813293594
-1.20758168604988
-1.15540260060898
0.188941095921009
0.00372763886205378
-0.321327545988885
-0.34859440109229
-0.237358239176651
0.907221158214066
-0.349518219252499
0.518784637428948
-0.0251910289211668
0.125744187424662
0.3013324067601
0.240097562694571
-0.0138609663754247
0.132834765623998
-0.541031265709585
-0.218358140149905
-0.794072969916992
-0.298789511434994
0.00879561506045782
-0.975577350870371
0.509308328569514
0.554031040895435
-1.62359786162054
-0.363501900635897
-2.84296606275536
-0.524390314343605
-0.684793051550786
-2.8758779840729
-1.81331803102151
-1.70311184382207
-1.19702654156865
-1.69073743453732
-2.76079334959085
-0.92143338452218
0.338773804990479
-0.219414315425841
0.850427307540117
0.20645710041812
0.222227392292921
-0.00669300831861216
-3.16093286831566
1.71342768968558
1.81382580334863
1.59859618034147
2.11963539173954
1.67311536967168
1.50276821450548
1.39987270490475
1.89002856656203
2.06301842092471
0.69275502197981
0.053835981858406
1.18185642405077
1.67558840268271
1.74457159542299
1.76308184685918
1.96916484231054
-2.41571483721272
0.157413179325386
1.65409839734009
0.650735165728798
0.946932157838754
1.29366547616407
0.603019422359332
1.4933537424588
1.42171806561095
1.15482498659891
1.57159761380459
0.58848007111742
1.08724324307275
0.56347327427419
1.89338263463065
1.59928474438914
1.96089170249159
2.05955622176953
1.42115807514262
-0.909690445853494
-1.26972711197617
-0.339146271925468
-0.377017006608749
0.218420520873164
-0.402671273928462
-1.38366195754433
-0.767540217772859
-0.405354089781591
-0.110074380789825
-1.01017126738206
-0.0993642753894496
-1.50298546759186
-0.902870200208619
-1.40324090846664
-0.733434372796234
0.621926416974053
-0.548435573911035
-1.71329286546027
-1.09775956087034
-0.0783485846335581
-0.283757502525764
-0.0516523315638094
-0.240954391725053
1.274717157786
0.826712775813919
0.631555175662497
-0.956177648689007
-0.545727808761589
-0.0215252505205327
0.49038028183059
0.0124275766074897
0.240886350112557
-0.478899606002991
0.935077945146407
-0.0696308469502164
0.693103062671745
0.435105619033082
0.0297145946405986
0.350149383776874
-0.0809655386727516
-0.559264312174848
0.186072545290433
-0.453511247279514
-0.0954818589540226
-0.0673771585159017
-0.363609591005185
-0.427167085453351
-0.281763162408651
-0.417900207573706
-0.683885553174034
0.148681003652408
-0.154576982484197
-0.510974398168566
0.267350568268013
0.0546708758663661
-0.211417804468747
-2.51709936853637
-0.314812351112653
0.468766367749987
-1.06510309467411
0.0555502328003667
-0.178198504654287
-0.487931371490594
0.541809939160683
0.317373269996054
-0.0360666528070631
0.336137973911674
-0.362831307815404
0.842686517160828
0.0548907607501983
0.469667913490534
-0.20372008562315
0.0497497926567856
-0.217611376308932
0.433200831246479
-1.08737835379266
-0.916784194909634
0.0116794981564243
-1.55454423303172
-1.30349799368398
-1.37637362931326
-1.50941706571802
-1.29633511455311
-1.78435428046973
-1.92861850781747
-1.84115727876095
-1.00886348059383
0.3071115995019
-0.193826571320494
-0.175692541529692
