0.372332099290952
-0.304137456791606
-0.774767087869352
-0.976173595147608
-0.86049635699328
-0.416354463868111
-1.03569209131151
0.0314740890687668
0.562852894387858
1.05276430697828
-1.21116469487298
2.54059458647033
0.102173202622323
0.940093684253462
0.411611467284974
2.84825275403542
1.27014441472966
0.72439473183358
2.05905704956733
0.610981244719628
0.0837352309040842
1.38882970885979
1.62027236269787
0.271962638144519
0.329322109313422
-0.865841512723864
-1.68679432687269
0.797163515687173
1.02070820162929
-1.07083762119387
0.336123574146173
-0.783336574279769
-0.0763278755290417
0.337098530159208
-0.793948515208144
-0.384745535686117
-1.20856566887898
0.267480090693451
1.26775293539785
0.95121188396951
0.0124777599617887
-1.06364413866091
2.34467164503792
0.998499026931943
-0.709395686892184
-1.16738064216028
-0.115606473307526
0.747282311882886
0.134424900897271
0.469111302998912
-0.678747723579017
0.628458120322196
0.769345646762867
1.57148956103192
-0.309915878697233
-0.786446482078253
1.31728640548917
1.11512805762625
0.633675344334336
-0.075601111692518
-1.36257777923426
-1.51264341053145
-0.871361585580652
-0.925584474674897
-1.29821677223998
-1.08209729998388
-0.233485768956336
-1.09793064188651
-1.13471713094284
-0.819747500599935
-0.0236487889453715
0.0752142912839677
-1.67004733599968
-0.229529388204782
-0.636789871861567
-0.364075698203324
-0.852678004594719
-0.804301053693633
1.07738706832903
-1.23664622950209
-0.167566692139544
-0.507366662352809
0.0591591172444459
-0.0145855496083609
-0.557811064873318
-0.562232511462084
1.33609170023276
1.78465480543708
-0.386750520173945
-1.80235855543705
1.41294889715859
-0.00666844495906001
-0.510955460588376
-0.258331201936818
0.968303282058468
0.335236464567962
-1.09939027655954
1.40147469489111
-0.274557289587204
0.237371967748559
-0.38570027082932
-1.14465817338785
-0.506893517577968
0.811749676578422
0.428874052845162
-0.565112566667339
-1.19866767752206
0.306387954021114
0.541637770775682
1.48513118413414
0.0870409680082276
-0.963299548404403
-1.17956339678368
-1.3522307379608
0.888661577159213
0.11868412279688
0.406934674689693
-0.32942937779169
-0.999362282708217
-1.65730450947785
-1.32067841038593
0.243112543620921
-1.01849798294439
0.247015842173278
1.09114453835638
-0.295715799011473
-0.35430110625508
0.0343875055988103
-0.814313079878117
-0.0890540044594896
-0.470238876197755
-0.0712724412177757
-0.154734947451716
0.751796246401146
0.205590636967045
-0.518786546500749
-1.7373992703567
-1.17250995962242
-0.254697570547053
-0.415834813896368
0.164212927221423
0.157539863294373
-0.374573037789694
-0.277888628692742
0.473944153278229
1.51918623049471
-0.747898943931619
0.649998752317661
-0.232644534934445
0.0942071512410607
0.786128813209007
-0.279640117956684
-0.07776020030428
0.0126335237005641
0.514897909908776
1.44748079846165
-1.18163672559857
1.10540649402605
-0.0550238161189722
1.73579196171215
1.20695907361918
1.25253753733492
0.43697545119432
0.406964817145827
0.143462056274193
0.0532368510574378
1.99229281082777
2.10186633599032
-0.384068456142064
-0.0166260634584506
0.090858766222156
-0.836103398902317
-1.72130438326593
1.75671996254301
-0.370428158031794
1.64682414971764
1.43084160829312
0.478360684632108
-0.420133359973121
-1.51254501861389
0.510216114104605
1.71972539502733
0.120183217145878
-0.724963139348903
-1.81889948668696
0.72367035189352
2.12415600266174
1.86486089484524
1.34329190082367
-1.52346163287925
0.781227501619806
-0.308984365606998
-1.9723664148153
1.43468418093164
-2.0795733249497
-0.88038794171515
-0.962574897322622
1.83940793200699
0.156266351980059
0.333686257792257
0.174812206485009
-0.456804773894374
-0.0184773322133918
-0.537499834475017
-1.03942411168492
1.04335009841383
-1.18091896589208
-1.0324299990606
-2.33096084670378
-0.684404021615321
-0.362198113830741
-0.0771017334486769
0.00544106465375367
