0.716658454811821
-0.565471188192661
1.24589788731059
1.28377488109732
1.05019786505474
0.544497227612205
0.0149597532083662
0.363008724908786
1.18242731334506
2.2230346459238
0.929090599407425
-0.103839092287236
1.64599512641519
1.95448953528946
1.41576737053305
0.190037626042523
1.16330482581832
0.619634716911748
0.281574972962626
1.42900733206744
0.253442141039162
0.785064919177784
0.353878161738922
1.22840156275687
1.48127332225509
1.22118114902176
0.723568446094993
1.44293247086331
1.63286686447148
0.728017871180026
1.42981473428969
1.16973359186435
1.9982960757777
1.09039774088777
1.98008959023947
1.49307482790759
2.05366950458656
0.648077161854195
1.32756305762921
0.861276133084327
-0.722038494456644
-1.03095546435318
-0.211052536759677
1.36304852882248
-0.147049295709134
-0.392838060460006
0.941569615622332
0.372984877735733
-0.372693752244649
-0.847818659974904
-1.16714873977725
0.181863253209929
0.410403857717165
1.09671840732641
-0.114031997222302
-0.264838473058762
0.0743980312926739
0.434078023640619
0.15972641679233
0.158553543671118
1.04935094484782
1.00739648034174
1.12406520669557
0.912926617195789
0.97029434777412
-0.0779214747715369
0.283285814413401
0.998547706925392
0.262105455952768
0.625274730695139
0.320007669923435
0.436050161512997
0.324158707875481
-2.43620912923595
-1.50459273032256
-0.791973555015769
0.327860560671628
0.83409040787296
-1.7251586670941
0.101429417849055
-0.999747511068903
-1.37867360902323
1.08771052636186
-1.88281847355741
0.0454050603595489
0.251437243732657
-1.85326709343401
1.30794544011892
-0.858097069640812
-0.614705562664585
-0.302899204116196
-0.431471638095005
-1.85014489447278
-1.38677843777586
0.0639594128664568
0.129930708313378
0.508199636697848
0.629165022897881
-0.831025055627149
-0.270270852812752
-1.03853963017804
-1.5019557539808
-0.190302487315297
-0.532686362113445
0.340580964778765
-0.918858615003067
0.0259097123864344
0.0425608770498895
-1.89755932820662
-1.47129069327118
-1.36944214548589
-2.34216588440496
0.0212573305448838
-0.887477747627717
-1.47531567873008
-0.596843900055315
-0.479513505270638
-0.686671534313072
-0.734317149391511
-0.200447289518952
-0.149917146703936
-0.753322586121518
0.0428580366029459
-1.52757139025467
0.0680421836884113
-0.390302518947495
-0.149159608563117
-0.809747714990757
-0.95692182868364
0.479994894075729
-0.0130158582589451
-0.527462919030204
0.103149900614525
-1.19050368332791
-1.65324322499299
-1.11935990051082
-1.31919190511227
-1.3743738452258
-0.247887807537642
-0.275356152083722
-1.73758326346237
0.601497180631862
-0.0597233384486283
-3.18221713804738
0.0820289790326218
-0.187950443387231
0.873146221951644
0.261441312351237
0.135170970851564
-1.40196853394009
0.283974787204468
-0.257785664376097
0.333137036240294
0.627836672556516
-0.138512164769199
-0.362013237019404
-0.0729005727309025
-0.365842310043916
0.571692983245583
0.584292655525919
-0.316843904731307
-1.22198423226896
-0.40509088861573
-1.14449337694188
-0.626345980138289
-0.525060640507589
0.418222635618584
0.0676377536126468
-1.85990543987927
-0.738701937404641
-0.840981157694827
0.494096084541278
-2.84648310471924
0.571594316025992
-0.752806396525043
-0.0473953387719089
0.743614257484287
0.723172067704095
-0.369281592156874
-1.21906789546552
0.11303165200316
-0.0164439548382658
-0.440337287374331
-0.345932722101727
0.909403626301646
0.397778028260745
0.551663653955973
0.860035268121784
0.223525311069842
-1.33918270937173
-0.613039632701365
-1.07904045126594
-1.01412200800086
0.0573758745070342
1.32448679950427
0.681698124663941
0.279041042645889
0.104966078483861
-0.443326557650395
-0.605488853388038
-0.399242186920259
2.36279686942077
-0.937138558933021
-0.0803396101849582
1.76107175209526
-0.902866696477786
1.65328674980989
1.46253443036815
-0.692544403865305
1.35175206175743
0.850443627796564
-0.457224136383906
-0.428255958312766
