0.620584438684145
0.905629221267756
-1.15309519799941
-0.585148106478008
-0.216400945901353
-0.259975418731891
-0.0132867357496729
-0.492924108867269
-0.0439932270282913
1.16232291813392
-0.759040037232961
-0.134958207009772
-0.344118809657057
0.134526409861754
-0.549044558572655
0.065749988115814
-0.094918686836036
0.822361208634482
0.146917920842654
-0.193928807581183
-0.141693201881479
-0.0567404141604807
-0.0645914280541832
-1.18104790757176
-0.404676548207036
-0.915095817082453
-1.41751758587783
-0.746893959617994
-0.435855794972726
-1.22652916321378
-0.235054864819169
-0.701962891408038
-0.390119778198411
-0.339084107382952
-1.06318570618591
-1.08172577425308
-1.52721841819752
-1.0983151851652
1.44579228160392
0.133085327113133
-0.0190813862273914
0.466612308754657
-0.0113520829539023
1.29220562789904
0.380014135256774
-0.305888530176083
-0.0833893877865065
0.999963612834887
0.59421718755668
0.336918739961614
-0.299991946256169
0.965422616408102
0.289327902334689
0.486797386973678
-0.402851456475369
-1.57342295691338
-1.07198487363745
-1.83622836037763
-0.233593595068944
-0.24727466282061
0.713590514256456
0.745224924833636
-1.162039125401
-0.583544387137372
-0.530463431042501
1.30330783486708
0.854841231862223
-0.849517982414222
-1.41585965038168
-0.892280635489486
-0.383068021784536
-1.07327854645079
1.53287050576982
-0.277296086014582
-1.38246907859641
0.111513853853146
0.18863979641276
-0.402274132509068
0.31736126235933
0.331112216490443
-1.09476641268773
-1.78400620810761
-0.254997144317356
-1.15680169259672
-0.473155106996139
-0.959236628096409
0.519887868394888
0.953153083639731
-1.56425178819044
-1.46633600658994
-0.801906705979162
-0.868234755251059
-1.17217274922541
-0.82624937000105
0.0219643173779616
-0.0228878733514821
-0.938841268513304
0.403715458981485
-1.17517509209024
-1.04379923107622
-0.45347623913629
-0.92914136855565
-0.585675874251028
2.32817654073376
-0.924475749499322
-2.19915314281592
-1.0596409518693
0.546842447302038
-0.953851845795165
0.476289422063255
0.0665200014957183
-1.2719944834517
-1.26680941147751
0.308823054634382
-0.00604376313698402
0.359836223832654
-0.500714326591782
-0.917653382908477
0.0502900654831597
-1.86977760830857
-2.62104299262747
-0.525417204806614
1.80754116290606
1.89337059203015
1.34875812185906
0.901692499902591
0.110073701177263
-0.160961590665333
1.14081900178724
1.20898965380923
0.666314569516523
0.92260331347387
0.154009437590804
2.21931704790013
0.830372478380358
1.22824818961102
0.157864460047148
3.27490469275872
-0.27534041267719
0.52442831368057
1.93164043033959
2.04935125979424
-1.74209394356434
2.10526605605651
-0.736437409741889
1.32646034737724
-0.695253719783947
-0.138317596031484
-0.755465899266371
0.85648557237463
-0.433965265378404
-0.598164037707699
-0.544212100378499
-1.1812844817774
-0.0579895911484498
-1.16756468028936
0.656711428321304
-1.37150136445937
-0.976377456893684
0.0188720293690599
0.487869201157752
0.616434996196675
0.457992511393738
-0.224406013724701
1.68217847430258
-0.809812504683303
1.04007729722007
2.07347405962785
-0.363446111430968
0.963427300099933
-0.713150947284349
0.256676562637338
-0.557582370427946
1.4167328616983
0.540299369972749
1.23672797235646
-1.16112872946307
-0.463438074787968
-0.875769979540747
-0.516235915698033
-0.220279071036177
1.060580228102
-0.254787996521385
-0.012977476079584
0.3960987376182
0.276333911142184
2.44630573876105
0.979251065295682
0.533483846194672
1.57538263219432
-0.503796164081882
3.11532211599469
0.786123876784762
1.55852131591752
0.214699095109384
-0.275713522551953
-0.233571340393682
0.669454027234327
-0.598824728992885
0.93004005286613
1.77001614270091
0.246524923245133
0.78986853041115
0.325964755781428
0.785850420318837
1.8935532899925
0.633235103543494
0.311298812652004
0.835502841042638
0.7370388619518
-0.414097107983715
0.0303784462809604
-0.76229790218565
