1.34408153690728
1.05310055323916
0.776191306310734
0.506005397367547
0.449000401312542
1.36998427735767
1.39570491822486
1.16696068817995
1.65089335992848
0.782022804882169
0.269273688450535
1.2380978266399
1.30730891703304
1.54371083776334
1.49119574253053
1.41887462519779
1.48747517138097
-0.338176234314632
1.62454734374972
1.31427561914889
1.03060323807863
0.743802507525504
0.130318915106418
0.801201209155833
1.12449400411529
0.645414676054278
-0.332085438165141
0.753111056052683
0.863839626748578
0.720290700673551
1.62150287988625
0.179357177577688
1.83970717364872
1.23952388585299
1.991578281186
0.718805311114637
1.53487457181887
0.712977177366635
0.0650862802059675
0.082521597176462
-1.31821840713855
-1.4987152081272
1.24997144977357
0.0472499160988236
-0.382946340738539
-1.61757325683925
0.168689165295284
0.902057249090552
1.14282665260248
0.856447430717213
1.06771935321024
1.39651895856129
1.27576424797302
1.13955481754246
0.458842879391894
0.121275385409682
-0.181831278378021
-0.672697620637401
0.789812767957722
0.668059269233031
-1.04987269909617
-1.39573904472304
0.13206075599818
0.011486517657509
-0.500980035351876
0.133375875762879
-1.2076542835553
-0.125944968792181
-0.288274695189468
-1.67635195612571
0.147576307077391
-1.24088010713623
-1.59909168878339
-0.300253666925268
-0.314187380166246
-2.26002035116146
-1.84938314917474
-1.73179315732374
-0.607586151525783
-1.8550362128734
-0.0204160870769413
-0.366064910524707
0.708774059324357
-0.533569022334261
-0.263277355180908
-0.616886744751743
-0.53280627763637
-0.782427412401311
-1.74979260257457
-2.0510750969294
-0.605463959852434
0.849649876347092
-0.458877871832378
-0.593430133831959
1.08158281797224
0.64764871746251
0.307578635907387
1.0280141891587
1.32892120341803
-0.0759732927531879
-1.63420317867046
-1.91595981739772
-0.891061742381583
1.03875842580426
-0.343231759726928
0.274195657119951
-1.37577897252535
-0.389495177147142
-1.38828982862128
-0.116627597322004
-0.737347738253396
-0.380548942992669
-0.238843593057437
-0.911115080588676
-1.94861450385244
-1.5195288058395
-0.529474470313291
-0.106989309326679
-0.526534396129928
-0.265769438665607
-0.0269937996324667
0.249280831160714
-1.26615116528961
-2.05707408579986
-2.23696386292162
-0.70355723162672
-0.990915694212992
-1.51280701459528
-0.452552136297851
-0.465763147380295
-0.797927079285198
-0.967672959897719
-0.655866421694516
-1.5307527274636
-1.95167952284399
-1.84579214993814
-1.54215027424111
-2.42105070756608
-0.122495204126297
-0.717345584021177
-1.32619926322118
-2.22076758407776
0.0326515445970428
-0.558806478814749
-0.466706578577976
1.33806579905361
0.115671655240698
0.0693813890837005
-0.175086345362946
0.0113601912147224
1.15404371513476
-0.0687044910905699
0.910581910446857
-0.191246965581131
0.0325932798730358
0.395062236037715
0.156466157363317
-0.244190937082822
0.080950132661926
0.146834159276567
-0.138537897076861
-0.147040433312804
-0.00309922826124081
0.576003954725186
0.412225185993013
-0.353498813665248
0.141136822504805
0.668340318878154
-1.65803885268707
0.506024612589462
0.530283450128734
-0.770561459293754
-1.62404737440964
0.667760606077656
0.54933114970259
-0.0675779762341719
1.67602963666524
-0.230149264120148
0.144050343423402
0.347782011016241
0.376689189238229
1.22501019097677
0.247286324012087
-0.333827940865882
0.876479294128679
0.446969866580436
1.15113728779537
1.40102866724246
0.718030830832678
0.236135710400498
0.769787502259523
0.802332309925581
0.951050741744925
1.47821675487229
0.122788426621885
-0.163943749248156
-0.379408939945102
0.739558002330926
-1.83000505291366
-0.597908357792731
1.43868410036695
0.871573206378694
0.0315775071295958
0.0044915980631422
-0.568206900783607
1.31020881836882
-0.000749103467088194
-0.0416866395758128
-0.104931275457492
-0.27299034932519
0.716646189779803
0.028576811986977
0.199899183110985
