1.68266374014642
1.57225569241363
1.22383596420981
0.400211705652856
1.28560934704183
1.45707960919445
1.55375380311048
1.32397400944828
0.925702315150273
1.37419994294294
1.26510279253645
1.29105339280924
1.51194259011688
1.70716087862324
1.17183984747454
1.63959458504475
1.47389777775671
0.968471244585467
1.43759896856371
1.50203282925451
1.41185225533619
1.42529680393017
1.29227199472494
1.07435958229931
1.51008667722742
1.70426312463926
1.6690636821496
1.41281124557809
1.59254469730797
0.773150984225916
1.4128656621837
0.523092472410259
1.57445458856112
1.71590572341177
1.12645236205606
1.17961466536714
1.23682368230478
0.84196636220063
1.69467875635848
0.862429420063996
-1.58957657186499
0.046909958162785
0.959562116448343
1.26941699342791
-0.733048050847235
-1.0841582701456
0.414060213072662
-0.0866335536106731
1.06076583891279
0.676016581174066
0.17743045907848
1.20032704337222
2.09224470591372
0.45147700665506
-0.176939037868423
0.506845327112536
0.815571875847978
0.430297014595858
0.673796569925747
0.439858977783152
0.888453670602848
1.05792850624556
0.623562352033579
0.364336055111276
0.103367099457905
0.649748110868353
1.7452358134761
-0.851920520665798
1.4616181322353
0.047431516809009
0.451155671012586
-0.578372775199153
0.0190150096527879
0.421222636679479
0.839012997775377
-0.00763437877169532
0.471372129549224
0.715846577623955
-1.88578764986708
-0.293711043745379
-1.94157814591137
-2.73807718961989
-0.427230187116281
0.11836433492597
0.540693784302249
-0.266520822928154
-1.93640712034427
0.13420678597046
-0.762585085767372
-0.706019572334917
-0.562788864928661
-0.224585397453727
-0.138484025509054
-0.107194787035496
-0.0661056045026424
0.957046900859702
-0.195405338852038
-0.179823877585031
0.52788428497537
-0.265273132626396
0.906019582913056
-0.4403024724157
0.336917304799756
0.614852075418442
0.115917927903152
-0.403468747144545
-0.870435126668115
0.00301005564315933
-0.0824387925434497
0.11417618299204
-0.195777549833007
-0.21885890533739
-1.24715629407379
-0.18505193731521
-0.107863278239421
-0.123540399541298
-0.568964383142178
-0.451961093352143
-0.535177536354298
-0.595355868248662
-0.10955873895453
-0.329019384192005
-0.913178279732467
0.915080102799089
0.433830447710375
-0.680530935129041
-0.834896067618422
-0.235396673972617
-0.180879209818456
-0.804845980904166
-0.867568079832889
0.000505482676872185
0.251456343712886
-0.6604431428699
0.970967063880845
-0.828400939292155
-2.10748184530216
-0.802155794527663
-0.375378466286536
-0.525262493177487
-0.193690747481798
0.990744100534839
-0.655162106563837
-1.59372533341268
-0.410287597615183
0.748966911204258
0.68759525185381
0.928499311163998
-0.268694835648802
-0.342815300737969
-0.16115315379648
-1.20813541438591
-0.452276397200998
-0.505472650284312
0.103527135215293
-0.965657115008895
-1.24862041588575
-1.32569112697533
-0.197871739162884
0.807504129039094
-0.989650129841411
-1.3199737861129
-1.11134068093256
-0.418249902784911
-0.203976795212321
-1.10890169212881
-0.159316545774239
-0.0800885170024294
0.00619088007329568
-1.01910811680113
-1.13732228681541
-0.995390543690748
-1.76849048159839
-0.171740926444234
0.164380878253049
-0.668733265691044
-0.451288192487514
-0.95590097641339
-1.11261035534457
-2.64793442348439
-0.748596146323245
-1.48896061711402
-1.3159607177092
-1.15627259181552
-0.387802947563262
-0.508699474957629
-0.460478071451316
0.293409783554642
-0.854730750860653
-1.9017445529322
-1.54623718537163
-0.604384373334144
-0.928735525803465
-0.86707717142746
-0.73252432442164
-0.882966433339837
-0.881557415068449
-1.02126059578927
-1.84234682155358
-1.08093343727672
-0.467794280685537
0.25843217345999
-1.51161544223387
-0.475894912265059
1.40384779369189
-0.191966724253448
-0.256891922551268
-0.426522875774217
-0.993348648498632
0.35383380661585
-0.332065535160243
-1.68540240427385
-2.07446068172173
