0.625633565061313
0.13374718530481
0.518849066470401
0.335567656129473
-0.379061449671586
0.883956065516791
0.218521171952996
0.0225998300491718
0.547177465704156
0.679305702680987
-0.11081873982709
-0.0758281083140784
0.890881300064376
1.02065865077222
0.263566244642583
-0.696585111542751
0.714096194532322
-0.121989785070966
-0.212318237718348
0.64572401987562
0.688033503513606
0.374898149130768
0.0537952863908799
0.305741053019137
0.896911061740845
-0.0581809161980353
-0.480737931626606
0.549472003005179
0.383773369498806
0.0423748803275844
0.129864047300548
-0.286018222881226
0.0995267466376137
0.553284743804514
-0.259779247647603
0.490449228731181
-0.21403507789483
0.571952466531148
1.53736447795646
0.48282328133653
1.34152069159949
-0.714219231311381
-0.247623737542365
0.294365319387211
1.25273085655594
-2.25353581622654
0.256788310743854
-0.320931125026012
0.811521490521266
0.164448703432826
-0.806063984992054
0.832473692131438
-0.0402999927006299
0.729216715405707
-0.308842330435796
-0.282492183374554
1.14459899437278
-0.282687164199823
0.675982339930795
0.209016934892495
-0.0424653848067825
0.156279982898457
-1.31511919401851
-0.482485228819607
0.870682999214919
0.448038624567021
1.82124515105932
0.561185754741415
-0.719802726880681
-0.157189300219857
-0.646793316616032
-0.632544954448662
-0.586727342643319
-0.516782696954002
-1.35137313790452
-0.571102092733492
1.64208648038785
0.00525627025040605
-0.638845420687182
-0.467094202390743
-1.22810368049464
-1.98829541245908
-0.769151684964038
-1.53611813718585
-0.0412656725144207
-0.69921181945256
-0.471185608576187
0.254862915888387
-0.964582961241938
-1.01602666340875
-0.0411490311706238
-1.22338770833081
-2.02423915674406
-1.50739612471099
0.515475823707379
0.911125230507833
0.273734984856051
-0.148777484402374
-0.36609379320075
-0.506867053339259
0.863448035020604
1.2441592475453
0.0734927403947623
0.364364658750283
-0.962098420689401
-1.25211192244772
-1.03714984188847
1.72886531739548
-0.0474928000792069
-0.123086638560195
-1.54158409885028
-2.16312251185723
-0.532537811615052
-0.809825480415973
-2.52799344629987
-1.31157487295856
1.03338714028229
-0.186496899109009
-0.721385664473748
0.486808508559175
-0.32692061568918
-0.178203941181621
0.347758810271069
-0.662281803256464
-0.012266647597898
-0.91784761835009
-0.614646371903302
-2.41594626038433
-0.732122888048394
0.467734604998295
0.250415973088286
-0.93712470886617
0.27215355776702
-1.52043781540253
-0.393497408462867
-1.88692920843155
-0.934185489387169
-2.35192395726848
-0.388571290980385
-0.731561582757286
-1.13520155892548
0.29228936089761
-0.240680045842865
-1.70380604021089
-0.467431978068262
0.964508005737247
-0.849444647981711
0.00928757755201916
0.0230235781158377
-1.23948060443557
0.434862173540279
-0.435107266455529
0.110295749539858
-0.271699420061732
-0.0764353639634008
0.669006210702528
0.747478381386181
0.180839738816456
-0.287888351074547
0.203793269332884
0.411470292468259
0.908796153949234
0.090562324949731
-0.459700064495179
-0.0709746304294532
1.70753157987799
1.68436089090947
0.516919064089557
-0.149674408579157
0.745234909528876
0.329143576978553
1.80981477655503
-1.11820307493125
2.18602455202051
-0.337606739073703
1.99788629884036
0.836850372883791
0.91397865102804
0.343290806338049
-1.48959396616103
1.15602854803379
2.00858934382082
0.85751296355282
-0.0312075152139309
1.71669211742547
1.00860924819791
1.77570442650977
1.04732250843669
1.18571684448009
-0.352415483790282
0.935267101816006
0.386799901610456
0.397763498880075
1.88389124719175
0.222365230399158
0.71157543574821
1.86115861975192
2.4755593655409
-1.30786136586241
1.41996093977681
0.289576502974243
-0.712061132175967
-1.27314422845223
-0.808488223982956
-3.05284656065768
1.55540193951921
-1.65355996790171
-0.604682581467724
-2.37959490634768
-1.06908973482227
1.96968120768805
0.603373894700441
2.05945880319873
