1.22493107691907
1.36653153277563
0.537513821838893
1.44002066537056
0.735653419101833
1.38884170528807
1.44775382782113
1.60657032734113
1.18628158118964
-1.11444547501141
1.15181740499914
0.906902082974897
0.900045619065091
0.543546669685683
0.445470006226193
0.266626672706849
0.759040768187476
1.11118618301146
0.779690248558436
1.45749465282976
0.936823473520907
1.063293100689
1.03193937197896
1.35697386963557
1.23023983215716
0.915536917092887
1.04090347239409
1.50230298272991
0.987023709689267
1.41509919224534
1.46165405343698
1.54329066054302
1.33939010739602
1.45035405639751
1.06865353349032
1.17787711904579
1.81340165341872
0.907240578579006
0.642111517305161
0.414452145215111
0.14487167966902
0.535707383555991
0.437572583128852
0.0858699590025631
-0.101405751753199
0.586538272120562
0.913455225251754
1.18191844767135
0.829946844649475
0.254565000436945
0.272061614628751
0.597239826438735
0.64513769523732
0.910078624600359
0.497406476209658
0.76214062036495
0.506840865588141
0.181326432973102
0.222362999693146
0.202360731110617
1.276199704506
1.51506326679841
1.61927873553352
1.18126884539878
0.978368239899266
1.03939408670551
1.24580678799233
0.75954980886719
1.55432496502501
0.728181347601256
1.75684112990569
0.439550018398494
0.963597128395993
0.156381025096459
0.463380352130253
-0.526953695599212
0.210453603502874
1.17606401640198
-1.10587154191526
0.376686280063732
0.0281118646178181
-0.312665687802379
1.23451830019092
0.378154648223228
0.689845844031611
0.652101547802181
-1.22149740980732
0.0655248837401137
0.60320716427926
0.171106159157796
0.30644352197871
0.810551654094527
0.896896634670315
0.928663414890537
0.664013970961867
0.585109157956315
0.0881110946365759
0.381862328954476
0.1445859088143
0.922702756670859
-1.11657900670025
-1.05694945927883
-1.00419426872401
-0.205037610119477
0.575390609244935
0.613214343653239
-1.53537442467204
-1.57041272438525
-0.481882395695697
0.0236796963810669
0.285583382252071
0.592435058041705
0.331712677826718
0.899809256841695
0.183472896084908
0.271177437057486
-0.590526066696418
0.778320576507209
0.611409714769307
0.692813475343831
0.782300909731532
0.700163107823685
-0.0456505765479919
-1.43227246812662
-0.74450485170503
-0.131227886373585
0.163181041429574
-0.473685860591938
-0.635934613850992
-0.33187686228915
-0.588659278877656
-0.232018307676092
-0.220013595009151
-0.209723315654304
-0.690431786437151
-0.766620741374737
-0.986760950983291
-0.321152549481127
0.231049917488606
-0.210966131896878
-1.28597510596901
-0.519178028521946
-0.501650751420409
-2.33882218245313
-0.54158509160488
0.215805766484545
-0.635371111015978
-0.853074585416685
-0.986174879405025
-2.03584942092781
-0.612266146343131
-1.88621994926072
-1.34869509825034
0.012655162617556
-0.799309133581996
0.111192831211835
-2.10985823654067
-2.53211465158244
-1.63936680867335
-0.569870642858316
-1.79314654668053
-2.19896402401752
-1.12377812913058
-0.730104696729856
-1.63654119951525
-0.620265395782622
-0.567352396698039
-1.32433042692455
-0.852197674929697
-1.39137319896617
-1.02713359308084
-0.930675412521705
-1.16516663568136
-0.865061119563407
-0.852840455303877
-1.23511774386103
0.289042057783779
-1.18545342435123
-0.59915910447436
0.0135504120626077
-0.263811531878119
-1.67953950435803
0.374638394930198
-0.555929497002519
-0.300695114566315
-0.90843263753349
-0.627040850622437
0.794598148297565
-0.498006137784811
-1.02953010451501
0.0252955696632969
-0.654771904568675
-1.46752780083704
0.0897296844116776
-0.523050950457132
0.81554645703748
-0.989170926562756
-1.36513948905578
-1.61066667674491
-1.04900544110759
0.471523150213073
-0.725442313360642
-2.31802655586089
-1.57177939195615
-0.812072880377813
-0.239944466628736
-1.92936661408485
-1.0233737430229
-2.16934763372532
-1.33182271600268
-1.44708048420652
-0.923796585393647
-0.989362578978516
