-1.26644708317576
-0.215363182705053
-0.138395387593294
-0.212250913744327
0.194633073484826
1.02680038009815
1.16686750421664
0.827042509589985
0.488275930064011
-1.86967014145182
0.237834357377764
-0.716673822861205
-0.412573363075772
-1.15500231374103
-0.267674270041644
-1.62591982131414
-1.13044963170134
0.356570468000561
-1.64684497442418
0.0516423969363403
-0.0386661038147818
0.00462119333455655
0.476097594372381
0.321318647682755
-0.75979806072114
0.285354067580703
0.412089178237084
-0.211032696369155
-0.0964362592608796
0.535726905112423
0.546134254042241
0.318644160977803
0.507419334892017
-0.149027790645853
0.643501573045433
-0.106173600325192
-0.023718997019234
-0.302570924947556
0.219683116113534
-0.31203579162764
-3.07413421590281
-2.99440361663371
-0.458884037267236
0.127903740900844
-1.54263732180933
-4.30833421869944
-0.578292176772557
-1.88014102755837
-0.557700925300916
-0.95217233483908
-0.616052846278181
-0.403544752426624
-1.17478138182057
-0.234584947904476
-0.742532712197466
-0.439937744602944
0.158916336842204
-0.102560048803702
-0.779275715643738
-0.0822951243236413
-0.304464447707396
0.138898534828192
0.112723176380139
0.23164511164194
-0.037706892769767
-0.204854292303689
-0.431127209494169
0.374158044589918
-0.0355948875143152
0.184519857316125
-0.0204868695474482
0.329806448802239
0.520163566322923
-1.06571553564552
-0.730315417191785
-2.2491256957784
-0.253299214111961
-3.62429301796166
-0.267756175593816
-0.105973569525326
0.46145429058249
0.799203272231616
0.197480125269674
0.297187428156175
-0.124999530605079
-0.0197575939547539
-0.229721683477497
0.711865811662936
0.301987081963448
0.318383087055937
0.235799881041703
0.144294635268721
-0.110686102593221
0.0820343994686867
0.93706357168564
0.450848038708456
0.744921659030458
0.219791618349258
0.186334094191873
0.0621300495258513
-0.0353703077437226
0.531318995447812
-0.119750305490955
0.376967097541732
0.120430327577851
0.318396141379037
0.0772375071233393
0.537022623792401
0.526951712932068
-0.0950263159273768
-0.251035910351782
-0.215411340044008
0.960064239812775
0.378421496428455
0.188133327336554
0.334169659475598
0.657631380255371
0.851921230070624
0.527337004582782
0.918723355420742
0.509311343189682
0.296252759359161
0.275816322586108
-6.8025311026014
-0.0951488891343093
0.727165534381785
0.281424016200594
-0.401197646018848
-0.27638718683208
0.0685518165603659
0.141066718000148
0.458092729735837
0.262844206887662
-0.604847599095305
-2.9857802909996
-1.11796426986994
0.081605190155933
-0.06091761098138
0.941302737223796
0.591192728163493
-0.550014496021441
0.314895219126199
0.277647121849965
0.852643096661612
0.870466364399031
0.105248161385448
0.660594443119722
0.243081559718182
0.475790556425675
0.380002544479708
0.813058022573541
0.693812367146181
0.482034664085305
0.441555028471144
0.45212507510764
0.721766783273025
0.733153406647425
0.827149707073374
0.712975265954953
0.253062126598179
0.858654345438406
0.74158851566232
0.718727812247747
0.89357432520714
0.849626902384683
-0.293984471361919
0.783846158774771
0.511214080931079
-1.84658933650826
0.937340921159632
0.85315252806051
0.841729894170396
-1.89198789120369
0.77943846202101
0.980751693451166
0.805967021248206
1.06975974482298
0.397191193963775
0.932086764915715
0.0536391997091899
0.907618957911281
0.691373078440368
0.488349267003126
0.974410969756225
0.96491632240782
0.95947363685044
0.604115456138166
0.752160008858321
0.842230826152069
1.0417489223651
-0.00484526355862338
0.874900391828566
0.889402501216553
1.01281244899001
0.871551877781797
0.89913671673965
0.819033000460476
0.618310773774078
0.207665441303425
0.465144492791125
0.856493179652413
-0.97591992745392
-0.473371814774827
-0.744462906479938
-2.93210209642238
-0.587527725655795
-1.58849470835115
-0.485712347112592
0.232293048124591
-1.31636842548596
0.774158969318924
0.622259447440096
0.569585078434891
