0.604432262490715
0.544912945706579
0.80329553180434
-0.354037626335118
-0.0195373605927589
-1.11808427835707
-0.948163583261803
-0.740826740494019
-0.636531008904177
1.50823840405198
-0.105792776013295
0.985382224502684
0.165289940022922
0.501162321724072
1.25035614047862
1.1858787680548
1.20754584799064
-0.656426201691018
0.293278695950163
0.288557106379356
-0.193068287542977
0.0112201058686516
0.066718219016195
-0.349478161099772
0.434564765528303
0.0817915870210736
1.17012912630134
-0.730253032700264
0.348169935205913
0.536874766596284
-0.852933244946162
-0.274173619761754
-1.18545752616596
-0.485936789513463
-1.30314098360503
-0.554126284603573
-1.10594134978385
-0.517531401234244
1.0006905165414
0.324950156733425
-0.543485710966659
-1.324861739584
0.98735700013053
0.48365735478274
-0.557686169548738
-0.936847494570966
-0.423722929073647
-1.28040172611726
0.941458758544985
-0.208164265448024
-0.669368724000938
-0.475628070081651
0.844486398147096
-0.380565999160913
0.499266985762538
-0.5765332439848
0.0126314975603061
-0.330029022745168
-0.992155747346531
-0.477366952642044
-1.38781184958715
-0.805090516942358
-0.50262263836498
-0.128814979527018
-1.22944189003029
-0.483518731752561
-1.46835945628298
0.367752239076446
-0.49266624327791
-0.922104988282302
-0.157555054278047
-0.131285248814298
-0.977331297374752
0.229186092688321
-0.321455136049597
-1.39430862795053
-0.496993291403065
0.117722480261414
0.73175770812425
-1.19656434275766
-1.04806351251098
-1.03927320384385
0.113834293530732
-0.268931761803835
0.708781093141147
-0.431913216358797
1.53867145032032
0.41617230666486
-1.11415657850026
-1.23181023403343
-1.3154163340974
0.797547212110903
0.146025770270697
-0.201430032887833
-0.878438631323171
0.169680006772913
-0.564952625832757
2.85800751461342
-0.207891144884165
0.598187321368587
-1.06062401013824
-1.28744484906246
-0.737814587228746
3.89596567263211
0.00487417762643854
-1.01954706898947
-1.18128071788432
-0.809675912362699
-1.2871565164663
1.64223434656434
-0.305586802080761
0.571266968134872
-1.31063961542431
-0.364560922179506
-0.979932531110757
-1.12526047694015
-1.53042910231993
-1.30125461279996
-1.12297681302594
-1.16247790790216
-1.12907248030639
-1.31494204260648
-1.30728887473039
-0.410345634766372
-0.907166044296728
-0.70164485760551
-0.573073590933692
-0.820730492597647
0.704123925120625
-0.988974137273529
-0.774342638301994
0.59030932859604
-1.28093849822402
-1.38933844518885
-1.20333344599397
-1.2025000923358
-0.246767051920255
-1.23674687644849
-1.14724522963311
0.0544416137072989
0.0550191390511899
-0.428382223784576
-0.488676620264078
0.849070264982445
0.591205641866612
-0.174789605737668
-0.211130262548812
0.326975263089489
0.174212478849686
1.55541081553067
0.611643895045845
0.95505534095993
-0.0459057696648508
-0.35814546882864
1.39097674520205
-1.00705840819695
2.56604523243733
0.33466430255317
1.39908051146314
1.222077353805
-0.37270345570831
-0.659036841520497
1.36091700342273
-1.43078204901719
-1.3544489952868
-0.523773325957552
1.07255572724199
0.925358951705663
-0.688183952441318
0.343954740049934
-0.676223183350367
-0.192264587638872
1.03031536128425
0.444600519530386
-1.1509263588859
0.347838754311077
1.6560511701186
1.55667808407251
1.65091922639827
3.24426072209537
0.958057278343293
0.71179680156674
1.92715323021501
3.04715043783144
0.792737516009649
1.16873855840641
1.29792271744915
0.798669235953329
0.849365716730743
0.438448177453586
2.17620906583547
0.628156087908307
1.75665330028936
1.56277963779796
0.535703691216661
0.774455652576423
0.854798448735916
1.19950150005209
0.206375579688717
0.41757704609756
0.231196894591889
-0.0595879795561946
-0.208568226471665
0.0096164926948672
0.247444262273507
1.11153377158115
0.275436311460268
-0.433005710546742
-0.754842199516164
-0.0465318121076485
0.857517730622385
1.30358672188249
1.05023154218424
