0.155561155438589
0.883720057552519
0.398537203672131
0.755167511632823
0.905259734681247
0.323942438070624
0.272889847057908
0.0583196808603159
0.28364622471275
0.621952972539115
0.95853731497175
0.208945500399945
0.361562176661722
0.327821102153548
0.103489471666055
-1.26094284823052
-0.0709649531338293
0.669490570663551
-1.05329598141909
0.0446450194068251
0.255289914323463
0.299237758837896
0.715305049030334
-0.117994401434381
0.0826312846410956
1.33561601360086
1.77069484064888
-0.70882053090825
0.804034410698072
0.454569038336578
0.21579954320867
1.15568205758999
0.396911992449331
0.479630504489242
-0.0520868077699644
0.10068155128314
-0.148290799289416
0.381124357710628
1.37004610189234
0.277834014517524
-0.928766066252842
-0.511010793417699
0.348898297536053
0.755631668789158
0.569018681104862
-0.493418531033783
0.484645607923114
0.231807493670432
0.422581026795306
0.198501783516968
-0.361994175915646
0.340791812513141
0.276703304418656
0.341887480145882
1.12676200161649
0.806440880445743
0.78907057692476
-0.0489904791256028
0.721795427562214
-0.185200145864731
-0.49153060921684
-1.28677776080575
1.36534892481804
1.0607594073708
-0.0765448182888815
-0.615837801885698
-0.0196593989479583
-0.179474062044347
1.05760633794029
-0.528275882981215
1.25940736551319
0.735175977567148
-1.22663852656622
0.661578973835895
0.736170320580257
-0.347192487813251
-0.296103313076036
1.35094167387209
0.262309791621604
-0.422136197468502
0.442282276878851
-0.424398115532705
0.323903608382782
0.414487264073549
0.607969707839782
0.684096018063713
-0.067203612324579
0.248354151334395
-1.72619439360746
-1.44540831321351
-0.827384415479897
-1.09659927825463
-1.10217214401502
-1.10488635318343
-0.736200646632943
-0.70284930302238
-0.181353410057999
2.67980880794339
-0.0390961581867068
0.56618102876472
0.0907565331730548
-0.285415937758163
-0.197864937651581
3.64026943297383
-2.56904247426062
-1.80408738026077
-0.179169229413705
0.435358351637664
-1.40688605837682
2.2361119745657
-1.62911464510387
-1.28241426651947
-0.0869752560097584
-1.77374306449269
-3.38292563490098
-2.95342471884673
0.00566495334513067
-1.3135413835701
-1.61814919350135
-0.700486297063926
-1.56438443520415
-2.86800873762177
-1.31762805879493
-0.546677538333112
-2.00829125249667
-0.995024788592776
-0.412713541984472
-0.815813685172114
0.852824943340974
-1.23603336692707
-0.967557205114208
-0.770943547498936
-2.46107639034798
-0.835829665128441
-1.33583609874231
-1.38879088407425
-1.58573225112531
-1.86301252033178
-2.30721682835774
-0.174236569028705
-1.03123656552857
-1.86934288950196
-0.157395251235183
-1.28458116952175
-0.500207940289945
-0.0519754544133432
-0.10994104799635
0.671583814553411
-0.0276073951979234
0.691866595251496
0.294670732150161
-0.190590930794782
0.739570886994122
-0.321432216125716
-0.162296338356506
-0.492679940241879
0.363171443987185
-0.40499590538892
0.403184558470418
1.40819393866169
-0.018485054194834
-0.136498262292367
0.200914188561379
0.0579574426493952
-0.382026961664727
0.351534162571879
0.00234482146232323
-0.310895151109495
-0.610520723942012
0.283872826556185
-0.041934146096289
1.13844419097295
0.390427747222808
0.439492017122529
0.720595337943835
0.397003895537859
-0.299360850192621
1.01285850080448
0.280266193952727
-1.39940457052047
-0.0240280963357093
1.58471821382077
-0.607934336768252
1.29625165466311
0.124409023245745
-0.0209348314140126
0.851988057475307
0.68471971412349
0.611369763477664
0.0817576297136557
-0.0374012870485206
0.557895983219785
0.209888856496766
0.590986195374767
-0.098750974997375
-0.353994869434652
1.55598817991972
1.20929170412324
2.94231487811867
1.25868584109143
0.481198710152487
0.919318395890693
0.00949148695375098
0.775581607247728
1.68516389048209
-0.0815112765905169
0.839293391073664
-0.000798325443752068
0.270242297107759
1.15245268057275
1.11916771427739
0.583988913593702
0.747905760205373
