0.194024934666013
0.0624131835602906
-0.0585193507769983
0.345533286961384
-0.289079590957732
-0.949092687191099
-0.47378731845498
-0.041622546212638
1.88691100263969
0.244761224714006
0.172738606990035
0.301242148626552
-0.688498702678292
-0.143325296810106
-0.818027944142025
0.680710710254927
-0.521583482706872
1.41027668790312
0.908624638074478
-0.477538391710285
-1.58324330963857
0.209956356771307
0.834240369817587
-1.0892108766393
-0.863408984337688
-0.885249119558635
-0.772320507251403
-0.950993337799919
-0.885899753756513
-0.642696184708566
0.443763373711233
0.132394263028572
-1.12658002582428
-1.40230315923002
-0.802261865933997
-1.1818419349569
-0.707081250331506
-0.126819863154018
-0.362606026259923
-0.824693318442189
0.308155136357804
-1.02625733915641
-0.29651332841912
-0.333731058844196
0.0710346163292884
-1.19942099516687
-0.831972048571605
-0.235253836155674
-0.249981541734856
-0.444087147260419
-1.09906628631681
1.45829622162502
0.84425420035452
3.01394558627353
3.71102236348168
1.99511703619559
0.617280312865631
0.437540772820977
-0.89956563177778
0.541944677139276
-0.223338050359347
-0.606294193006464
-0.157081619112526
-0.894378905440498
-0.380928539501508
0.0255897750637923
1.3601953527797
0.809021336077514
0.14836400490086
1.88762853621681
0.555790373213061
1.13722621526749
-0.0930872301138233
-0.718800485890902
-0.24657411813285
-1.07311003384232
0.735339523728375
0.202278765148492
-0.693294435829593
0.33580545512546
1.08680963436203
1.92869162101453
0.390191433213667
-0.140536976010648
0.966260753172481
1.05679227579225
-1.05641487186473
-0.166977928584342
-0.996353581878152
-1.00841901041528
-0.732883807799685
0.895365974295628
0.929342883804869
0.557418171421749
-0.781260203867011
-1.11169456102231
-0.642715786134453
0.334550930293828
0.230357857331956
1.35235277772293
-0.596892868641012
-0.487722520347895
0.360514603040747
0.335815251043336
3.22061973124505
0.301886865914452
-0.600797110915648
0.643404704557868
-0.944762174785803
-0.036098314346437
0.549726427089692
0.406527143613968
-0.879009989990803
-0.0703223568657354
0.623252009624209
0.245162133295965
1.56827114694869
-1.08932691627583
0.415298131164424
-0.707342963196348
-0.824981414401612
2.80679075292898
-0.238227505944869
3.2425612202237
-0.216066727928497
0.340235003386891
0.74032017319054
0.241887725083563
3.13962498756902
-0.668077504302879
-0.365539486151951
-0.726276508544444
-0.554152344341906
1.14864403963066
2.17756428681916
0.0655649374674242
1.40027506429447
1.26566845129048
0.572561348950999
1.8854193959549
0.367273724426747
0.224160343268391
-0.828111873543516
-0.770636594839814
0.0759605081386051
-0.0040090820557551
1.36844760485996
1.52121734957845
0.681914944976059
2.35636236067601
-0.957064912640326
-0.520382609316683
-0.890234619387347
-0.756394548970758
-0.477770598369098
-0.676486781976555
-1.04823223783326
-0.433659325863378
-0.614978065242363
1.10608589880127
-0.391828638514864
1.25867997736783
-0.34231053154595
-0.680278536372642
-0.983223227950651
0.943589202860757
0.275006424697874
-0.650886349590047
1.70525970605969
-0.479976853343793
-0.602454605356674
-0.299598576046976
-0.101010283324057
-1.09551171729329
0.078910910627245
-1.08657628787082
-0.835497682024479
0.472239419420412
-1.57554531905401
-0.0567971390660102
-1.17916257676867
-1.03787346294602
-0.86051229711463
-1.32573555852947
-1.09209631024802
-0.821420358006253
-0.0572399551446966
0.0508363077307777
-1.38562355984261
-1.32407426285164
-1.08904467685282
-0.786502668996836
-1.68500386972946
0.147975796587814
-0.672639774473374
-0.245255675850846
-1.50195387727126
-0.920398414918714
0.291367921914326
-1.59756948878945
-0.423274027873518
-0.355198771850516
0.280224921609783
-0.118883389692686
0.674240803927592
1.13268123976893
-0.192522120832487
0.215458894007802
0.472178075182111
-0.363790013821759
0.884943785693448
-0.51856480818903
0.693504989023256
