0.854405063904731
0.690173948181243
0.466942513568834
1.14894130083436
0.809110302890891
1.04382614190788
1.08236810386229
1.1184817002345
0.954848414210442
0.0290925674526207
0.691238023452592
1.32072882322737
0.690439158094309
0.677071333177917
0.597381325976069
0.583355135610128
0.780082903117079
1.46483656694326
0.797968649994622
0.966548019573158
0.931372080550415
0.819848245297558
1.01046549697814
0.733182402681211
0.714928926309419
0.573665588664151
0.526970493381619
0.862405732794653
0.706781248890965
0.853270362217173
1.00780204077433
0.73283979364014
1.00292932130114
1.07272035475281
0.989618890145396
0.528379072790838
0.315983566949893
0.491411173059971
1.88289706671817
0.196017859455618
-0.87279301901966
0.917762103297326
1.15933064680883
1.6837627166535
-0.584444770341865
-0.576193131609762
1.16555752143223
0.62822167806113
0.46537068886784
0.668560308998707
0.467635196180609
0.531350588257397
0.29185857836755
1.39689857646365
1.14285398231775
1.67049518235704
1.17902433835483
1.31869154103083
1.00351174839565
1.42036213256122
0.741345367413328
1.08648110361855
0.693209662489832
0.981235438476241
0.889040199266375
0.631106795030336
1.83145145285357
0.48241020578294
0.129661373690334
0.271325564593079
-0.161470310771066
1.75979916178265
0.625420438971497
0.0887480991624986
0.393134843214019
0.0222599028866317
0.884387067260752
-0.351979529318995
0.643332135088454
-0.233892378727943
0.705557224355075
0.0546542515128418
1.2799817336559
1.37322913060376
1.06114041090522
1.02063785827007
1.26946398080651
-1.12078766169683
-2.70567500919402
-2.29581064291997
-1.95198165949047
-2.01543624915721
-1.2537435398034
-0.1234540876574
-1.35005260099579
-0.382183397615076
0.0730717559200043
-0.56305341459539
-1.3405306331161
-1.25146009401073
-0.930216393308367
-1.83286000359657
-0.519411555767476
0.558173060811572
-1.89051685181503
-2.206720611853
-1.84390402487134
0.31300914770375
-0.849988776259849
1.2840009789833
0.253418108648839
-0.941137093896927
-1.68010342143948
-0.850187538942856
-0.132619114963296
-0.0379299505507297
-0.698476212924906
-1.11969929185929
-0.943870983887884
-1.54376508098145
-2.10265249133302
-1.58485039366236
0.341158996055454
0.785703925568641
0.867775605029732
0.408359787497434
0.237318330024905
0.363082843842572
-1.15733103200468
0.693820903471066
0.361826398697915
-1.06017411585968
-1.97246076532273
1.37240752647129
-1.97354400832277
1.32834698895667
0.0412116260523593
0.733182402681211
-2.67159064061107
-1.57333655872121
0.121412924945359
0.714454667446697
-1.94596088174894
-0.506971160700537
-0.659598555536259
-0.232265777685422
-1.5719726892717
-1.20112060534238
-1.50438774880252
0.296786190387883
-0.758730367433421
-0.848814584826972
-0.721855098395604
-1.67067640377547
-0.658894759919093
0.425090750686778
-0.122825989770818
-0.68029733651592
-1.28696510019625
0.109560723967151
-0.736612529146774
-1.21512539726944
-1.15142621189922
0.0520029374144088
-0.32820457585901
-0.184478547714297
0.625159619384478
0.59659985743133
-0.153023442114967
-0.474769716153402
-0.523347726437152
-1.38243585422873
-0.29216956231953
0.649195341509318
0.326047547172108
1.25539031950575
0.438670031410069
0.447639676956571
-0.44484848988811
-0.587922464497777
-0.126851412582566
-0.904537313610375
-0.423213886488569
0.369257164317219
-1.14817493764902
-0.760446646736244
0.0814516178981673
1.08472861041012
-0.140783859139613
-1.66912756054895
0.274000003929644
-0.438217466507738
0.204376631549437
-0.01125325120358
-0.550756818893802
-0.0259550577491359
-0.506254544060715
-1.15202108467162
-1.6585269192089
1.26565824614975
0.930639397970545
-0.321938194812319
-0.932213432813379
-0.652966526751556
-0.574020258561631
0.0206915254339183
-0.290135342758652
-0.665330628126858
-0.722447912167654
-0.659544403002203
-0.137856055615759
-0.601633620069418
-0.884075061980218
