0.0943118611094909
0.7010884089232
-0.0484955386096511
0.0345569311940184
-0.391638657844769
-0.242411878159757
0.0327802509397264
0.313692544437679
0.563402894688855
-0.466391994676
-0.35785813924468
-0.170890473118776
-0.689388632494839
-0.329274043616659
-1.15226043952793
0.0301387383019091
-0.809271970698295
0.678996295764342
0.00592754564323755
-0.458112486795861
0.197983633765112
0.602916662005988
1.23664340161349
-0.290060195231442
-0.849901025558799
-0.733697566945403
-0.777079751518148
-1.02672387738389
-0.719599524033766
0.0010232337896741
0.515600850854046
0.185297721126876
-0.478175623638383
-0.503032886421807
-0.430795529277814
-1.14865102060956
-0.443306248775145
-0.949987202136681
1.51854600574786
-0.47676445556185
0.446820976209192
1.36879200625463
0.149728899542067
0.864094231614621
-0.280250691710781
1.07171148968809
0.124878087807567
0.896814092863867
-0.0317070511844481
0.0706727951713469
-0.284076041988388
1.45804875168983
1.83569863236664
0.606195521099431
0.0125951819585431
-0.379572021729364
-0.68018157645419
-0.858983161930209
-0.663826590000597
0.495354515104181
1.54182778109291
1.60568522084
-0.888584411025861
-0.388518029720003
0.746857801686621
1.54041818294452
2.08076619952145
-0.350090846747332
0.553692985566747
0.76579125550185
-0.972861626980475
-0.46123949616854
1.29771330391626
-0.546184373684132
0.309361014067488
0.844263213425928
1.47241142175081
0.744058753256877
0.0540943604583413
0.548098787707113
-1.95835291120054
-1.7189308566567
-0.103412325028611
-0.586045568366291
0.143707927010175
-0.199526082081027
0.383113046263583
1.04082344552962
1.77906761549983
1.76207414107172
1.03310481701075
1.48660562229725
1.58777422522333
1.2920044074256
0.699168342963682
0.586602288771828
-0.144429486985312
0.730261935103631
0.983557988152026
1.44152837982394
1.48291405345231
0.726133779949287
1.18496117609902
0.238180743069427
0.1420607316183
1.24886154064751
-0.0765067770126105
0.341991049798484
2.00851033029412
1.87064592214906
1.70931889188252
1.93134356082128
0.455248404381367
1.67524265289821
0.785225871408891
0.85243613231147
-0.530506943693979
1.30205940624545
1.05903162154502
1.19652013541955
1.50465043174959
1.27626402052602
-0.549865172940596
1.27070014884959
0.211083539156486
-0.814057730638251
-0.949084475933664
-0.0368028542282002
-1.86374643877301
-0.337444185655521
-0.441020673321235
-0.391766990214334
-1.00756119912525
0.605409434760694
0.28165380234024
-0.058724381510016
0.191333470059792
-0.27031144134689
0.084015565307
-0.334962759402172
0.381628467682736
1.82559161886612
-0.655080417278108
0.117660332643614
-1.13485443546116
-0.305578980784091
-1.77754708236914
-0.91809384870873
-1.04848159607808
0.309524266079336
-0.94855082078517
-0.939683477928282
-0.614663871267224
-0.798689254193152
-1.08092204025834
-0.920461752282667
0.410921632969963
0.100288457095429
-1.08498118828896
-0.308476046242385
1.10969378367428
0.648486149537596
0.929070842253778
-0.589960375610692
-1.45182974223407
0.117933552790478
-0.723190593120582
-0.855315619076202
-0.304203961210341
-0.737902153908824
-0.77321633886437
-1.35863943656876
-0.940491324275118
-1.05800474430763
-0.34163172592025
-0.799332292663023
-1.19729462826701
0.544901861413887
-1.93790983897436
-1.31502970124656
-1.71345608736725
-0.749907111907567
-0.869622639955341
-1.35846912480075
-2.21417090480189
-1.55329494608557
-0.41103082565301
-1.16714327209482
-2.13197261730124
-2.56182736202525
-1.82131933577143
-1.21990783002203
-1.25593691277897
-0.573442541983851
-0.933366880442946
-1.45841519892731
-2.57316603454255
-0.60945059224067
-0.0761063974734801
-1.3913414813346
-1.46443904168254
0.973070942832627
1.04201059203332
1.1620916966632
0.859535150705608
0.975768209649087
0.303615051511606
0.804341875798722
1.06735328720786
1.07610673399053
0.986286111231779
0.703644008071734
0.876641096081353
