-0.489835927179175
-0.54097392943425
0.97010467752261
1.1166393484889
1.21431871891441
-0.21146557896839
-0.402323645969677
0.215061394058418
-0.206055252799617
0.426287405409651
0.721448381502017
0.315129727067835
0.847786694509767
0.534625318234734
1.18471470615535
-0.201286603550788
1.15566529131346
0.310346001585353
-0.726699500004513
0.9692506371244
0.40214698866335
0.0477652355040731
-0.647166899055375
1.08616110733504
0.755640083063163
1.12131001532062
0.924583232903296
1.03342344023596
1.17310414637329
-0.133285459543755
0.256687021045979
0.189567397993448
1.13127404976111
0.314549966758676
0.995854583903638
1.17449560393504
0.409807136988148
0.416502668086064
0.554937419112787
0.140717310012991
1.25071617699884
1.91854701705617
0.329181251068293
0.499772055949151
1.28833966535213
1.47245259989646
1.46542509256926
1.79239884229767
0.312947239834941
0.431130335309196
0.409661867605972
1.32850919030033
0.709780778300557
1.23558679033807
0.788344836232047
0.249721423521357
-0.571211946101449
-0.108616711194585
-0.329781396730601
1.10014532926772
0.6074900565767
1.59213763989813
0.25278374218908
0.852638488776694
1.19154696507002
0.77128885712346
2.4731230930305
1.45797720316769
0.345032163896452
1.19491874930171
-0.144826921172848
0.943232166461674
1.5971473847236
-0.419298609918757
0.374629169501169
1.3614964386905
1.88857066919779
0.0965048650964942
0.372443641068707
0.715977045691109
-0.724732130794584
-0.818212186120212
0.0539895565168119
0.7891360773232
0.134199994287222
0.231474300155686
0.431834341251889
-0.271940409953982
1.34383267031477
1.78384086270674
0.305779243353469
-1.69419482439942
-2.09512723132777
-2.04051700917505
-0.455389531038507
0.298689038394168
0.51316374043027
-0.0541342273080293
-0.660309957340553
-1.16046614461439
-0.484776768571879
-1.21254541693863
-0.369268864122277
-0.202875273437459
-1.1116392485166
-1.38706790932346
-2.12102736025411
0.147677388476802
1.04114425101622
-0.565410756994134
0.723558514520973
-1.53237710052185
0.295939285684932
-0.111689516084672
-2.12841709643908
-0.431940557693681
-0.876853516095174
0.784329185330775
0.753823236592257
-0.189558514965775
-0.649665969730709
-1.46375039456622
1.47882140322487
0.687464312066685
0.627250597629064
0.568350116183335
0.565582159224185
0.737867200836146
1.46525627792544
1.51851050210826
1.07650925696795
0.948473882866734
1.53844666108493
1.27647427106458
1.26315532418072
0.944388338822703
0.531043773684917
0.93086303326155
-1.61400058348868
1.35141614506316
-0.180470256521499
-0.0542873194889416
-0.762737238922783
-1.78157562706563
-0.430082104033009
-0.517694845629204
-0.0212913164558248
0.441489040598244
-0.086892439229609
0.921310914093809
0.836699800274784
-0.634735407324577
-0.0970324796638262
0.0532170487858097
0.0170914278550973
-0.282041965212248
-0.555900032261414
-0.547522003326101
-0.299346283843656
0.132962432435861
-0.806105023285974
-0.360387819300683
0.200621761374536
-0.364133363966141
-0.0764820678754564
-0.363749075447673
-0.800736128663183
-0.558767248914847
0.351805354091126
-1.0885049751346
-0.544850795787843
-1.11195703470465
-2.14923796248372
-1.65536887349302
-0.405293198046652
-1.88480626812022
-1.93368142571928
-0.677205751149213
-1.20037775904912
-0.726429345186342
-1.19155623584784
-1.31877994054045
-1.56314102469338
-1.36625644537927
-0.782558666502211
-0.84242009226278
-1.51598470027489
-0.923534999152682
-2.03975541806302
-1.32147079818563
-1.54816519594979
-1.73889620629957
-1.26140170879646
-1.16772091264759
-0.775735974277505
-1.44843161953845
-2.08984687299286
-1.46467618960531
-1.5323353701562
-1.97667346903045
0.439069866400923
0.276074335040032
-0.482889023199487
0.226379901982586
-0.466787665814044
-0.691406919882576
-0.2438618350716
0.135055090756261
-0.384954835716605
-0.114815882683714
-1.18058059644342
-0.641378897881604
-1.35914864284672
