-1.11569090484173
-1.06710055871856
1.22876764044649
1.57241408982851
1.07411910530936
2.01267277674563
1.15845990612371
0.466835591874566
1.73158983145661
-0.507237872778994
1.30001798590096
-0.35199969340962
0.555214621672168
-0.0031898676392781
0.423839151291647
-0.875459332125259
0.408969773141032
0.196318178729557
-0.819916408167227
1.15899008662982
-0.240759321615326
0.312408849724868
0.120322789569784
1.66790994654771
-0.153086157351472
1.39796361730763
1.79639093945777
0.251621958418429
1.25345327805877
1.65627339818477
2.09975046079526
1.29923416259693
1.71701272249195
-0.709596939387643
1.82886578821365
0.305079899483115
0.657558823651135
-0.270378545451199
0.713810699113813
-1.11166137301867
-0.533304083337554
-0.753084439871042
-0.56132742394892
-0.179576493122405
-0.974317763091621
0.121604042676503
0.516323657280234
0.564146895075998
0.687950602920852
0.429714762507681
0.726237114414663
1.4618985022759
0.524298656847549
1.7026019683075
0.386895564853723
0.494842984312013
0.869663762824298
0.647350441825832
0.0618420133769678
0.900754819212455
0.903111920036688
0.814624598911126
0.116526533321592
0.358890693592957
0.591752853615823
1.27094805700704
0.997288102449094
0.35304053062743
-0.0854015561016652
0.154019076652077
-0.0313585077675666
-0.120392940595113
0.386922272526622
-1.13448585479576
-0.603174912529859
0.540056582457876
-0.0213571741493351
-0.168419569062575
-0.222691460534423
-0.215842760042271
-0.43131175797751
-0.759668403088316
0.421997113978611
-1.14179420860975
0.0474390128606808
-0.224239609160042
-1.23834696501714
-0.230651821039377
-0.0533997359072434
0.407874783940316
0.606504069803769
1.33053974646255
-0.774471512700498
-0.940031460757523
0.934478442761465
1.5307842528268
0.552517184482207
0.469019560747153
1.14893231142443
0.402754279805787
0.383515890494135
0.2479535459513
0.0867928318492593
-0.380187092264116
0.270991978374655
2.86311475716501
0.263485760301727
0.707052210250167
-0.368241349522537
-0.352397914152062
-0.656914890300568
-0.620269203503951
0.45510727610365
-0.624075732729587
-1.07149482635911
-1.13208031991772
0.304027510946737
-0.164666248648825
0.203288265425942
1.08254026023371
0.91787028175336
0.256138207607458
-0.0232305489437687
1.06743083413265
-0.894975255455273
-0.884472421435828
-0.642415703688431
-0.389877732257319
-0.332997355181161
-0.476742894639542
-0.707756183462028
-0.295381300362317
0.829989264735885
-1.19996955126779
0.478647857994815
-1.29248047914857
-0.746889902495155
-0.767285114378406
-0.253347248680345
0.252045472913148
-2.24845948772541
0.0600483831800264
1.07618599454976
-0.714057882289965
-0.566249992297875
0.087007099348894
0.0155442859602122
0.127897556163496
-0.427350598775793
0.0404181868802827
-1.53358932347192
-0.19193383031048
-0.358646340770117
0.107791635698614
-0.444618289455952
-0.0338660079538415
-0.112585345262448
-0.218236675819009
0.440948667185098
1.2254686557183
-0.25741426454964
-0.425165553625413
-0.109622998858638
-0.468270501611687
-0.558997082362517
-0.669677724867454
-0.534453172629827
0.702706657733366
-2.02138321377276
0.680904584278608
-0.213575540728857
-0.0855313099122521
-3.85761258635078
-0.486681065652755
0.881557758077039
-0.515900273033108
-0.0505464163567621
-0.602813671986585
0.192157550911776
-3.19673173951351
0.0162231223886274
0.626452132617557
-0.104110259415301
-1.95390753514584
0.13538954437548
2.22951253880162
0.227548060880998
0.57414818216585
0.339332652354586
-0.354096844619215
-0.920056170227967
-0.347666270897422
-0.740147378667015
0.356679173100727
0.762182721062932
0.640797998499441
0.845780091454956
0.101514029596594
-2.36443587980509
-2.36428522361344
0.527623411456657
-2.00950073850391
-1.01793443055624
-1.51769912651331
-3.83414906468715
0.650772523975292
-2.40381202173267
-1.3678897340292
-1.03487382434659
-1.66302100298561
0.421781719745079
-1.37055555321698
-0.391392360750191
