1.25753110752879
1.19083453108993
0.739868276437577
0.814911894531557
0.972416695238966
1.3922949712073
1.38934887719496
1.27214696379021
1.46979731286438
0.549067373339731
0.865716327788312
1.1566761669272
1.29249790555685
1.15028801645836
1.0700120409745
1.00870070405628
1.26480224812585
1.37951748267972
1.02799935262453
1.49687021755456
1.77750854647966
1.5758181290459
1.3438460432919
1.31817007706508
1.36121031976384
1.31916935195295
1.18032627958336
1.39368562413665
1.31631070750453
1.22363357666236
1.41860011382913
0.985718314795302
1.58777944458338
1.80314833850187
1.71469283087279
1.58555052622544
1.53239199163312
1.3285181009399
2.15899248228594
1.49714622786102
0.850956278661128
-0.170823476857561
1.01570441593758
1.56280645747365
0.702508528200649
0.432172856895295
1.24232194304187
0.707954218014604
1.29068491270445
1.30627496717131
1.2832304656899
1.39376529398042
1.16483342167898
1.55536220656883
1.46505388900894
1.1943760983033
1.30679875976919
1.31264010111533
1.29101299857411
1.13570592492924
0.320174630939461
0.583879629590884
1.03584375316531
1.07017460086007
0.900364959640339
0.692355077166751
0.0813511842354688
0.930156070964169
0.919929368778504
0.837698525227055
0.574258243711532
1.06644175400878
0.713860490789636
0.526948825375718
0.309253246226435
-0.316295720712817
0.192919834611753
0.76089178475933
-0.0467139715515543
0.154006852657129
0.348092197802131
-0.814257373311603
0.731200678125921
0.389677315473279
0.80995734710346
0.600841468810622
-0.296042437190123
-0.625156411859114
-1.38652984150189
-1.51852659899978
-1.16312606165016
-0.526194002421237
-0.416575229149539
-0.271201844764163
-0.180494584627002
0.384376220825875
-1.20552119456269
-0.426880469688334
-0.038688689271755
-0.488572524906853
-0.463786254089679
-0.930495331258333
-0.669598620412755
0.243947128066006
-0.396339221225464
-0.778108806211268
-0.842077540845454
-0.64699418127401
-0.810509663870053
-0.650035199909787
-0.883279677425713
-0.530522411749738
-1.15499138026763
-0.536499737940129
-0.49054726584632
-1.03378850358665
-0.99006800842406
-0.571014853402078
-0.945085166143971
-0.657805299580486
-0.538161958204453
-0.43737413504439
-1.07713351424789
-1.33178422537768
-1.10283426753489
-0.9573494109576
0.361680392338003
0.228138635281409
-0.937886715080984
-1.01864148607572
-0.349513135760001
-1.67009508613523
-2.28565085810598
-1.6099815694493
-2.05315751861983
-1.31611860786373
-1.26212827388564
-0.862007848616685
-1.16995645978209
-1.61383160432682
-0.849757727013676
-0.505867629478156
-1.18395085673788
-1.31670247781563
-0.593138599246825
-0.842833524347988
-0.0318835118503183
0.113830646442942
-0.298516050966865
-1.21512073010438
-1.63165886601609
-1.35563538113017
-0.617700596178392
-1.98249088390594
-0.91619843309058
-1.62875462199633
-1.69890883603377
-0.914928356828386
-0.616253200549408
0.603481746415519
-1.51087151565543
-1.49727491593673
-1.3156379882924
-2.08895162803928
-0.708389018960684
-1.32621332741229
-0.136462610422114
-0.49219825263505
-0.255402772387109
-0.513192749937694
-1.23484336778241
-0.191284000779051
-0.552493751074429
0.0172975782473531
-1.02760549250629
-0.309107735616005
-0.0687183168244467
-0.627727589335237
-0.85491323763597
-0.539065533040507
-0.117438357014013
-0.0252303712135969
0.313059627006237
-0.787914489168932
-0.195715155357372
-0.0354044506293325
-0.149335498970787
0.324002805051346
0.0162530035029777
-0.928018946285646
-0.356001151175901
-0.423764506869896
-0.294251631697593
-0.269865628088686
0.247328736016151
0.118986262104245
-0.381253036327506
-0.237622112598036
-0.732788814926782
-0.473589905433931
0.109255656980354
-0.44172542976639
-0.804401318287115
-0.531384646292643
-0.730017935348977
-0.298914793630867
-0.922340845506742
-0.517698296111361
-0.643404001451187
-0.285276218985926
-0.939782438841616
-0.838914536426114
-0.750132673475049
