1.03907948608803
0.847629639270706
0.904153549751425
0.223837931950278
0.60124542655909
1.75578867011343
1.51527222116714
1.36534833202431
0.848001973738691
1.49302004017672
0.888229668773627
0.779253965728394
1.43902956215428
1.58129797404212
0.831879326067195
0.482776894894803
0.728312373416898
0.0163173526375279
0.837819864484205
1.34546715313352
1.00202745130589
1.11642139597724
1.09779587576975
1.29227763658951
1.24735699821942
1.16648473337132
0.914745106493912
1.59667902686913
1.21176369282876
0.767577745398235
0.999947892112546
0.116921120086879
1.22420880746014
0.709088184566915
1.16529336479364
1.14641959563068
1.36135155901634
0.403327213023715
0.180693292413926
1.27604936833801
0.227230778383383
1.83532547624915
1.04588978345404
0.34064438036286
0.183607092468016
1.2663355671169
0.486480273598296
1.00942505974752
1.1112439913344
2.01501260838774
2.15844061600369
1.46197120443269
0.973043358484717
1.60751409134574
1.23501842816918
1.5278467507168
0.26125207451997
1.24809659718714
0.884350811819589
1.378145883831
1.79588559122944
1.97170030796032
-0.722509596508888
0.780027606488965
1.02327344389163
2.07823475659139
2.66980412706165
0.0377754159637041
-0.333377345236692
0.209425357341384
-0.143199511293357
0.428447386873014
1.16995360494433
0.596444751396942
0.411912014642419
-0.440303272161829
0.738823402708459
-0.115317547512897
0.709777031390482
-1.0370588619244
-0.93858382970967
-1.78698125219775
0.0485773785306795
-0.0168311112284249
-0.0942368368413562
-0.0175609695807859
0.400155317750881
-0.593928820673285
-1.92536038565908
-1.65421346129056
-1.15098200295127
-2.0175705885256
-0.89735118234241
-0.687161904609742
-0.0870327739371462
0.543134116956621
0.437731682945054
-0.0110484650754077
-0.817251662810886
-1.15195274100122
-0.493923043164315
-0.849345372057942
-0.322246957483141
0.468807385144805
-0.964790903736578
-2.44930889203137
-1.97239771033518
-0.0494593376275731
-1.86905251076275
-1.05700408671543
-1.14613730981048
-1.22906066693855
-1.4531665978445
-0.463264228125475
-0.0357262955378937
-0.32987443222474
-1.43616299161159
-1.41790422031615
-1.14750367592777
-1.54583014563421
-2.05828279127237
-1.1236006350994
-0.992222883955576
-0.205749290873
-0.915133069841942
-1.60404247476447
-0.299085899309969
-1.18017155398494
-0.617391968931392
-2.09881638567905
-1.51257131606993
-0.20548650493472
-1.18626209792344
-0.977189677227844
-0.942207702172647
-1.90385210949312
-1.08368502120911
-1.14370577993789
-2.15116381615769
-0.440386899444045
-1.23982246485264
-0.91388129030283
-0.924127659918864
-0.963982148708307
-0.870154542292433
-0.101764806483787
-0.20359458014156
0.140124368991442
0.0313224710712675
-0.47134549457212
0.2989233954104
-0.475567974204214
0.340530540561155
-0.228603039478746
0.00745693435669485
-0.20377848746283
-0.442651204436582
-1.27760103474165
0.544495103435692
1.25434345499079
-1.88250168116397
-1.39666152034829
-1.19578773473803
-0.327316818749191
-0.18141671297558
-0.536065332884508
0.0494695313196344
0.529564953346374
0.142206950254351
-0.233887268006281
-0.755257748335469
0.387703818752322
-1.37090394276779
0.0997193487415754
0.496198827176585
0.358400552192789
-0.309392457720182
-0.00127590768954088
-0.44673177179492
-0.195945849628678
-0.57979864506056
0.0149270907354323
-0.464409209462022
-0.248078930480826
-0.33107525981882
-0.337362341734367
0.222688718662884
0.397131613014873
-0.0849641761573171
0.123605137766803
-0.275703717873376
0.238768792241641
-0.0600054081063849
0.017494791382784
-0.469959173543788
0.0391092785307029
0.139997805625599
0.130465594103207
-0.153243084174285
-0.676080218386065
0.547684714545234
-0.451077009699698
-0.571882457611639
-0.772099369524513
-0.13091002684322
-0.502328512749686
-0.0993129533264692
-0.392150660104009
-1.30572528780882
-0.499322136734121
0.527635543611344
-0.416525573038767
0.10808870119366
