1.00019440695535
0.929550845701307
0.751186748145063
1.03171027452476
1.00097371106137
0.633866624447826
0.527379511402106
0.475993232639953
0.241674772904499
-0.678816923823858
0.816270862006989
0.60271848038874
0.688792217910381
0.688771349910705
0.644260832955293
0.834727151925352
0.801611095845779
0.956642763442251
0.879622504338597
0.588150428147672
0.380375031043174
0.245072229121575
0.410728587125895
0.543278762756002
0.644658350636447
0.565680428356575
0.582707778021526
0.487161752418677
0.624813074807691
0.799392518602347
0.178578788622691
0.469891160136844
0.618286550074967
0.652469144166131
0.803653649301322
0.52347915538686
0.0178857516606608
0.186818036095504
-0.815082553114944
-0.14450295141638
0.549060874913242
0.0185155733882642
0.92030499848648
-2.11304462185656
0.693733234021409
0.483951956946637
0.941080764893871
1.04955261330798
1.06305327019315
0.455602988079466
-0.191617609011623
0.706757538435008
-0.17102458895277
1.04083878677723
0.087913961639969
0.180624294621091
0.344575330297021
0.230565742786716
0.152778206103348
0.447126991984472
1.51408793309488
1.5286738062556
1.17421951983212
1.11810432278973
1.39610366163189
1.49233597807814
0.706388346071573
0.976493528623409
1.70880754888006
1.02113608557441
1.61098889361056
1.39728928218356
1.45947459936077
-0.0705584582245437
0.803745299443796
1.21581695026993
0.919841025013321
1.50697355079608
-0.170239823801225
0.78506452240787
0.0493197608644204
-0.492775311909406
0.799506416496986
0.645309839342154
0.866086790717585
0.855772032196533
-0.210017973786112
0.343217480613198
-2.19488141041413
-2.26091192417586
-1.53440796123429
-2.28698257131361
-1.18621231400608
-0.410419126613999
-0.965232167896811
-0.405672711838747
-0.243661300125233
0.403240017545148
-1.96572598329646
-1.65005348911285
-1.44382731133082
-1.22533754979752
-0.563517177442904
1.2772009989091
-0.461893425973784
-2.03584540821478
-0.643913958736143
0.526876606644508
-0.824945944156449
0.261067742783557
-0.125394695347556
-1.30302338853261
0.154379148399357
-1.85694713647811
-0.556721375618905
-0.52014588662377
0.288007266519179
-2.50330302620579
-0.968596663950927
-1.48356304502348
-3.33512059453779
-1.13182999240378
0.74896983497622
0.119201131917537
0.703211439498576
0.555094864620811
0.474223624680453
0.644664512771806
0.956874577285556
0.717988942996531
0.617146946921676
0.821373996382003
0.558682529100676
0.249548092295951
0.5946988989246
0.720649319768303
0.319728258576903
0.324728847653144
-0.692939943211046
0.839663313662154
-0.0804032054664514
0.500873381245708
-0.719436336800878
-0.408908461739052
0.31228794756389
0.902038922363079
0.0717376441966558
0.39740787850895
0.108543490823822
0.228342920390593
0.242126462058587
0.148571061167945
0.0667977361923879
0.323513254146741
0.70530960329024
0.31371895795093
-0.573582675356641
0.295555426345702
0.297891049132173
-0.00854687111432317
0.0422003549267927
-0.579680053107594
0.266345110906374
0.217084029036094
0.134099786256651
-0.473843781033395
0.85222809224112
0.885863461170139
-1.58033823262971
-0.31582441919864
-0.241081700195062
-1.10533179869797
-2.19793237020196
0.864192323704243
-0.346361566815614
-0.152562032383489
0.100067854950286
-1.90876153177627
-0.114011009883231
-1.1725159581509
0.0692107652354366
-0.532281426217064
-0.806261311705453
0.269729514539894
0.336366756487832
-0.197998634964081
0.354522272262586
0.983807003016087
0.326375282088339
-0.267987535897777
-0.104992695429395
0.102627274124923
-0.681312572396865
-0.0252563209818826
-0.402208963450027
-0.656082503738067
0.210462385808706
-0.0274972098940146
-2.38054765829685
0.199294244993505
0.365724774297866
-2.52063274147538
-1.49753297866917
-2.12004216050266
-2.06636800306662
-0.457768539659758
-2.67813881448929
-2.14949743556148
-2.6946937638437
-2.36691895071878
-1.07078856834044
-1.63221790460504
-1.3071038003042
