1.43058454628901
0.265409942842153
0.287914024744865
0.892033734322833
0.164261621818072
0.591026343633179
0.590779342695844
0.650507679133785
1.22612885326089
1.46041391241534
0.558437537515349
1.30940827703196
0.0112798444196063
0.953435048627938
-0.425788941290026
2.42087116076434
1.20480356155281
1.69745588169955
1.33867988069032
-0.0717490078325345
-1.62156550409593
0.390465345714105
0.675073904965841
0.509489910302758
-0.403410418912788
0.286973644014341
0.922565373520102
-0.316540351907562
-0.388352615391975
0.775372511379613
1.4645995652047
0.691279067084772
0.570969124308652
-0.909368112142799
0.84363193922951
-0.317845694806931
0.740565776995825
-0.492154987875654
0.276664776901188
-0.207325121094295
-0.95131228050029
0.287499123057371
2.02622795059416
0.951682859960714
-1.21345394859991
0.74352240266299
1.00851198843058
1.10893864294687
2.29790483785169
0.0357924293389189
-0.285167836120899
0.0612514286925221
0.261997642992044
1.3829820999534
0.642991943559558
0.786871002374953
0.172949670695055
0.227303245596765
-1.09955318997171
0.703487017469224
1.64354573946542
1.34855996211712
0.299379577506525
0.89730890240916
1.37398265944069
1.2292262731612
0.0336407577240129
-0.424568110324815
-0.926851829256128
0.0555221047561641
-0.33876388330996
-0.798559076365266
0.986901162161163
0.366381980497374
0.524776425054527
-1.69895867632267
-0.657526092983054
-0.725055230142409
1.03339753909156
-1.53821963677989
-1.59261262520577
-1.58385501406107
-0.901299891841277
0.757903334386666
0.901591363465366
-1.21497545204111
1.6549693555093
-0.224856880464337
-0.574908446719738
-1.7533608562786
-1.11777161839108
-0.873506307104012
1.90822938172137
1.64963339412285
-1.24881026323886
-1.20772976421943
-0.50780139939888
0.871632739537028
-1.29115112843756
0.781637682345224
-0.771069651808779
-1.39178689688764
-0.752764697831007
1.71012606063639
-1.09067701706751
-1.44515590983053
-1.4792256336133
-1.11205149229798
1.34033292816164
2.11147363405408
1.56775901023912
1.944865153464
-0.609408849272026
0.26028034120861
0.568645328861316
0.401393178110445
-1.54944880923703
-1.07307240422756
-1.9249294672972
-1.28408118588093
-1.13267891558796
-1.30787186167335
-0.419735685787957
1.44017209228425
0.778417665871776
-1.04866940022031
-0.68033788755146
1.31947891259782
0.931803963464387
0.488894913820927
0.0640455493731636
0.816774864846155
0.0446069609183474
1.25341208321618
1.37532333179749
0.544594687499403
-0.880295859935206
0.315924403751472
-1.46879468052956
0.323662959295516
-0.581078790332663
-0.202153744090246
-1.15951232435216
0.243229159353463
-1.54707468984257
1.53828851581159
-1.21513328592498
0.907585302137066
-1.24755599222647
1.45440930636111
1.10191819647903
-1.48722079132672
-0.978992820777311
-0.769527865970613
0.159067772297435
-1.34542766892642
-1.53110484404864
-1.24430080737451
-0.53433483892129
0.721787432808862
-1.42846196774101
-1.01983156647186
-1.0355383628811
0.679599302561008
0.407563800573464
-1.09414498693475
-0.899985446605911
-0.357548929998402
-0.820666776576086
-0.0981384418132305
-0.790082902553445
-0.558252683146708
-2.24418569535536
-0.820836928534261
0.810532805036402
-0.00273768669449939
-0.242904290527138
-0.462035569793905
0.494994337684827
0.164002004475891
-0.259358932132829
0.254712622597001
-0.854111014790457
0.840212223010756
-0.376426037180368
-0.238348819536527
0.137320907547736
0.570035820675418
-0.198525524774864
-0.302087673985885
-0.779369900480171
0.906650796527183
1.07898989970835
0.37963603924417
-1.40075299920404
-1.00958603573893
-0.496345175752448
-0.19275466211965
-0.0929807781374652
-0.862601794393496
1.23865706715258
-0.355145993849411
-0.162883064364804
-0.327301545913267
0.283717017381927
0.380192596101548
-0.304237810712271
-0.536303424994027
-0.844288605453496
-1.21173076652319
-0.358469984881346
-1.15976824439596
-1.20537171370436
