1.7164156734541
1.05288442081668
2.00692286551396
1.27565528537393
2.05828090940872
0.861784963956076
1.09916777907354
0.157256202827772
-0.223983954368435
0.402849420781067
1.72710652848775
1.51067778998523
2.00446165800071
1.83487169533063
1.84481111997202
1.52399104755718
1.25765089011982
-0.403129135587961
1.70141731430993
1.03975469912685
0.767558053800623
0.434565602099973
-0.5223645750989
1.10971474144001
1.76125374829374
1.64027462796052
1.60221316241479
1.06433880050404
1.66087957422358
1.16852778609864
0.461391673211293
1.24062179055799
0.851398224706484
0.95751085982314
0.718400557223569
0.168284443253263
0.208010941918789
0.0689551012304043
1.27257930943202
0.794425783261173
0.592537233225082
-0.0387560717190838
1.41656223629825
0.499891378222882
1.11694941081745
0.686703573182302
1.23582693102596
-0.403805362062164
0.780452426653412
-0.551661019478025
-0.0318257839390061
1.07859656953539
0.779952086604353
0.185875743117334
-0.68083584827638
-0.783958360208408
-1.92830353502661
-2.19888356628239
-0.69068766021432
-0.822887878371716
0.293445629813033
0.593046722176017
0.973122216733654
1.02560291326088
0.134516596134962
-0.23497191680785
-0.156771546190279
0.649680685440861
0.908646212786083
0.0882319192521202
0.367679774852809
0.567483765611166
0.312419617830372
-0.181976101709731
0.571003230288098
0.465900007584701
-0.411827089533427
-0.303356670839343
-0.0565297604365351
-0.395560006470069
-0.547807509144462
-1.39260487436275
0.00992982011561399
-0.224249944033253
-0.00205937441934385
0.0506083804576815
-0.264067066562932
-0.196765330697645
0.659871688090148
-0.202275232649317
0.0918715824143625
0.955989680826087
0.269943336400439
-0.295415357364672
1.11654797460879
0.544926419969379
-0.219656647123541
0.85378965942176
-0.214302772943853
1.05329508530154
-2.29597219879122
-1.17308457730231
-2.18864612444269
0.228278610414064
0.203199162732134
0.768419527899029
-1.59157985176738
-0.875782114179377
1.06793155246662
0.539349462940854
1.23402420766216
0.600601746609901
0.0700267941605395
0.981560655302054
-1.39544764721498
-0.325357176410266
-0.0876632970890698
0.714427505761725
0.538336637965154
1.15811710967081
1.40251728351858
0.574595200680037
0.537349430458678
-0.277690997409585
-0.0656347015508343
0.289803401795696
-0.268207222692443
-0.274231060919264
0.139690305755467
-0.440032039446283
-0.0198736239526324
-0.0595861060399881
0.956034433178814
0.479248995465502
0.0131400136536783
-1.69332257333132
0.302923263767674
-1.82195372618648
0.0448336458535986
0.433325400006307
-0.00459644001625839
0.0324114199534178
-0.112070666593469
-3.22702886868905
-1.73142572447417
-3.62881187281482
-0.140406940231517
0.0460477616315087
-0.541838532328637
-0.745488567190558
0.0319041709323867
-0.676191391703356
-0.790596305350582
0.254463826999447
-1.17415669624891
-1.59880706283315
-0.911830463743045
-0.492962210788922
-0.669578923135515
-0.291486312711501
-0.507805939616393
-0.43900824167008
-0.382744658354032
-2.01521071871187
-1.05503179653282
-1.4359150729571
-1.40331265282383
-0.655366229629559
-1.40485607889368
-0.793992238364548
-0.726125672373817
-1.33216024929063
-0.254625784941473
-1.63502235088338
-0.208477530328435
-1.94228089359293
-0.108599834251915
-0.871288646344057
-0.245631996847486
0.366575302002591
-0.308936398979187
-0.413639983429434
-0.0119211130876658
-0.375824266357939
0.502997014866298
0.519310730932285
-0.0862832486042234
0.327840605768978
-0.707880429160362
-0.553121835613623
-0.341874791055904
-0.444643766076375
-1.62362342743254
0.238895402534175
0.194986906126269
0.137743043119934
-0.37265812540734
-0.123976158795474
-2.78232269301747
-0.929606756146387
0.765499014737392
0.238250739357847
-1.22014424184475
-0.646537624032674
0.0336433724462235
-0.14895240718844
-2.47234775023516
-0.336594736169781
0.0214399741235023
-0.326934515439968
-0.915289415781912
-1.03329663290455
-1.18102031418326
