-0.344401610164642
-0.303729467672856
-0.602462458419567
-0.703654501921311
-0.568365988192668
-0.815687265009157
-0.762495306872277
-0.673833796798985
-0.395618884946877
-0.548639258499839
-0.460235285944269
0.394538765188957
-0.672767959482617
-0.592083654870845
-0.439317396806986
-0.145553643798917
-0.0188097180752257
0.00858700725282786
0.137825019963337
-0.840043829913607
-0.836873716161772
-0.893170019642081
-0.598615341335134
-0.738044145845452
-0.691116358250946
-0.829110209299272
-0.848465266814733
-0.855755075916826
-0.762185799956535
-0.958669466648981
-0.495576990648099
-0.962336146226175
-0.945874010589298
-0.748407236560725
-0.89906022825967
-1.26167343783249
-1.20425462588047
-1.39473360299073
0.557029526414912
-0.186025967629252
-1.08578948751421
-0.981075575238826
0.652466992977177
-0.0816240674124137
-0.559457418142268
-1.67696248124082
-0.836564723084463
-0.601954127556577
0.552102007232853
0.276830522276446
0.0921009461814429
0.904071839140896
1.48062710651927
-0.132263358383736
-0.731392528354471
-0.676679275114173
-0.532424871884846
-0.197996050223537
-0.0712688010660548
0.224970042623888
-0.0502625969768272
-0.259455162519237
-0.916650758238646
-0.537835657475053
-0.303156033170017
-0.038836300339996
0.159158914332585
0.398501627590781
-0.51852903499495
0.855968078526146
-0.612063045053331
-0.0496972510727538
0.187309423036787
-0.167011059361586
-0.00114536694927449
-0.00188670218267122
0.396465644822764
-1.08584052870996
-0.370990835006317
0.997814178123672
-0.19666869478254
-0.2811843911619
1.20112241677147
0.649670246307084
0.681857635867138
-0.0644198054055627
-0.292430786761155
0.973841672840597
-2.60080921813668
-2.19045457383644
-1.00701656423754
-1.09934823617141
-0.751401981434355
-0.235205680693923
-0.0707037450479519
-0.0999617266027831
0.320667938529748
0.58852662939063
-0.0712311230901165
-1.14375965749919
0.223345755528227
-0.309003312093736
0.0489947720548446
1.58960249726039
0.830181983499038
-1.62998399647541
-0.230783525087965
1.04038136727886
-0.720527202788507
0.638785078240714
-0.0702330509252395
-1.07217751115796
-0.624690166346809
-1.24177097899696
0.768449891032526
0.81632331209919
0.859206375847324
-1.72276319084749
-0.995722013459194
-1.56589631934459
-2.02963690179325
-0.794368338956539
0.434548535776506
2.03026352685126
1.51805806049558
0.793645430294554
0.462696837056898
0.562159456812305
0.736313882957711
1.34374924394431
1.05437534351505
1.24123638849385
0.851398613371352
1.76196434040365
1.57089245046246
1.46725036602242
-0.182422308293858
1.1534081135191
0.905369771413658
1.27195562491325
1.07663794198167
1.39989204165972
-0.0408227475252298
1.06978132411521
0.808736878294308
1.81211510944403
-0.366582651624312
-0.070487204770902
-0.255774396826713
0.922334601182516
0.810291348388435
0.677026889378342
0.389874836833112
0.858854169512381
1.22471228033763
1.34682955528202
1.16356194954898
1.09622975298274
0.394353847079285
0.0837998803855328
1.46827300241643
0.824984291901293
1.35677900553167
1.07029819637416
0.963303676128961
0.609540108657528
1.47367883318247
1.34694137231546
0.420043793965139
0.64957238799204
1.07135498023121
0.207669187072346
-0.525454554985618
1.54126394931003
1.06193620778849
1.37350547689252
0.939475122881832
-0.323822234266661
0.757795101541184
0.132634446827693
0.622724500444996
0.834608670884763
0.383383951285061
1.33867320386149
0.517411834225657
0.357434030422039
1.00047544349289
1.24408315573388
0.899127948941662
-0.21499660551426
0.877094908397194
0.467596564010289
1.36289381502707
0.545514822566632
-0.100934512649226
0.0413148022295474
0.868119010629565
0.892305174488708
-0.885768014478245
1.02148330068211
0.459916576153075
-3.38667138013372
-1.4274947929782
-2.37657731749046
-1.15868533402541
0.0733216971633315
-2.5997661935643
-3.10197233157976
-3.02503906304447
-2.78700206952007
-0.158295325677676
-0.256002108977573
-0.444991546904616
