1.72762524294682
1.22985481894698
0.91022809190181
1.35673270943398
0.789559566001705
1.79703156534538
2.19458370637464
2.17995986578691
1.39968280813386
0.545678043020415
0.865805297290768
1.0925387584234
1.33876791139237
1.43116723489395
1.14053274296203
0.947289089056844
1.319417368391
2.39445875454262
1.09190349375957
1.56898633402685
0.939394459215315
1.14573081909368
0.800433837673925
0.371795120999935
1.38192145574348
0.319536148848345
0.468400791989306
1.15139271685057
1.18431315135173
1.16321470534112
1.48155926869046
1.43713818014105
0.612733487608149
1.47717853087768
0.154928919178062
0.980378420354421
0.236851640901047
1.32421161333319
1.45174282269082
0.36698752162999
-0.509639039468266
0.0329585777240495
1.2385271983517
0.1022693927291
0.388881948587235
-0.251183608357105
0.865922056459677
0.257390749051909
1.02240540905108
0.726194066576335
0.319386630828424
1.16200670080618
2.29592341755207
1.51505849609767
0.317928299630041
-0.106803403458285
0.681077806392653
0.264934338801946
0.758679409589562
0.33811784021935
0.0101595967550557
-0.0969276426009009
0.43687204501478
0.674505728381367
-0.315165312919234
0.303275065483763
1.38178792937722
0.482843096290235
0.906773176467376
-0.338866505185989
0.449368414696897
0.484393161320481
-1.00758861892623
0.498666539887313
-0.227787900781481
0.939231321479376
0.50573253343644
-0.0662268188379555
-0.145774463730488
-0.231179720894048
-0.703154090791534
-0.953484502069114
0.680252514557276
-1.97914452322909
0.021063257100004
0.353160291399989
-0.963200639819534
0.940225647158138
0.543179741071838
0.246471198467191
-0.961731592119935
0.0559131277956914
-0.697112171442378
-1.72132751442266
0.309091276496971
1.15054036488002
0.174471306455335
1.12496569026785
0.621550171395339
0.95703929113697
0.863572713274443
-0.34891542267208
1.17201375086186
-0.182685829801965
0.818271629439723
0.755040378027395
-0.354548644769111
0.233455876919655
-0.366254854585229
-1.23740742752887
-0.550599267154803
-1.01300961199501
-0.515928235360253
0.706597284815388
-2.31317596253421
0.523132634958454
-0.232197749992545
0.0197983720723196
0.521655001887254
0.374527214191155
0.829259764083968
0.696983656579932
0.342684492558334
-0.592791337107569
0.462106014193589
-0.408628423603049
-0.227330377127143
-1.60764190887301
-0.68672738999615
0.080006797720022
-0.321179208796282
-0.0789981135888646
0.954426615811042
-1.16102729039429
-0.291529469981509
-1.39397198936679
-1.59464487274355
-1.72843085304757
-0.0666670049989985
-0.215838297172149
-2.32375697606821
0.571548384987637
0.0965938112916683
-2.81128374933859
-0.834623657801424
-2.3867601085002
0.125022067385715
0.11880443528743
-0.330417563473075
-1.03661458406585
-0.613499571940848
-0.680240379335444
0.848803032534433
0.331964693230651
-0.51087246517015
-0.948391735966181
-0.270138771608038
-0.516091908601637
-0.364697608665199
0.33168797654553
-0.290204596342602
-0.526348666577873
-0.225634110583273
-2.45810019984681
-1.78965236469902
-1.49836684974138
-0.421961233177572
-0.500608876073995
-1.99467997656489
-0.640706049829403
-0.533418744733426
-1.45878130635966
-2.44611683488387
0.169236279157334
0.394112032881624
-0.00100939972325196
-0.0780930149481657
-0.756151441971553
-0.585604080738705
-1.9199829036444
-0.2737266583268
0.213855527254636
-1.73862277781486
-1.14184890623342
-0.171848386900478
-0.480181881688514
-0.197813738639953
-0.092203912005399
0.221410038857603
-1.32087289940514
-1.48557212948899
-0.769613719014551
-2.11997602434727
-0.0842121313345854
-0.487297002475568
-1.02724315928058
-1.05249251117273
0.031080636543082
-1.37020724824255
-1.13964514411765
-0.915644486769727
-0.76627100225394
-0.620733803553019
-0.477892713827075
-1.22803322772655
-0.167800600633314
-0.687723052354265
-0.914054274404052
-0.780888449708307
-0.391418627211085
-0.731835370735331
-1.05310310679341
-0.910478664039047
