0.897448245587591
1.38332407793106
0.716171003665557
-0.592330800052121
-0.699427173643006
1.60190118171912
1.52860837143867
1.16728353300297
0.0966640007267337
1.34601902714965
-0.680896942548753
1.03730543215638
0.885518017606941
1.01622915212365
1.84948839637529
1.49214715665222
1.90862010717694
-0.212156358462982
0.406099055423381
1.54260079006192
1.36426243481636
1.89242325737244
2.13202538438056
2.32732258999284
1.50987556539534
1.12321466653569
1.18920766512809
2.39262390742148
1.28680135598101
1.53917511691618
0.213222505714208
0.0736037288244949
1.26338115815917
1.60650757506953
1.10732033801829
1.44744888921432
0.599396587539286
1.25846049334353
-0.560585558443086
0.118955769989492
-0.686106678650438
-0.217921284693618
1.61788490391183
-0.297805111200074
-0.745402500393591
-0.85646073272959
-0.242636024564698
-0.372579297391826
1.42784951429765
0.106823801967316
0.343830600786769
1.1284544735799
0.472892814382893
-0.450068550351602
0.329037037667095
-0.128642788901069
-0.0737977299844819
1.34890382584337
-0.390381937135889
-0.46365320455033
-0.270739190478903
0.106079559712812
-0.694251463838294
-0.602092874163219
-0.451601127896364
-0.241739696018769
1.13192572586721
-0.418010867563946
-0.715111583881872
-0.571163445380958
-0.410915348431304
-0.920204924597739
-1.48495366764188
-0.334925974200137
0.0629728264175939
-0.773927022735481
0.0265715674696786
-0.564363526161304
-0.848888599889177
-1.07747725352886
-0.49836754052235
-1.13151891784153
-0.799688004247052
-1.39503068096856
-0.391558265744363
-0.853554900769662
-1.5929096236796
1.59814519876738
-1.72214214290893
-1.97333864807037
0.279357518149951
-0.289316290401026
-0.314648935317879
-0.901948235726805
0.220474640425042
-0.525777945987562
-0.296563674433213
0.498631996931026
-0.788343380366582
-0.402820456619832
-0.668183500285069
-1.65724998535327
-0.474742002048231
1.8292526063346
-1.42809540064568
-0.914088295621635
-2.04573813657266
-0.545840728135067
0.573435357654199
0.833996421230054
-0.808314709653354
-0.761914519819264
-0.677606103288157
-0.863697732632979
-1.67289964365913
-1.52819489543414
-1.31187878808614
-0.6736583558007
-0.853729731092851
-0.847644732198481
-0.618485362944889
-1.36414023933814
-1.59894350741079
-0.21734682067223
0.0745937850586611
-0.187203728284097
-1.14006766719277
0.188745542781417
-1.37923390348664
-1.01775469682385
-1.19227575356046
-0.0402583742415609
-1.33053757609739
-1.10417095261651
-0.814191237919512
-0.685709650752213
-1.76335496987584
-2.02175214735699
-0.746597974747337
-0.60865231706043
-0.0870347054340451
-0.0616980908817224
-0.975276561955394
-0.642503152111753
-0.12540459431015
-0.151034848916027
-0.344644419281772
0.423149236653876
-0.403536538537606
-0.619365768766759
0.587973172369717
-1.27965894420243
-0.808448867655536
-0.599218663306372
-0.113736977403868
-1.57594408285578
-0.858135989465867
-0.677286485097036
-0.490710521983911
1.06943468507896
-1.27438021764425
-1.57552782138472
-1.00256452688012
-0.825733750429881
-1.58053522142511
0.119676971436605
0.486634596369309
-0.36790127703295
-0.141025810326817
-0.0375903803594159
-0.891416588423757
-0.0983827015792084
-0.532710690645803
0.044729617665682
-0.0968961685345869
0.603410370133902
0.918393025686634
0.63746276773068
-0.372124618287179
0.655271616118964
0.413553836016767
0.53601201756116
1.51278092538178
-0.561854560090704
0.42542514049832
1.18131919680898
1.06052861604918
1.29908817666325
0.086890289986994
-0.520624955545546
-0.251715562056128
0.966126356257872
-1.00750934841551
0.531320659770455
0.410368312246888
0.910976730419685
-0.12941457085104
1.45573562987559
-0.329937189540444
0.905211793633288
1.40455422241665
1.25075707578883
0.4024431949992
0.352138520523254
1.180110729676
2.23779190106166
0.953226609544357
1.47040373626082
1.77822308058578
0.717054956765056
0.650070393622977
1.19103472594425
0.55458705058811
