0.820459918090206
1.04098052109072
-0.50874375707633
0.430501283434725
-0.131475484284903
0.839858485453115
0.656571168447924
0.843376297502857
0.972321123207225
-1.15687801520421
-0.588727746691245
0.661653354595998
0.109947730237512
0.149296738272082
-0.514746151989145
0.62969321467304
0.43156706752405
1.08998495586358
0.835354042607349
0.924676023759328
0.447701185440938
0.337809096796137
0.121903670505455
0.0318939770434664
0.440537175513053
-0.527733223150672
-0.674612417429399
0.71258007415406
0.202782429017062
0.0300647972655755
1.08865758099119
0.0892862163254524
0.692587055390872
0.893861310745498
0.771314908613804
0.912098479522658
0.946877022161679
0.71826078952133
0.940364042695124
-0.358462541739408
0.708675881978964
1.09822184424651
0.846081284368584
0.659584238017828
0.635109319842753
0.422894072402549
0.325280892087062
0.452076652164057
0.740739024143376
0.933800632735706
0.837276338752888
1.27459478937687
1.67757406207343
0.975059188497055
0.542529584160341
0.718658983335741
0.343835243815395
0.273343941870692
0.590370356142039
1.11189949529802
0.706591449933005
1.00914915527278
0.04170450248906
0.257147348169061
0.640745611006293
1.05474780490005
1.74057315216954
0.325750889043017
0.22712235108313
0.770294261735909
-0.294925032642252
0.205777913957479
0.499578491164021
0.195048526776164
0.946947893250666
0.624950569432428
1.38875662767521
-0.521557549939844
0.895626431721533
0.351501754626465
-0.591759583426218
-0.371730917580904
0.199858202414347
1.2194311467873
0.989342721616455
0.308919763498116
1.03025827615462
-0.108224710519723
0.521567501372344
0.475856089498779
-0.296947575188837
0.084417224876754
0.0646407762454113
0.0300617465506449
0.309179966010932
0.936065523574959
0.818799850849274
0.861690521212806
0.336952593489779
0.214211262233865
-0.064880562079127
-0.131041997747195
-0.10010587930123
0.756288967383591
0.162979844968711
-0.104654871979913
-0.628586453339508
0.761979015617732
0.810378176161141
0.649565529482209
0.968499951511968
0.458620979926587
-0.724642468658899
1.01269365801688
-0.431851489988718
0.94723134018775
0.0644237209412196
-0.421147106759455
0.0140325010785231
-0.282429742403055
0.0312083267498746
0.165745578104279
0.108406152654914
-0.688136053060237
0.498774096289035
-0.170344197447146
0.740208950370603
1.21766942273567
1.00537993414562
1.0050598214813
0.929484128023966
1.09595297984353
0.632216049020371
1.0678065993448
1.18209557942284
0.762270752988555
-0.207893055398735
0.804573205294387
-1.33881037314631
1.12520175150773
-0.809473369054973
-0.313226770232441
0.0150077566208924
-0.151589710413468
-1.99829917549932
0.534559444002195
-0.503008601602393
0.578771798553155
-0.810334739809017
0.82324860915294
1.33432717513118
-0.609805883212576
0.713266038148717
0.202726099179084
0.30001278894778
-1.32686750757758
-0.732868906814294
-1.19335337789766
-0.0284895893711602
0.709415334858224
-0.397270290765531
0.0387343137769164
0.426903958903049
-0.104165898840083
-1.34566345308784
-1.29951957854612
-0.881851914690136
-0.507386209754779
-1.13571820177194
-0.98518080743916
-0.719710433294149
-1.96005347142528
-3.20097896317479
-1.00321623349079
-0.997188386159891
-1.74836610947702
-2.25044604623733
-0.387257582156594
-1.24299416097575
-2.81135540318437
-1.76282670203877
-1.37809226246582
-2.38722601967684
-3.00711097855939
-2.42286601899749
-0.921281565009777
-0.246875214447864
-0.98986266869021
-1.49048847684157
-1.25926383609813
-2.76723941442922
-0.761426756365833
-0.822164470980911
-1.61523210490148
-2.84421784733356
-2.75890489946672
-2.35251523799991
-1.06688934405528
-1.32316645964347
-3.35045689623252
-1.20494917423153
0.362839083428419
0.219766234286846
0.33988136777502
0.943214367820606
-0.1609166080427
0.344074279222265
-0.126906839016993
0.0976116588864499
0.366365118552861
-0.935099720719856
0.111387045797016
-1.35388569848758
