1.24329713385189
0.347346448420263
1.53600971563749
1.03153820637687
1.21384533419925
1.31284500623137
0.513641181985233
0.521693596432599
0.305701980864172
1.53369689331524
1.16312788367276
0.988345259699324
1.50502708197093
1.63993996609992
1.36252256265047
1.22296161072926
1.60270856048141
0.420641963948356
1.3760277746636
1.35022770364177
1.51912891888476
0.553537196936671
-0.36149754022071
1.1057048020701
1.3683023377844
1.14920117821995
1.02396936740117
1.12114849819506
1.20589409218086
1.11758460538494
1.17624305975015
0.798990163458586
1.35284459054008
1.29709573818957
1.44662721522619
0.453039283711531
0.394847610354717
0.309212074501129
0.95609371809915
1.15039315068517
0.630758305276866
1.13000370615867
1.00352701980226
0.0726689634236557
0.445351433548648
1.12466661513075
0.947659896142815
1.00492524999773
0.766474756825091
0.543544513875014
0.0346431219256532
1.26873571621409
1.34188438610719
1.09553331515303
-0.395223842655379
0.165797370759584
0.0836167446352488
-0.0554983767821546
0.518348467000061
1.05746956984769
1.42811560557287
1.23012476226485
0.475428408257173
0.857685996528712
1.0690898472698
0.838018752584672
1.54119658846805
0.413951439726193
0.886053461830653
0.546523354669066
0.278938756366042
0.223478427431484
0.667679488327454
-0.708025804023685
-0.442778978627911
-0.249307067194438
0.634969207435389
0.538931000273043
-0.867614690670207
-0.16109676368029
-1.66608204811389
-2.39246612736222
0.821050002152031
-0.48295894051494
0.120466343338224
-0.0397619792108197
-0.381047949414958
-1.19434930500414
-1.56379698056669
-1.80382285941244
-1.67632917804886
-1.62069061373772
-1.00476931607911
-0.806373162809705
-0.257950494064325
-0.337155658634863
-0.21273040266795
-0.113680515470943
-0.873617302844309
-0.506388802171256
-2.02901967675959
-1.28604038812837
-2.21981681889163
-0.88729642643897
0.0102610470876252
-1.49699751315255
-0.753488758833119
-0.440953405820202
-0.441851965424729
-0.512775902265598
0.140388124238551
-0.702950204215747
-0.880809359389204
-0.115854348786281
-0.200258367577436
0.560356707868107
-0.399894096851352
-1.02957811743763
-0.849557624247512
-1.03119107983509
-1.06128748599434
-0.503439046714529
0.421957425787829
0.0377065919376358
0.697011773162465
-0.106697408814348
-0.316775133094458
0.262069150351649
-0.232689176735302
0.598261749331021
0.361997410851514
0.313946971497535
0.381412687700479
0.533906534189567
-0.00689444146974769
-0.0533647956411306
-0.196377827624128
-0.364566512294538
0.392009311077838
-0.04677388756152
-0.370981371973754
0.896319803012708
-0.375671980818222
-1.32354777659994
-0.316342360945055
0.11480661365374
-0.0174779947789302
-0.3448535852322
-0.219466843127497
-0.150305137846791
-0.177659725413026
-0.462192741414853
-0.0949458947649467
0.00988969474909111
-0.3830916666639
-0.282513081748026
-0.0270754041481231
-0.291520963590698
0.0800572694588457
0.233999284307888
0.0633826992816057
-0.443112153994061
-0.132749940503073
-0.422058166839759
-0.748944359947673
-0.661874192553015
0.13131994360691
-0.772389442872028
0.169515677573572
-0.368327019669888
-0.416802299206886
-0.211621085444235
-0.731614246191159
0.429509267468523
0.259471465820258
0.221782044689015
0.199923922697588
-1.24056986911173
-0.147590585302964
-0.264711709661603
0.137761871017957
-0.00555387330350119
0.239069172429646
0.370485985155338
0.200455733822238
0.276883287644216
0.519524416871751
0.552060633012559
0.332517421108562
-0.0550045326223224
-0.0150841541911072
0.123075205574778
-0.220398083926616
-0.178138206771969
0.135356457632508
0.345167955726986
-0.0881094662361354
-0.0984977028004318
-1.19064362209065
0.314444050196902
0.775227697201035
-2.89694827556365
-2.55364732164859
-2.5097148409793
-2.80081337891868
-1.50304769428262
-3.88286908506612
-3.17054620845581
-2.71990050296391
-2.81657227080249
-0.625921305672528
-1.39623135265552
-0.871739170263411
