1.15956052953394
0.791032910618963
1.19337822119556
1.11071712614409
1.14510743697159
0.901234096169313
-0.0171522090178819
-0.000262330398857909
1.35185513449396
0.468855203016791
1.01217013000726
1.05108499299345
1.40888294774709
1.32093178254667
1.07085202262084
1.03090243817316
1.069937616695
-0.973666314143993
1.23173551850349
1.55644237599243
1.64364406797256
1.69367727605723
0.885140097218227
1.53301993157604
1.53410057162692
1.50870470573351
1.49416806559978
1.55629747910251
1.514167012188
0.89475235007435
1.53656316927643
0.539884872765457
1.66082331474325
1.70695656820157
1.6366980890271
1.75488447383867
1.83664072450138
1.6225878679329
1.17482169297157
0.394678456992367
0.994997070756355
0.350225402107852
0.873690842806205
0.747938106661175
0.466384507150491
0.626485691334249
1.05877814893447
0.327623422973195
0.795994592197438
1.18488830253321
0.575218139229878
0.0194995666263314
1.1923672954549
0.269236993039265
0.389846822809563
0.920314279759183
1.0051577800002
0.915953228456091
1.66265522500614
1.4073524366576
0.471243857005125
1.04180159750524
-0.295181416693364
-0.273534416796829
0.549404428458163
-0.168841717097465
0.704716772003786
0.064741373979203
-0.507273298604632
0.21754790830731
-0.985174891427401
-0.34794900000906
0.517176153156998
-0.581976320018046
-0.110238590861789
-0.157636708707168
0.641025879715818
-0.494993425429033
-0.453359075278782
-1.05319416662035
-1.00497143272218
-1.93473372236584
-1.01293960863753
-0.484577618115327
-0.316875660069471
-0.874019565109434
-1.178909970275
0.609321635769534
0.93695989436475
0.515905513657892
0.145864208068583
1.25267988214134
0.948816299866733
0.496016303118505
0.568218893155758
0.945773950758156
-0.408961749796213
0.785943726584775
1.13221746208055
0.888302713582271
1.03855932776368
0.587528626481453
0.606315248457235
-0.775385473630655
0.657843709366228
1.0556141108621
0.49879447796318
-0.422465088992058
0.530033918223502
0.270676633818753
0.585883130109141
0.947653499863352
-0.879192477102816
0.902340351845573
-0.127414452526501
0.784522768771508
0.431787232785922
0.464768773932882
0.74100856705066
0.445065487927212
1.01540269558277
1.03304863344961
-0.550961977742247
-0.487960424040968
-0.561145863587828
-1.27361624568416
-0.713837267788587
-0.965944112427278
-0.148756058398641
-0.266401216966357
-0.693707178034459
-0.309445723688483
-0.00951337397115097
-0.823826471024451
0.0695031986426599
-1.02080575725111
-1.32688348630504
-1.05474995944021
-1.28773508439614
-0.710263676081037
-1.81506017854166
-0.618707266807515
0.302914062366846
-2.37561094368735
-0.839418775734517
-0.608336052055207
0.277690428676178
0.520366236102418
0.0213869956686812
-0.712555473314693
0.546756859300908
-0.70675607957532
0.558762591586224
-0.0340177506250608
-0.514233640783128
-1.46116269280091
-0.688571369828187
-1.18641209736475
0.136346955276152
1.03283103796207
-1.53498617605571
-1.68457483312993
-0.719635995318744
-1.35290174930009
-1.31035008825975
-0.628255426352642
-0.939075013754792
-0.68228245731815
-1.87077505319892
-0.703914441114738
-1.0709321034468
0.0948318814858404
-2.401879390518
-1.42746833065219
0.0370041294141612
-1.40393767230243
-1.1572310820733
-0.151323029728726
-1.02921394803659
-1.58887638222696
-1.21494014796821
-0.957200661019083
-2.60895824909136
-1.01146978287012
-0.687429904120253
-1.16517655115223
-0.781813464737419
-0.559313280186857
-0.89566463852297
-1.56648519026244
-1.89877205463093
-1.0418195811774
-0.882263576473301
-0.770286540387654
-0.339872266233747
-0.625263777441837
-0.34990757171744
-0.997604624605713
-0.989351945460218
-1.26105262472157
-1.05083065937315
-0.895197462479471
-0.529688036108444
-0.345193639118837
-0.975679066901258
-0.385245709730361
-1.4035760578176
-1.16864570792825
-0.778278358951354
-0.677914665203356
-0.450236040818173
-1.01888675624323
-0.8615104846979
