0.158514364816493
0.0285855929508625
0.0189971589484304
-0.615763627415058
-0.880446243134732
-0.514944920113395
-0.691542388192843
-1.12266701109344
-0.849489164254811
0.623476427681948
-0.87243661047644
1.04726983830946
0.0531667406911046
0.111266456358662
1.34306058543899
0.658120274898494
1.32036791268576
-1.04096700377256
0.212439299787595
-0.879607413007871
-0.364679701917773
-0.298113498405649
-0.0210554618732543
-0.223310019410428
0.162573484022115
-0.317111740322499
-1.35251013273542
-0.401665850510414
-0.0153846033904035
-0.332106042133432
-1.3260920370178
-0.898123266039374
-0.524648844847482
-0.495242748815064
-1.19984259904862
-0.743457591855367
-1.19493034494471
-0.452504135444366
0.107621669619864
0.121282685550845
-0.671044003014565
-0.51902801057051
1.41985121759293
-0.288092695877171
0.0356042443911233
-0.677941046881029
-0.331575019225862
-1.59681460457491
1.29555899976294
-0.666805823640988
-1.14149958897748
-0.222331235624431
0.0117966678875836
0.40785995108803
-0.054905367467179
0.00408838344112257
0.199689230085107
0.163172598145212
-0.663986079602442
-1.32633808238076
-0.829211484085944
-0.869062313979878
-0.217490392059664
-0.420963285535857
-0.276361526879727
-0.121259864219213
-1.20188215873112
1.27470767637291
0.330818260341254
0.0570782373662033
0.387571508578901
0.564500602127968
-0.783210749926151
0.3670977584878
0.728568270322431
1.03213752990358
-0.718787101082434
0.633350362304595
0.607891424782309
0.00907519814597012
-0.0555063869119696
-0.0451524002812458
1.76264790331762
1.99777032403877
2.02560528650938
0.770664384962289
0.507517173410316
0.81982424876461
-0.984408986619053
-0.77117712611383
-0.107461938024371
-0.511489693098038
0.272137726738512
-0.600503445734348
-1.0300472487435
-0.818111511267832
-0.844391065974626
1.09202297454654
-0.439920203051036
-0.00439025944900356
0.0223958864685778
-0.518434639385006
-0.105015859761023
1.71662173792801
-1.13190121706499
-1.3681116881124
-1.32314466820563
-1.16697599397686
2.1702596505775
2.30811921020983
0.716427496671984
0.362839842456374
-0.813510044440734
0.624160575798374
-1.31846211948001
-1.65705861760898
-1.08789679780088
-1.32547074479278
-0.998617151169653
-0.888959436404594
-0.92991517709126
-0.548438646906386
-1.67716087596205
-1.35236019076306
-1.34250834363914
-0.488678249374704
1.47963537646285
2.16829014999183
-0.219058613746523
-0.619628664868673
1.08153881985924
-1.53509539798973
-0.979005198883176
0.49591670271035
-0.907267895741489
0.350597184979084
-1.65498752590108
-2.15412399312082
-1.58856728533189
-1.28163163462421
-1.57068282945402
-1.41655925424203
-0.868511914864257
-0.852753061266751
-1.23365964068077
-0.612924379090613
-0.79308291517697
0.0321599269083693
-0.0712411951115925
1.10865041941441
1.83345481715174
-1.15806431466566
-0.807106818398667
-0.968072260662794
-0.989623577202919
0.360771897581347
-0.863049506372421
-0.378245158630788
-0.234680394609908
1.19428607218448
-1.65133404272775
-1.61692114535152
-1.03836751694022
0.555257203929177
-0.469520492147951
0.82203111370627
-0.874758170907059
-0.740632130019742
0.396714380940474
0.30113030999168
1.10558380647275
0.861182612881103
1.6767752599751
-0.195813385123323
1.99338223554738
1.64544997412668
1.55104755478378
1.25465711872637
0.996494571284784
0.55723445729421
0.702136907785884
0.980483990815417
1.98219464544064
0.91243309382884
-0.361875090403816
0.465349806012647
1.74650904201754
1.39527073165266
0.513019930682091
1.04975134648492
1.13433814546473
1.99396460015954
0.837436368008419
1.78622342779757
-0.654172816257148
0.745510678650584
0.204846841833204
0.651946475716414
1.2811884038221
0.262494547535
1.96921339846839
1.06707518885521
0.452319620575914
0.734743361582529
0.945133622388951
1.38339389292392
0.487929496143784
0.591192278854915
0.560679257877339
0.873428588606938
1.39134369924442
1.67144350318384
1.58202048763074
