0.0559248348399906
-0.330592481375505
1.15853911029915
1.55844070242635
0.988425842890719
2.0623768691957
2.43771370650228
2.1585108632885
1.83517594298037
0.774803466789734
0.988257841638828
-0.125733178966449
1.15008474830616
0.988496571761267
1.20256911840151
0.151408819628565
0.425443400702363
1.73950641085637
0.337148703001267
1.15279348410775
0.527087809057976
0.54103806644977
0.602032206464669
0.749561172724816
0.575035115340201
0.819149507261597
1.1273456067397
0.326768930422498
0.591484477839805
1.53382492087294
1.75989437214972
1.30956507553062
1.40118435707869
0.846816605553633
1.41781571780717
0.521087047935456
0.599867020966654
0.501130075334442
1.67645284695812
-0.0588744907739168
-0.126485200476961
0.213838974636792
0.76583747354342
0.247319428656155
0.177406171929265
0.341051284888197
1.04775679650866
1.32291986966265
0.975916371522289
1.12138522717501
0.861185348040656
1.00521450752324
0.281008394606903
2.00170070665215
0.731245716880277
0.159907514726847
0.23297161857486
-0.408977445197029
-0.0787662226045739
1.22629446124464
0.0929773093152735
0.310833049192614
1.01081454305597
1.19919945903956
0.623967027725338
1.14098927581308
0.561493513012622
-0.00543980273912575
-0.364222025659489
-0.405036826373573
-0.678144194376675
-0.48355987737359
-0.126601991339022
-0.518497456434398
-1.68045357447068
-2.22075140462236
-0.19279399101338
-0.943719276952909
-1.20951650620724
-2.02154493747
-0.418507943128487
-0.427880586310027
-0.139572067353187
-2.63352829084822
-1.10854369435815
-0.592480827918681
-3.27706939163622
-0.341424517852583
-1.86345589417953
-0.943298944788595
-0.0780779106573173
0.340745886560929
-1.55394843921079
-1.39114469139808
1.26808831512583
1.03520116689529
0.57971285832051
-0.69276059020743
0.179482174676411
-0.638007489955162
-0.596648609455794
-0.996760331478205
-0.553405520534796
-0.653817320050913
-0.347821371254712
-0.589143569545729
-2.03782380415495
0.403967884474421
-1.93817320493387
-1.65089517162472
-2.26290690926272
-1.90271919165718
-0.866745269084163
-1.43498956031994
-1.17145055674183
-0.432031251639232
-0.69779674325613
-0.451928838746776
-0.921937179670583
-0.188977593135336
-0.249112327389279
0.119474746077814
-0.833470608742226
-0.498858062074968
-0.518078442887069
-1.2012856244314
-1.49097410038485
-1.59757922044048
-0.411054895198811
-0.442618821184083
-1.13188615548897
0.207150920949192
-0.210463320901632
-1.75868402928366
0.193772001879433
-1.50980393371658
-0.901860532328287
-1.2720978167498
-1.10333896845684
0.0975657550372369
-1.49769262090983
-0.429080506179444
-1.60089340483434
-1.07818375348775
-0.282972668593653
0.275112527559491
-0.857456720542103
-0.832519347138164
-0.317856696394795
-0.242427133206936
-1.10027259799027
-0.598463877640965
-0.886777326243581
-1.0764792327978
-0.481375780529454
-0.763213683667801
0.37643489445819
-0.0941387884386163
-0.56447363934145
-0.587608731057164
0.0490249902684636
0.176399578217014
-0.31627737501307
-1.37668301645087
-0.378802057776657
-0.0196594667592771
0.236051655208121
0.0822318202456748
-0.60170556319806
0.536351181332323
0.296590732350151
0.355684666374442
-2.21540649842578
-0.195323139207735
0.771580755974998
0.740512037739779
1.95848112854642
0.0529185659288108
0.763170197736121
-1.03277258391732
0.903166124823058
1.23819898787281
0.010350875246964
0.51916190294685
0.337112937809711
0.783240443659964
0.977374714309432
1.12549886102907
1.13609393126605
0.361390111105365
0.83012505365275
-0.0813814943106053
-0.406609038340067
1.61792275372319
0.607936962540603
1.24792876541901
1.30999373714781
0.736294313295319
-0.854423061843774
-0.0727891906755024
0.821739843493075
0.0873278653693849
0.0828611828731087
0.0497371506311835
0.11880875770875
0.281008394606903
-0.327049987015298
0.307331053691237
-0.280096435710105
0.0281029184531696
0.987833290831436
-0.403646575736509
0.912820224335547
