1.55548746773111
1.39520072150714
1.19558481064213
1.66821771189805
1.22025289273546
1.493859963788
1.50260234927255
1.66197695811168
1.19487820912161
0.710127207786965
1.47369058647341
0.802346231801186
0.939550729139903
1.1802078824728
0.987020199711052
0.802152117485646
0.883768105792217
1.91406497445248
1.0604814049289
0.763017293641691
0.00567766265948178
0.804091482121263
0.976887080606888
1.21281214159229
0.65614384298866
1.46196068350703
1.56009043617591
0.41652009822402
0.687425631124914
1.6631065677949
1.31422912143092
1.79315733220191
0.797494763538479
0.328022937207254
0.716863380465766
0.288718311646259
0.226767035185731
-0.387046684236119
1.52423746787222
1.01852627809601
-0.10295478886897
0.497608442379768
0.553806886287068
0.795261959810237
0.174516953034938
0.192672657827886
1.26985082022535
0.960713124714257
0.77798720693727
0.88770033228754
0.402754083691911
0.610737373626203
0.947779947120042
1.11477194897606
0.46713918283511
0.577494257151475
0.133230370217758
0.361993957467478
0.434462367632889
0.90051132396654
1.34780878512659
0.919628732848598
0.765028767946014
0.880860035055919
0.46846806602071
0.902097666544647
0.710136927445451
0.507147079642609
0.947048892304171
-0.0117121300740858
0.679664625435652
0.568412553735524
-0.0499578840540611
0.447646198903128
0.581802655442604
0.412888056334911
-0.264520686955496
1.09814053342323
-0.0461196737416526
-0.277066020784605
-0.213127975796617
-0.831454505622235
1.03878559488817
-1.10969671013523
0.956820453897038
0.613312491094809
-1.41011009803172
0.103592926472962
-0.145300349646971
0.0231775908156873
-0.813285088551364
-0.149746702613292
-1.45182635897122
-2.22487424324724
0.308684553062035
-0.720464420820621
-0.187083696422696
0.697530119832183
-0.698004088951711
0.121471431763227
-1.16885858603017
-2.11641921806291
-1.32975501035317
0.0822292761824419
-0.17658248093275
0.317628869875317
-1.25811518785694
-1.94832616664369
-0.64937467417086
-1.45749133657055
-1.50629722251982
-2.00581152178688
-0.123898600829085
-0.480462534579965
-3.07886207279515
-0.694738396024506
0.03882949985468
0.824431044082783
0.185895291335511
-0.0307652015871544
0.810747757193779
1.32455489777538
-0.801801011818319
-1.88321993544378
-1.1638852907704
-0.389838308045152
-0.0405419436923423
-1.99687589301288
-1.72505796634221
-0.561359846020722
-0.0258752673462826
-1.50416151962542
-0.998734289346436
-2.10956798747956
-1.52089176425707
-1.69979087060842
-0.327506522123611
-2.32031957544801
1.00896260184581
-1.24272900135998
-0.74591089910162
-0.961161803458466
-0.890278114559414
-2.2847921226481
-0.886298785825686
-0.570998505558433
-1.14417972672615
-0.209344681676713
-0.690588382917656
-1.97560651008332
-0.0631052712780977
-0.83339464695629
-0.26515798462399
-0.724152820371705
-0.735932352979376
-0.451550320624269
-1.43974101324143
-0.0869007268448377
-0.144671618519897
0.156043102267079
0.138506772294186
0.0206384874659477
-1.10519234298892
-1.17837153942071
-1.83435289048513
-0.595204432334669
-0.539504347255414
-1.32897692490266
-1.67555793179543
-0.468687494749147
-0.211944560745706
-1.585333878743
-0.000499803874650344
0.340786339474294
-0.646742036700638
0.491104099025783
1.64303464433056
-0.0347745806085353
-0.202557702984881
-0.822478343370402
0.474462543653555
0.640205680815092
0.490112663783689
-1.20087163547188
0.762667837660124
0.370946250360341
-0.394872161437192
0.130938389057264
0.773623646378609
-0.40770966532549
0.326533573663516
-0.886122081217933
-1.55959414633531
0.566736066193262
-0.0954753289594907
-0.433755916720248
-0.568357720225976
-0.0506405106890301
-1.3700500359019
0.37976702869405
-0.847129867814206
0.876499570913498
-0.59815124208804
-0.0377716797759588
0.765831252623358
-0.145592785432789
1.96175401853329
0.567983834507311
0.415626628681923
0.530519248989844
-0.155155218625148
-0.628288641494715
-0.290217877191056
