1.72556800758319
1.67073005610709
1.71887483092289
1.11755330307861
1.45968967120105
1.73826426255459
1.56926669270218
1.6939101370815
1.06588887438894
0.023242669178867
1.61422488125204
1.72885281037726
1.69765576937229
1.61050262872379
1.44936686668813
1.48552800304231
0.893995331426808
0.892020090736086
1.69054571671898
1.49844524774893
1.43730840150104
1.22573468498062
1.09944351982027
1.45508842040829
1.55957728698018
1.4508936214301
1.42463702167529
1.43434263978548
1.46365799118013
1.60037616819616
1.60454838652753
1.73031587985886
1.51261360765262
1.59094009455256
1.73379269379498
1.21818137174839
1.42012045903434
0.821697372818987
-0.642145796864957
-1.51900106126308
-0.926353951406538
-0.497681197984415
1.30002620150148
-1.72283830237492
-0.718362934427538
-0.696845255232799
-0.529305749758472
-0.0869564550643542
0.394492931657874
0.416710166601927
0.326370505663075
0.511734529826866
-0.309642699773926
0.990989205068685
0.646252988727279
0.273538001543919
0.103994042954479
0.0554856737801652
0.450788265790957
0.765505032411111
0.407896176642659
0.212424143581524
1.28335743640391
0.448384268928147
0.1494165822115
0.582015845652724
0.199219694987969
-0.047957822866969
0.060274016756722
-0.732711815590275
0.322909610707952
-0.695039897273101
-0.613303365316941
0.844085687423437
0.442856364124255
-0.766721388545098
-0.516794647345464
-1.25356767899282
-0.562882388361605
-0.815666857335746
-0.949541599283573
-1.06039511807198
-0.0721422839542704
0.178080540148935
-0.0380714183197851
-0.468487763800609
-0.786073651364208
-1.44080114070395
-0.123327464094738
-0.445848500917575
-1.35092300540973
-0.291118656028599
0.863877387143456
0.910074257165169
-0.475716153576323
-0.96798095955232
-0.383922232252637
-0.0199597487403268
0.0920373342849469
0.145648021353769
-0.336123046047734
-0.0928995150995598
-0.632911862250217
-0.783182617393241
0.179309612814926
-0.604817393904459
-0.203101195491374
-0.0937257972669445
0.151222595667976
0.557080555977496
0.581274562687128
1.10386269578286
-1.57892764058022
0.268181181540712
0.665508566850243
-0.0281830576321221
-0.0925628296835322
-0.966942946952174
-0.514561724984527
-1.67768225573326
-1.41570406429165
-0.728612172780426
-0.278229759082566
-0.778564734536852
-0.210048612854591
-0.228032170390919
-0.459129872953949
-0.200459215401916
0.397846015534493
0.0393105164700491
-0.500642150232977
0.415763789643124
0.253680064199511
-0.369771353991879
0.351517952325977
-0.198293523363232
-0.410645399141344
-0.55267798881738
0.00261265251745102
0.448544958992871
-1.04797150555859
-0.35902516939718
0.118023598754679
-0.104738068540821
-0.201214906674019
0.414099681447541
0.395080331430091
0.645731540748147
-0.301751624134361
-0.0638497122210875
0.280441091359219
-0.108915682421498
-0.0846874475342603
0.313236711898073
0.489480207043141
0.109666377778699
-0.344385937662626
-0.102921504274734
0.363763169085971
0.540746930059404
-0.213258393510483
-0.261450553702647
0.0608710520237812
-0.366675296225801
-0.563538843121395
-0.629282547636362
0.388651667554486
0.161829830387064
-1.10686285004902
-0.22217483171476
-0.428680382188527
-0.806545564091538
-1.19816390157827
0.327847258140728
-0.542386275375669
0.195632925781034
0.307521602931065
-1.90704557631756
-0.267217572853903
-0.858899831430332
-0.161256017916118
-0.120441885378601
-0.544217510867651
-0.826842673836319
0.0815569376557772
-0.0355515879624857
0.39645904805978
0.097313625536763
-0.101790122120961
-0.33452831163945
-0.127188171328852
-0.0771232619720741
-0.294835450747041
-0.254087642245974
-0.255895856626104
-0.667639085681634
-0.357452856592445
0.0613275449013062
-3.61478173613482
-0.652667265189079
-0.0931568651830743
-3.24586602399167
-0.118194975687774
-1.07808592826169
-3.10715468884622
-0.603232797276221
-2.10145758870855
-3.14637507043151
-2.651813296985
-3.21463232133457
-0.60510995531644
-0.893919325794108
-0.829373124477211
