-0.813312266210796
-0.718006541613659
-1.53112637962187
-1.29918582308054
-1.36440824507469
-1.63860681485845
-1.45811618376205
-1.04725241606368
-0.714773702378908
0.865697799456437
-1.1109973568297
-0.351005629470143
-1.34674120491317
-1.19520735358994
-1.24407640960976
-0.314994046975435
-0.286175712624272
-0.719185356655755
-0.636268323773616
-1.43849111981118
-1.58587380244298
-1.07662424419579
-0.947373306688942
-1.68368361560356
-1.4938892060941
-1.73270741071231
-1.65481594737892
-1.48025721106364
-1.6144558176219
-1.89118218385923
-0.809987817223491
-1.39619945123791
-1.48939259651811
-1.59581919379129
-1.45893975437326
-1.47461300745507
-1.01500760878318
-0.891082285153613
1.7615695342223
-0.369075019136706
-1.23932961224237
-1.37376987571786
-0.0673587632796635
1.5302894174356
-1.12106183739796
-1.78534759684943
-1.36284062727805
-1.8540768277313
-0.216513288202006
-0.893171965174965
-1.25513594989076
-0.599584003620193
-0.724786880565278
-1.10471264246812
-1.07526094918973
-1.1543879677366
-0.735478527412597
-1.60599944625475
-1.31796940899814
-0.686679010083027
-0.57528897331309
0.208196005576356
-1.02493302075887
-1.26290092880935
-0.872031457936635
-0.399620540267945
-0.112419449963287
0.0475365348179164
-0.651080229929096
0.201442003854258
-1.73719548490565
0.0331635890950152
0.417996814888562
-0.356077552017241
0.236951123866216
1.10757588985018
0.642405564029029
-1.57445604996236
0.059085511193511
0.966830679111202
0.472809307882697
0.433690201939788
0.702129506576371
1.06394017511119
0.726496938337985
0.499771690974571
0.442819299007078
0.13856923553327
-0.193203692998033
0.131693624694649
-0.166068499606936
0.263726987128618
0.721432414783819
1.11680482762788
0.283680662336124
0.0833399203916881
0.399405097451798
1.063572537489
0.130215207545083
0.265746442363239
0.144118205796881
0.342428409983048
0.195989022938477
1.35865564606348
0.584358912666679
-0.13748849318673
0.557835381368911
0.791866322557502
0.869590831411953
1.36599676917471
1.43905730385425
0.796988317977941
-0.0784461972891581
0.662150319846553
1.46988609660232
1.42608847382649
0.615772686611251
-0.188432000101278
0.512845148956689
0.0951650514454717
0.135906646027591
0.373062533326741
1.30310391037649
1.18718811228405
1.7311027574641
1.01909179280999
1.10545268783825
1.4433455754573
1.18199307427456
1.61401425719532
1.42209746180965
1.43039752455504
1.43717011138228
1.66096130720631
1.59561568219257
1.72137203796697
0.615485216809736
1.53451104734118
0.795633269355359
1.30122437422789
0.761526008159925
1.47513313327768
0.583770112970612
0.357336135842064
0.922146202997754
1.24175767928175
0.859652278325253
1.20120966961135
0.541536579158519
0.635923548111838
1.40165116557234
0.452344678262952
0.630660187511275
0.837774945136914
1.26548501682783
0.467000125205203
0.372255553581484
0.545877184486069
0.938086505543874
1.16814175346321
0.919275808227853
0.911645459227002
0.795852031036675
0.783418138193339
1.40736760513164
0.367703960053929
1.17041509778587
1.51956864228885
-0.268173869401091
0.355607806236579
0.218258318945599
0.11241268010566
-0.55090380301957
0.818364868195735
0.414718852442761
0.632878850324412
0.30069099146852
-0.0998251468125828
-0.102333196103611
-0.428326103449375
0.216592310939546
0.393043195970141
-0.205910540247242
0.306654433729375
0.0226820926052584
-0.539937089996531
1.09930243429197
1.20174352751282
0.440885284945529
0.205860624052214
0.0141135266812291
1.1409822297495
0.382909199152994
0.694698313586792
-0.0397449760482241
-0.0888622740098338
0.266218681427087
0.653883039887614
-1.18796090306044
0.593087802691556
0.520351207981275
-1.88461921473778
-0.677613669046191
-1.43635489323171
-1.12337539108729
-0.463671205171199
-1.64005578223353
-1.75985654902513
-1.35972137673827
-1.51395284366008
-0.0155758526689317
-0.456482227544871
-0.161287279069041
