-0.243408967760469
-0.402148817996923
-1.02223090521778
-0.741652929903327
-0.610836175666918
-0.231337984719125
-0.14448568289924
-0.306440602387916
0.600533041399651
-0.80271371977829
-1.01244751583125
-0.932958824606072
-0.906244585198385
-1.04379187560741
-0.746111307311061
-0.630786216085316
-0.505743503747111
0.0185204358836522
-0.758325217461455
-0.338306897286706
-0.934207719888602
-0.1125042688454
-0.0379292247514919
-0.646871829847595
-0.812498535986595
-0.986448524196534
-1.23857710201539
-0.795379836710359
-0.802395728041942
-0.742132390289079
0.454493307597313
-0.740848908728902
-0.170563013933057
-0.258771565208633
1.01449960608649
0.257927575148493
0.989343535449727
0.876671509066131
-0.444976638512089
-0.810646595924339
-3.33696639405693
-2.00773313236738
-0.936978075351708
-0.257195730395969
-2.44117927217859
-3.01712507459052
-0.976685187844137
-1.17290242910214
-0.666077349044573
-0.658008728858666
0.10922121240282
-0.163646085683313
-0.419989208774601
-0.116153753392368
-0.400029854631811
0.074632926662213
0.539208550707666
0.000339020589425657
-0.609801907561412
-0.346171858666517
-0.675961074944524
-1.11039640154866
-0.720843443718997
-0.615445313865897
-0.779400201766869
-0.128530348133924
-0.509023952029658
-0.67482068041013
-1.03537893898206
-0.907945399521976
-0.581915388313773
-0.450279271817275
-0.247801442740039
0.548991903108055
-0.537727403081715
0.701870898157364
-1.06827452329371
-1.73380656228838
1.57806633397173
-0.885524054785154
-0.664105929887246
-0.711640743269222
-0.431802654478224
-1.43674312741716
-0.737666637299697
-0.97044630851716
1.10729899248439
1.16140668603941
-1.14970759011797
-1.06639117734246
0.101428522069031
-0.430339270538398
-0.563999295322226
-0.0512489796322246
-0.392154657582198
-0.38696403131086
-0.179236926827153
0.809113787741044
-0.329034126349964
-0.374799734421086
-0.634347357221532
-0.927701007070475
-0.389676381848014
2.55531468172545
-0.162742898501468
-0.429842747104802
-0.363874015322531
0.131821810037612
-0.583310690147088
1.11540765776594
0.25354768838596
-0.75508642319628
-0.256935268182818
-0.579687620526352
-0.411350253773942
0.0463292016610557
-0.642920684597448
-0.159905030542198
-0.310922957155838
-0.0295823081703833
0.0341966624539497
-0.505090778768125
-0.126215373262804
-0.343319167374313
1.184226877071
-0.789571405900779
-0.840644614939788
2.12026757419159
0.497056982900794
0.48052400745809
0.355107284992398
0.434043815880054
-0.213622498680981
3.14937007750125
0.613396349903909
3.37898077331298
-1.95092466170504
2.40022906803875
-0.156146644560704
-0.0939211557574818
-2.13206548199167
-0.764676514956124
-0.135196591209413
-0.38270476974278
0.467373320965321
1.89232854312919
1.15155355287188
0.599643133579621
0.944905605878931
0.719855276549997
1.6158145652758
0.0169772967791339
0.269668842968674
-0.0862654756234489
1.18254030640719
0.589467555973756
0.413383857584596
0.110805811059813
0.332976658114356
0.53499242502017
-0.153968067064928
-0.188930986522943
-0.171445565592853
0.888004313012998
1.42344738751214
0.783639581058688
0.977095080685498
2.21668129610048
0.90589187633256
0.800854392199542
0.562296383588314
0.922794307775788
0.769244525092996
1.17249710555183
1.31302307213613
1.54738375314724
0.112902858889673
1.69566773817671
0.417365380899768
-1.77868607420528
0.50218056342497
1.27872545853406
-0.495931454266404
-0.220442705103119
-0.147468868525458
0.219888160845748
1.74927742470147
1.15830302720137
0.805148565645916
0.726118746920034
-1.34322162450939
2.43960587110436
0.600172084522377
1.18926599229163
-0.490490001110495
0.326529586127119
0.788144765854141
1.47536613853648
0.91253593499169
0.830557368681228
1.33885517142454
-0.0667530968492182
1.12552305243892
0.338412038153591
1.1224608929157
1.9481383740043
-0.712632535467308
-0.377130269218535
-0.263145152154806
0.377407411283064
1.54395039583441
1.42471659398619
1.28347264323928
