0.663627949887153
0.540458796459618
1.22515918745674
1.63367866419173
1.4609373486514
1.39120293282605
1.65757829491461
1.9275508188762
0.708884596987673
0.507699722369793
1.40425369930685
0.859576198945812
0.954080440576779
0.887729096005216
1.13679180501191
0.897977114913094
1.12156430314838
1.28574950842803
0.904903910973024
0.688762207536916
0.416545098348619
0.503321574620139
0.535722022009974
0.869448872860881
0.792745177658316
0.785967918749632
0.845225211218179
0.618428040335669
0.760508695885411
1.50399623464354
0.924994905334055
1.32219778744581
0.870440630345537
0.659752871433515
0.912342213788777
0.727170990801815
0.768704807767865
0.783336632404095
-0.406550481394179
1.0836102873294
-0.475136559487897
0.499218196302262
0.758428002204896
-0.258160484993572
-0.0287982121360095
0.51789796252339
0.9577702175117
0.884155738879543
1.04213385204031
0.513247626699937
-0.033748787681164
1.30437535191309
1.76145530309182
0.840830619182879
1.14518073302036
1.37450537878664
0.68598153221288
0.968269661786743
0.70691454413839
1.11928080161003
1.21757856489946
0.223715524103406
1.39105239483171
1.40927958880892
0.776627371563618
0.443144410652811
1.25257478774492
-0.709326656073055
0.532351876838234
-0.429533389371271
-0.498209629657639
-1.21641988604397
0.282765647852334
-1.13745571291707
-0.546751231116573
-2.13131681532519
-0.352323959613014
0.283922918997903
-0.169272554341166
-2.05869300959486
-0.672365790398141
-0.645116958293275
0.139240357577097
-0.864250243176598
-0.267393540555926
-0.395758731005725
-0.347563300271016
0.975586325921066
-1.52782890366993
-2.45148014037051
-0.463393721779522
-0.372353582666476
-1.57331047292137
-1.28495045240089
0.317235955574975
0.892197369779424
0.31159410809766
0.965000319697065
0.998208872112129
-0.547993850125446
0.809102212344849
-0.606332114515584
0.544687022062814
1.07411927701585
-1.37759720787051
-1.34432357921669
-1.22041987385158
0.695053456492673
-1.95253607485508
-0.815613929601595
-2.10710347104286
-1.44468622334133
0.391051153075837
-1.93530692650738
-1.06232900108385
-0.893960416040926
-0.600012736483188
-1.36393120544312
-1.76477498469456
-0.0738993673954381
-0.396071872712791
-1.59936835144284
-1.92657014424156
-1.13917410594188
-0.202365667954124
-0.653021235624116
-0.53964230145538
-2.62535256336338
-0.210044981569691
-1.38508912885811
-1.20346901306766
-0.103967434797547
-0.233888690651375
-2.99972115155114
-0.846543502710811
-2.79819169771224
-2.34356745267117
-2.46683192121982
1.09189980030162
0.727864662659115
-1.81441967555705
-0.362334887434043
0.398274614504531
-1.12597278368111
0.065579571344728
-1.8282905661061
0.417398280205936
0.0771115381476348
0.519259087411918
-0.0811848714559471
-0.092358980300763
-0.414476331560735
1.25276874402291
-1.14947707120225
-0.126870090624992
-1.50361208821205
0.25628372965243
-0.379783089852896
0.749926226587156
0.726095977744372
-0.024492820431734
0.430361931768051
-0.0356095852609981
-0.519182666882139
-0.789517434144513
-0.613904015805962
-0.185805427511145
-0.0349550374014427
-0.0994114930488901
0.207796615050126
-0.244128051809425
-0.258120554706995
-0.944822649507815
-1.06012808416491
0.899214964914234
-0.25211430335508
0.987753408276332
0.135402800163682
0.279826579858301
-0.396999883131503
0.157439634177197
0.794347136709794
-0.110874065636507
0.0305044378760156
0.127688561454417
0.499846631080453
0.459271393054723
0.255857507028991
0.402117691670427
0.35347926562644
0.705235790062009
0.619993991279047
-0.440804515903299
0.734999282769457
0.274966272534123
0.366498579465114
0.292360722958225
0.0376028730474108
0.764228677455202
-0.555130682908401
1.00333753243556
-1.10394990791018
-0.46392739301605
-0.553263759872324
-0.973161606481993
-0.0778968329482371
-1.1801740172442
-0.776643806074631
-0.664185253039541
-1.38787502936814
0.828677213115056
-0.0315676504272966
0.278959016041487
