1.58085376040906
1.21820908053169
1.30058517167907
1.05729935413721
0.90211124252025
1.64298341315573
1.50164336864567
1.39249207499389
1.48561927683998
-2.68351572170899
1.10288662583449
0.0494305685137203
1.40166518527361
1.44423472623112
0.665279662962312
1.08428428238671
0.463005289685712
1.52139410870025
1.32424539598836
1.52704510486481
1.0983914149575
0.957645299390242
0.829786920620579
1.57233798624242
1.65639749945707
1.19404500176974
1.30049407014804
1.20855598721781
1.4653479983949
1.42917636297723
1.55443537986073
1.20721968251789
1.70927815385915
1.43898049930334
2.01472271416117
1.47675828322025
1.70797162028473
1.23108733800642
0.126652830153776
0.605409534137953
-1.04518495228537
0.891561010804587
0.0341871561028916
-0.269192661899688
-0.458965599257909
0.0406571992959722
1.11916058292594
1.55591478170078
0.260746394739821
1.06841485484238
0.828655462708399
0.346539798174216
0.238786347655503
1.42248615078727
0.84131861489774
0.690337867702374
0.981516061738598
0.627646594917249
0.633963323322501
1.00023027286557
1.04065848223464
0.579077602101065
0.991287804073171
0.71840804757814
0.828898323489839
1.02741297542326
0.87769152108053
-0.841971409667768
-0.11071757587853
-0.551290563326218
0.552568580173445
-0.698448324416781
-0.277780020593419
0.0802965256046345
-0.900788128858924
-0.847330003392653
-0.785242301059303
-0.017731040882182
-0.572134812577583
-1.00746507768422
-1.93768062554843
-3.39000905845139
-1.34253333050325
-1.34281920730506
-1.5259227005985
-1.06390979585746
-0.292508710773948
0.194085247754305
0.443234151831267
0.406734468582418
0.287909982114751
0.736738505583863
0.481883834452863
0.115124550180341
0.432639570129117
0.714634850677974
-0.598493093003592
-0.357411821075719
0.198624811794764
0.618869506335978
0.783844554600883
0.224444505003024
0.599301257894568
-0.822397864019627
-0.500435101356863
0.65921923538793
-0.480794449982305
-0.668876116849755
0.476633805712839
0.786285232719853
-0.187586699944573
0.253390989956123
-0.56207562009582
0.289869584974427
-1.00133845629766
-0.570311897722813
-1.23324854633686
0.870690727976457
0.129883323371303
0.208960528882558
0.768563374235919
0.479913728210454
-1.58656813979399
0.310609299370899
-0.660611673462384
-1.21665445823193
-1.32417145624411
0.0146588882517225
-0.190147554301098
-0.63249384581224
-0.701045657793108
-0.485770630273703
0.986343161499259
-0.380695324642832
0.44901123666144
-0.262508819026343
-1.85566536004131
-0.946910788909906
-0.941795641883516
-1.50545004197553
-0.860416220800803
-0.313777147058967
-1.18023958398746
-1.54508099886577
-1.0072096913909
0.157227439870672
0.470371442483049
0.391279189591003
-0.181009796624611
-0.636416934598188
-1.18919299956295
-1.39000131976877
-1.24497581870553
-1.8618892479057
-0.852298070021839
-1.27466131787647
-0.896576723510551
-1.18423584099282
-0.70056584557202
-0.0959887854282132
-1.21316218863466
-1.33088513680567
-1.81438401771317
-0.504590025844272
-1.30376123938258
-1.28352796915542
-0.725352373030799
-0.689327752778492
-0.0580171752441049
-0.891315733524614
-1.20676418963357
-0.99241067915604
-0.458942262355911
-1.05887413335318
0.104654344323013
-0.740533385819954
-0.652221965286847
0.449982792733843
-1.39315166429044
-0.634851661273733
-0.925146691715349
0.114655250654924
-0.151852214260168
-1.08506363221801
-0.396048959895227
0.100159302918704
0.00864713242409221
-0.534264871342154
-1.08002894799237
-1.29316591918633
-1.14217925859773
-0.475930680410114
-1.32481225925788
-1.04827412005456
-0.265283899953015
-1.87214518891485
-0.379075732110732
0.0459893923168188
-1.16417478162961
0.269191238292422
-0.920481796353762
0.946058100149469
1.09348073156037
1.04705194149029
0.640571693710349
0.189275582743491
0.455605548441694
0.628213849791703
0.845046067856835
1.0666154003853
0.771408693890101
-0.966102502675269
-0.418730622623236
