-1.2318230055967
-0.571790113693482
-1.07399936998183
-1.56872561096166
-0.443012634386366
-0.2715204470304
0.00420196277779254
-0.57480056897547
-0.516147706859663
-0.538530853626343
-0.997860970673698
-1.37593890439372
-0.485691130009008
-1.12802798347243
-0.699586128029181
-0.36254817294134
-0.859370247662758
0.187619617320751
-1.34578416073149
-0.358840256538358
-0.780162134789957
-0.425019810427979
0.0249459340652691
0.462111362012054
-0.231234303096821
0.133091375951665
0.425073295925659
-0.414611418971878
0.226339762631211
-0.0319949347024887
-0.710105785376713
-0.805539152141488
0.671214186054923
-0.264206729511705
0.0906389558288059
-0.169423174290876
-1.18299079438763
-0.114689241994007
-1.99575440454787
-1.80614132642803
-1.18371546919186
-1.5284824666665
-2.24766003483578
-0.409693648824494
-0.331708041701148
-1.56319621692127
-0.869703189438899
-0.615462947798928
-1.73672986986934
-0.475762804815286
-0.928586991855648
1.33014450608531
0.911969253396778
-0.792983009418058
-1.31488460998825
-1.11590563839409
-0.593290883908436
-0.76283727351359
-0.316378295928156
-0.831924439342297
-0.588250946625124
-0.0840819109644595
-1.22703671798418
-1.03703572709999
-0.932003769209032
-0.503010888342097
-1.22296831396026
-0.73291688897171
-1.62739951497671
-0.81249645660716
-1.24442758532343
-1.82261467102979
-1.26732395204831
3.22320953688501
1.53224526970892
1.34652684587764
-0.532626595720493
-1.64980048834949
1.40045540547975
-0.298771125690591
-0.936481494215919
-1.28836892867833
-1.38280161104967
0.553986690106172
-0.968739738670613
-1.54299074414066
0.921549118256282
0.927772903045965
0.465532350924238
0.28335085800332
0.209704420111019
1.24438005258767
-0.236358267616417
0.664108249815966
0.171852311241839
-0.00986890571339019
0.893129133186696
1.08288404423729
0.426936345857219
0.506137340375939
0.506172605934449
1.04863270820485
0.482422921576126
1.274114627431
3.36924197987194
0.819020487173141
0.83205200394683
1.1404941275574
1.04008944606367
1.09134706739406
2.21032226568925
1.39165319649707
-0.876559106999391
1.32639702842147
1.43195324450793
2.44686105930115
1.70745724167841
-0.0559980408450049
1.42148278075441
-0.97623202679183
-0.713955130962612
2.04683740991545
1.59007365569401
-0.671043694493156
0.750320868313678
0.0822721106230621
-0.471785281101494
0.448315078606619
0.221915097520286
0.975504555041211
0.60791522584531
1.44387293396743
-0.119863750390045
0.823176247929775
-0.562992611111987
1.50663534205044
1.86421431795265
1.82702448772368
-0.880566915335838
-0.0634648952350086
-0.724573661201344
0.21034699212775
0.593952967469854
-0.94357277945819
0.663084280683775
0.0316745705545082
0.479917425246679
0.709265911009721
0.0466359206358669
1.09228432446177
2.19765066300585
-0.107497345588497
1.74769091523354
1.53876201779489
1.45481827069742
-0.0900725362668187
0.176853738020766
-0.433714541971071
1.26759147938018
0.911184141377212
0.032928636284458
-0.317092913507274
0.129032039463121
-0.123205269584204
-0.165277904410893
0.897270871619845
0.55795780493642
0.660459982581111
-0.570266865197379
-0.76222710513663
-0.638728400725629
-0.717920327279097
-1.28135674591411
0.00289515171503337
-0.657558911879288
-0.640179948888855
-0.229639327213532
0.0919345145770565
-0.613402181877325
0.0609527686663388
-0.405071267815768
0.215343687733666
-1.27937627814891
-0.882632086007616
-0.375959495271981
-0.0926584186956872
1.13830996304151
-0.00503955791209014
-0.200840649309782
-0.197839858484941
-0.670085123363639
0.860796415677392
-1.42359124417811
0.780483679532358
-0.526067631206746
-0.253733387778126
0.0547889867810776
0.438319539559896
-0.932410655050587
-0.432337364143157
-0.442863388829841
0.497948298400928
0.655927694266468
0.71282265498188
0.394315051553682
2.27908076670957
-0.0390183988164173
0.446830545431962
0.229421332892907
0.76405646252236
0.291677105471982
1.29520905653024
0.812045736442168
