0.333592581891014
1.24911463586948
0.882029206719465
1.4383850832604
0.879896230678601
0.41863297790358
0.140873752434504
0.568570498529022
0.868126188266874
0.662104791548246
1.0904787647534
1.64588355971109
0.358962182849808
0.179518639999242
1.20864177549734
2.15009203067324
2.35866490429208
-0.29014545741662
0.584182391055692
0.845063254940715
0.395598838444637
0.348979825241335
0.666107258768836
0.393149460938483
0.231880990641217
0.508632900418276
1.22776639178295
0.56657811795402
0.258571704808845
0.669451465006365
0.968261546312054
1.4157503512384
0.818444062032372
0.476369662824309
0.936307261983553
0.23488016685134
0.738661601505185
0.644101496537895
1.69845469905923
2.21079903733205
-0.884429214031186
-0.769390105474275
2.15460361037323
0.948200288135372
-0.767237617685972
0.451553473821474
0.597094125321817
-0.522171622842442
4.65064440260656
0.861201201994473
1.050163365596
0.796514828888474
0.48227059914085
0.634849359959945
0.957611307027493
0.459596082198067
2.18078213733657
1.28608572981198
0.86767225906928
1.06132813703676
-0.606876533629895
-0.748349174653761
0.422276778870495
0.292209810118799
-0.563438553095684
0.0651851186836163
0.382695913286076
-0.497546371738026
-0.00274849512823448
-0.919078382402657
-0.30410201397632
-0.554324137184362
-1.04018896586704
-0.129356729038001
0.000959189156835269
-0.926772883520193
-0.624506113488458
-0.491736704498885
-1.53969941003767
-1.35583748677097
-1.16617290091489
-0.713655202603557
-0.797755911366852
-1.59557346782253
0.0197874435450058
-0.502193328923803
-1.80871229375789
-0.734208311999459
-0.675713709615418
-0.757134461836407
-0.671275133153941
-0.26145270167625
-0.581183618573985
0.64628499917847
0.641032613259364
0.707858487038703
-0.949998384186909
-1.06194320169257
0.0891961220250308
2.08259411149463
1.08696653355807
-0.040088009619022
0.380185979523158
-1.1137108133342
2.38355767713864
0.106119920774642
1.38806431943048
0.169652783879905
-1.01245948140366
-0.980612437511695
-0.786972021295086
-0.702182393301815
-0.313888355288804
-0.709681023629688
-0.288020360132624
-0.341427003723665
0.166788308874129
-0.0376001417023883
-1.23481077890465
0.455443124347013
-0.079345853441429
-0.412171194591422
-1.04309303831261
-1.93046428093058
-0.880743676479734
-1.25791338683628
-0.38810551494805
0.058524112016674
-1.05236120481941
-0.531178564833246
-0.89197225984836
-1.1339713827439
-1.41751459452742
-1.08512734732332
-0.87574089202398
-0.652279100868781
-0.167826806809996
-1.15823740613169
-1.73622476304005
-1.33906551157965
-1.55925230953403
-1.23448418356692
2.14514015733443
-0.670312336829054
0.220414238449814
-0.423580329294444
-0.154110476856698
0.142405420969109
1.95138048985733
-0.894192721146812
-0.811396674493594
-0.0753556892971924
0.786380522620257
-1.01107567947348
-0.640424064389609
-0.72209384875727
-1.06133744325755
-0.592307347247546
-0.191066761092575
1.06342043347777
-0.990346515908442
-0.538159501609657
-1.13470365301417
-1.02776156952863
-1.74044331555467
0.836466772298746
-0.180199422228154
-0.859510828167297
-1.5521897200737
-0.514434011775421
-0.673134073720848
-0.312415008296526
-1.45900854655077
-0.362269000967189
-0.741469632940189
-0.168075733726891
0.425510691422844
0.598043324890306
-0.633335432801029
-2.07103295652636
-0.0408559498151418
0.448294308346219
-1.12627841477602
-1.64027270035316
0.349617156342488
-0.99573660981093
-0.195060468495647
0.771181879036267
0.766867061176818
2.20827945173618
-0.602425917194858
-0.182311646887808
-1.02044669158514
0.463280262587028
1.82483142118603
1.06966001601577
0.918367106609504
-0.110246871203635
-0.248943855236142
1.17991237648638
-1.18317083629263
0.298951819207385
-0.434449279878769
0.178973259131047
0.845177081462719
0.325405197283491
0.479472604907896
0.00589501184113243
-0.233248596798812
0.350970570804082
0.206840756911822
-0.76498139169886
0.0693522817303787
