1.43427375130949
1.50107675968372
1.25787502811753
0.840742806606652
1.18709156799017
1.49075995728731
1.47584063354555
1.46035982900933
1.10568188734563
1.02181659011106
1.16893633332484
1.40680481238682
1.28537825981191
1.21912283589668
1.42772101651103
1.32848419116704
1.33624156990421
0.955847544661188
1.41787322224588
1.55638000431904
1.38600207596249
1.41486641770901
1.30783861356473
1.38719473843268
1.46658358546644
1.24416209489213
1.19375220424142
1.46815631466047
1.3455460044209
1.19423208497047
1.27913595921397
1.1825815021255
1.60668083239437
1.58132440146124
1.48032993796046
1.47114238168778
1.25254734277134
1.50831249026109
1.21820699069943
0.852500636453785
0.581569232635859
0.52457372201472
1.23231130345992
0.811319449675956
0.843093048986659
0.638683664003345
0.958457198680383
0.46536142968901
1.24716618215084
0.707151683076598
0.650627244368559
0.128571441598598
-0.000204495624250808
0.915606494315681
0.706500737218111
0.818402867579468
1.15885239701386
1.08566127470108
0.787253970333375
0.769856870010352
0.659528422612689
0.696756657431947
1.22981005189673
1.02440989796126
0.644834263069505
0.732694938876093
0.599470721183948
0.4388001457703
1.12768548672434
0.607344523369944
1.150329404453
0.475985124831246
0.598766815217956
0.639379192894976
0.969501438877099
1.0241362223853
0.616125994523916
0.854208003027261
0.591798119912068
0.759917819005734
-0.306371516878282
-2.00061702599872
-0.0170256030112595
0.968695386099727
0.951155206847792
0.43494828282423
0.641953171040933
-0.0611478669745913
-0.573099999689798
-0.37797639594484
0.141168871363832
-0.983602036624654
-0.540544190792815
-0.506270882521223
-0.411345405876618
0.144232487268373
-0.15134274442924
0.135217320198788
-0.0624943106605236
-0.242455038400158
-0.222892804223569
-0.140245135661002
-0.461321610664003
0.422780394129793
-1.40437140781155
-0.920926748334293
-0.233677526403979
0.186581121433387
0.497238605404361
0.192133070505415
-0.296343651737433
-0.489796961525881
-0.859003338817013
-0.919543664001176
-2.42450152303211
-1.43562662509994
0.0246863570713866
-1.19895852216304
-1.1980425177032
-0.304161788561319
-0.422017858545889
-1.10889045514981
-0.233503481418161
-0.710774329319869
0.0789913861413989
-0.431157462790595
0.385932630077904
0.558183464730643
0.168780946743381
-0.463127810702984
0.0590042399243483
-0.358145594850813
-0.0485568061987367
-0.429849432478654
-0.226023655814048
-0.938923003294284
-0.509863867180407
-0.66392874589637
-1.39056592244219
-0.0889875920166045
-0.400117286500341
-0.2823458465373
-0.325776618563767
-0.700659848759225
-0.519297308486194
-0.611020148395347
0.404294328125396
0.365941707265908
0.276542174424679
-0.0732947701911652
-0.0551527276433292
-0.504129066025773
-0.0842179521832487
-0.210047513393302
-0.286397059295191
-0.737828732041672
-0.646415588534782
-0.747014161175595
0.0679486055641957
0.759159413141891
-0.984594035371164
-1.08592350092346
-0.629860182174073
-0.9372168027431
-2.08175237664444
-0.734089529828121
-0.280968615885597
-1.29866110500352
-1.41330980285074
-0.792524714759877
-0.932968014142944
-1.28031662283137
-1.31325848342127
-0.202426310113598
-0.713583772180286
-0.628624055830261
-0.672084149403498
-0.848633991880741
-1.37515707914035
-1.45237453301976
-0.650592540788673
-0.984485276252702
-1.47842922587851
-1.173980620994
-0.359795663462866
-1.10417312522826
-0.800765474180649
-1.13822370534203
-0.618468326438887
-1.73195834516138
-1.33685926876287
-1.24151699099508
-1.23594584228361
-1.0779936406539
-0.729487636257778
-1.48761920765446
-1.9452302059947
-0.9423178708779
-1.74728321543264
-1.19984738312711
-1.88886681439713
-1.48592399654143
-0.0124213749598827
-0.00851326413107389
-1.00659079611373
-0.517544333393914
-0.76165560176658
-1.44181390966414
-1.9707566357563
-1.29198732420973
-2.74938661108635
-0.733518479026184
-1.59325546649545
