-0.270243666550296
-0.466157023696913
-0.871077953807786
-0.152794321816441
-0.700655047977119
0.0670728673565666
0.126994287090315
-0.12560531982479
-0.347621578077553
0.279596742099018
-0.92071141490511
0.0202068974526935
-0.669576357973641
-0.841102395073662
-0.629748828968548
-0.0770801085118992
0.19309773289711
0.162051582181366
-0.226390361584006
-0.257456982297291
-0.416979210354533
-0.307002195850106
-0.00735382605040983
-0.884106545626999
-0.534954826801843
-0.59155857496415
-1.10700005582648
-0.278880577609708
-0.720909613752402
-0.883686933382575
-0.0998140403575298
-0.845274450413897
0.286127074377922
0.0957097025725957
-0.11022983446623
-0.30746173386546
-0.840450992404447
-0.537483198963632
1.75649013587081
-0.365240543804585
-1.68209712261555
-0.63309244808905
0.481767825773129
0.254418718471071
-0.509660495414887
-1.84996025017487
0.284607275112343
-0.362603774338775
0.616366799739769
-0.637499574431314
-1.22545238750205
-0.0996512205166468
0.745402765990844
-0.0663557149461899
-1.0717983728104
-0.778244530700597
-0.656015481688263
-1.02187988698629
-0.412919627294915
-0.180835620022751
0.531684936324428
1.45463257365983
-0.836314739519756
-0.171626084036169
0.671642362849146
0.38727570438006
1.4870713520928
0.791436346849313
0.777658809055654
1.51684831215361
-0.696650106202879
-0.118504758632628
1.32777082471323
1.22192328437872
1.34216726867322
1.50031509135262
1.09786100145977
-0.951915469582117
-0.0370484788605201
1.32854724468189
-1.25409487265137
-1.81572090018546
0.5964888514408
0.849458017223436
0.392112719698966
0.21457214998472
-0.244898393110181
0.591095401191217
0.785472521551217
0.556443322959445
0.0290663855357166
0.411332926880933
1.04063298810978
1.07553605195238
-0.280713473732652
-0.275581116812846
0.0547487565151547
1.13344341172266
0.180256188513419
0.566068577938537
0.759128142924278
0.55199739910812
0.552681976508546
2.03020596072835
0.565047905559017
-0.557096792091212
0.469714791475397
1.00746965059337
0.958701388169693
1.85207139374264
1.42244867067371
0.855635534804933
-1.05179880301656
0.671013137340446
1.11905933036084
1.4949461352715
1.04264483821243
-0.414903021676554
0.501579114095707
-0.995732161509454
-1.04533031820733
-0.256208947550707
1.43206756736992
1.49177867002073
1.95390019946577
1.10912578421418
0.720041397253917
0.883462495558202
0.552077948759524
1.71447811385369
1.17661110142914
1.58713105761402
1.35144710928717
1.49286554952226
1.48136703665637
1.75978308978634
0.574436100691645
1.49097953422511
0.419050962497378
1.70186764282994
1.03392417822755
2.0339802859808
-0.293589946161466
0.0314596608596243
0.730236146036021
2.05470937845476
-0.266936706449609
0.484511120533142
-0.842253300096251
1.23420419035499
1.45863905487534
0.148834398018917
0.0415815862318175
0.533452571976687
1.28655162142597
0.59790908395542
-0.545571743221903
0.302682921087509
0.569567264493327
0.580387664523181
0.768631975093268
-0.643342041377068
0.92002792502984
0.734241480419114
-0.083696877649028
-0.155022536839702
0.7286022357498
0.570545893607993
-0.416684283900435
-1.17457141889316
-0.751207295091488
-2.31212556078216
-2.98941995290186
-0.21628295891127
0.110456792985253
-0.977853280112613
0.17699034222208
-1.30485821585306
-0.843530675892812
-2.11664189140116
-0.478143935627232
-1.64094518294052
-1.11982179587608
-0.134545302962451
0.189658508598105
-0.359860136912764
-0.301617292448552
1.21972881114937
-0.570281121877136
-2.05405668320007
-0.994260492452991
-0.833070582005654
-0.903131786886622
0.0184800396474299
-0.598022309880191
-1.12175307930025
-1.08921094613282
-1.37386216939108
-3.1666072176782
-1.22899403081213
-0.334837647792438
-0.46018333838535
-2.15169604481597
-1.39475652690443
-0.620561229966213
-0.97119938057211
-0.846484845065538
-1.22143124519599
-1.52719588498997
-1.15843193413332
-1.01513201730172
-1.50886242869806
-1.89092691675785
