-0.251970925899371
-0.237021526468151
0.32957650231141
1.80480198026978
0.996622156664756
-0.122588446989848
0.358683275173288
0.933985022405881
1.44112926424874
0.820364385914373
0.982225106289548
1.67128042587845
-0.700621484486041
-0.467027303626873
0.393634736361562
0.753966028172346
0.29257733921235
1.60916072869351
0.810828623295886
-0.129024563371464
0.681801847030755
0.450723548033392
0.420620727617878
-0.596713396471576
-0.28481599442648
-1.09774021670956
-0.576350798508109
-0.310416119827917
-0.728005999172671
-0.0803138977973211
1.33805789408858
1.04751192853892
-0.600299530925716
0.463409003562382
0.0488029276838482
0.129250280000715
0.389685929560744
0.721889151359684
2.61430364153006
0.656147384991798
1.1176018357809
2.13926900892615
1.52902194663659
1.17506687357599
0.520675196706136
1.31247751766531
1.15247536712169
1.76104112884504
1.39559485887668
0.424418447866563
-0.828311694778467
0.548529675058252
0.704610618532312
1.7720798469264
1.57757345871173
1.43765538743773
1.75890930738456
1.58548076568835
-0.180268665198284
1.29867559935617
0.755596279402694
1.40868910883574
1.4318570219067
1.918656924486
1.46641050200223
1.56984142014406
1.97679086618606
0.495729653836046
-0.326098376884785
0.585567480451203
-0.0613641422717212
0.208305826261606
1.49384114864274
2.22253249258042
1.31834804039152
0.304705507861738
1.08373776154891
-0.526664341890984
1.35459713327192
-0.178696136282791
-0.336771050304526
-0.86259189221671
0.139866927273061
0.743000097014552
0.106729336189824
-0.560262019775882
0.962003083216849
0.0127823435610008
-1.3907688892579
-1.25854986075249
-0.996143200934217
-1.48665623952982
-1.32098480606083
-1.60929204575338
-1.04430154656119
0.419207938595898
-0.0928276315726335
0.278818908015749
0.12768321197154
-1.7124179251579
-0.156261781563961
-1.1053897447085
0.287728657317226
0.563765776867941
-1.42058821874574
-1.69345701178344
-1.051506320822
0.394192517792109
-1.80288138575666
-0.341940419428191
-1.4798486769371
-0.889283382304981
-1.41356944672598
-1.11159531309092
-1.63703072340529
-1.81140987669507
-1.0902611859574
-1.68419452498057
-1.6096498143709
-1.82911095576646
-1.34826254903291
-1.86916370722653
-0.63906948013247
2.87735007675853
0.345206477727325
-0.909148624165872
-0.347973389603899
0.283099728355121
0.212387744739761
-0.759249562780206
-0.804865469325798
-1.19932514102986
-0.543357529922516
-0.231091288254802
2.70516409757826
-0.338508849471031
-0.955338739351877
-0.28516390999356
-1.02239623805568
-1.10542687554466
-0.180701322999168
0.531196753762638
-0.476575746340381
0.664027810106413
-0.464254454379987
-0.0220034466602258
0.420569603046878
0.463744474608435
0.361759676070862
1.00964063705922
0.546065279014021
-1.43265857614279
-0.198797032889066
-1.01422357729061
-0.399982554494399
-1.5302956750599
-0.896137927864921
-0.699995443454611
-0.593061803762727
0.51163895663398
-0.940898988094283
-0.164628569431953
0.265399663714727
-0.823914402830895
-0.72475023862844
-0.445224661282127
-0.05846441328895
0.0520267666924741
-0.0240587250001605
-1.17956090260836
-1.37065898188352
-0.825973684967453
-1.43661364396636
-0.271510643738948
-1.23189965494026
-0.323319818203374
0.296308149465283
-0.238266658951788
0.432167869508916
-0.422475766794783
0.405080947831903
-0.657185770418125
-0.775466296450397
-0.75185811513539
-0.889607717501453
-1.02092087224712
-0.400743592111336
0.268505589046073
0.209606807055161
-0.818766716183538
0.648180022665941
-0.457541057364504
-1.68722788970615
-0.409867880898583
-1.42138913295846
0.350939195135711
0.75603604007823
-0.207920539482803
-0.367716766981563
0.537418882348629
0.119392536169816
0.146006645031396
0.306361080195147
0.231315421228666
0.355970216141779
0.350469894691992
-0.188329559894862
0.254758749385593
0.29401755172699
0.300454692809769
-1.0032802693805
-0.652085011510599
-0.972435371021896
