-0.240221118758172
0.100094467787056
-0.812675992330697
-0.445035853062035
-0.763156399636313
-0.204776238048368
-0.497918798893778
-0.564150159716389
-0.878275958847919
0.228380200677172
-1.10353177345035
-0.080424864934274
-0.114259420043219
-0.1206183299914
0.306413146409139
0.511326843716436
1.20666943879033
-1.26211694886319
-0.384399025118207
-0.0232703846700218
0.589671405379661
0.253554076927637
0.439152027442652
-0.719304781118811
0.290280994254761
-0.834831247465042
-0.902336070400207
-0.229313847292823
-0.188433592388549
-0.622556335378143
-0.0221670388666402
-0.892272248496666
-0.154728742829797
0.394689244176654
-0.14751981199331
-0.327635854744133
0.149174378954884
-0.020625402808909
1.2262122656197
-0.182051594376286
1.5833713311306
1.38522057213252
-0.971269954347924
0.589893496708788
0.972130920744622
1.26496678137095
0.399074291326656
0.604837363810768
0.0158771633279346
-0.521703917460015
-1.54993844985622
-0.0643390344597302
-0.580077319377631
-1.00897593563742
-1.12118317473567
-0.147176297584245
1.50460695751606
0.534241331737099
-0.387850245025944
0.461116297038535
0.575288589973373
1.98075633617021
-1.02781679979017
-0.661305874414474
0.896895821284692
-1.38047743879886
2.13941403813565
1.7444492685313
0.354086745363804
1.24297187885478
-0.605751160212222
0.76512777900821
1.80961213956659
-1.11663793884981
0.563338148930619
1.56587827492643
1.95127363882574
1.12962152174246
-0.0653992523139031
1.43801892037642
1.41783079030936
0.808851773947518
1.90831976533841
1.16506510298207
1.16254052080522
1.33305286486915
-0.0887260856951502
-2.53225421441768
-2.12051425578412
-1.52993849083601
-1.79186296375755
-1.76730663270747
-1.07914344970636
-0.0766732098601455
-2.1644202347958
-0.418475440808438
0.775504110801051
0.217274350396669
-1.35139369926965
-1.43437995463742
-1.69025372041481
0.0195790696985687
-0.0466073438329868
0.724583225298165
0.550021271839608
-1.84096000543829
-0.498916619882294
0.836021312443232
-0.867070250728574
-0.964807136106869
0.393672584184843
-1.67614586947022
-0.69021129851952
-0.776900539241918
1.50254266754679
1.13900796970308
0.788657335467748
-1.55463717598254
0.479950501525556
-1.50593793392001
-2.07904170722802
-0.255462834942131
0.549912236923969
1.30601119400571
0.988216553811808
0.869078879629155
1.24366369611869
0.822084095908602
0.233535277400564
1.85135349321279
1.46501837345799
1.04301217353306
0.920795200731256
1.04407947789247
1.19149553580218
1.58842362766674
-0.151736395677136
0.73582186285752
1.8410815347473
0.260377108032737
-0.204100246993876
0.422377325433551
-1.11971212569419
0.262089388837166
0.733830050796641
1.88918060118127
-1.00207657686618
-0.366737478959
-0.408936468319513
0.117924958310948
0.494986462389069
0.477052507761588
0.367338182891969
0.0884614157689148
0.829826563528631
0.585887388508121
0.526524525250078
0.338272459976601
0.615545932289123
1.03741650993225
0.845447022512606
0.605211385806839
0.663792668164145
0.898715864008926
-0.138692108851595
0.214240360149196
0.45215783578088
0.946430383705375
-1.68194851874566
0.0988179012938145
0.610352069360055
-0.230835586873017
-0.561444850198556
0.853600494118251
0.292798866999306
-0.0149789103844072
0.0344761232424314
-1.58959846804165
-0.0688254309639121
0.150930202368925
0.101569271353954
0.0061412852704629
-0.689088619759123
-0.245793886151694
-0.00201939898835097
-0.119913343588251
0.676901750984194
0.760582800564201
-0.13119549292093
-0.209541423718579
-0.703780604439189
0.370761843561655
0.299404809622008
0.504422883144155
0.153928593764494
0.27161141986667
-0.25359108725142
-0.0182969537041745
-2.1435311114714
-1.39715575735575
0.0648736233216839
-1.50299469197721
-1.08680243621356
-1.5831210036398
-1.83294681820934
0.0762429876283082
-2.10128440715481
-1.5740390216821
-1.98528194217357
-1.75977205820712
-1.11297759412012
-1.14705336474959
-1.19389447759225
