-0.547851692542957
-0.804357954278693
-0.56517886735221
-0.765456807822918
-0.964490110423166
-0.855408415192553
-0.716210547716247
-0.781319740491965
-0.742870588178405
-0.147692167035827
-0.832035922057273
-0.58351371349039
-0.501019828682611
-0.219116796414126
-0.157025029926712
0.172155445401063
-0.110453629640952
-0.612718737881472
-0.634647679989373
-0.787470446441535
-0.773535331639236
-0.561408015031983
-0.0959948047819901
-1.03152017862318
-1.03020392314902
-0.764008935072715
-0.60938412681738
-1.04132288709074
-1.04942467277131
-0.85497151542761
-0.760058408117294
-0.792797508025738
-0.875026109671552
-0.540477037142066
-1.10272460647907
-1.04646810023396
-1.94177178047733
-0.849325765099187
-0.0553085683880981
-0.590140860460648
-0.880622201901487
-0.382615620248777
-0.410460187440627
-0.461209210181601
-0.69383790915525
-0.89453656493393
-0.921089867278074
-0.79313957387461
-0.356555244394782
-1.02071148727399
-1.08387227475933
0.171073243268579
0.141124025313999
-0.530428742578814
-1.09615629334563
-0.774200152185993
-0.160935013549002
-0.0815870344556291
-0.795413515032236
-0.894796655819859
-0.462134658174714
-0.272464919721644
-0.818241162529646
-0.668551152941205
-0.725701670789492
-0.537469455396302
-0.138285339643423
-0.627660436742022
-0.150645994365547
-0.406825835985864
-0.740527045605463
-0.596150597730196
-0.19859882980941
-0.853740201367743
-0.274538676494243
-0.360909108054781
-0.146568052714366
-0.954662995169134
-0.745091201607174
0.142529440224807
-0.76150371490538
-0.477818643249576
-0.445562622829304
-0.0747341934645474
0.276587940377634
-0.408497952446653
-0.668370058231929
2.159671781995
1.87586983033242
1.28774886267828
2.31482158788256
2.29888278675115
1.82386270166813
1.85613414020799
2.25537509666371
2.54082529293248
1.51699436573436
1.42497639159612
1.89463233123568
2.13956498258112
2.13823500763714
2.01250216274398
2.08268629956933
1.10412026235443
2.01750612934089
2.50789585109418
1.44656926638133
0.762293223212223
1.38567652113503
1.48437288585276
1.63266996307836
1.7170155897532
1.54692817876632
1.79334695708982
1.74787905150361
1.953018130674
1.68225542303303
2.23065543841021
1.78475150887745
2.53002392221618
2.73607854399831
2.40731305851002
0.649460389832481
-0.502713600117588
0.0728674514307668
0.00619478889956744
-0.130271096038674
0.542929465883049
0.958978238811615
0.406939536918783
0.0869761739971275
1.04599985467842
1.14387472115561
0.473275618822701
0.562794487346675
0.458473519048951
-0.202967855604795
0.821999951833009
0.427761428585971
0.651511657071395
-0.434070540596014
-0.352455741103537
0.478251325677003
0.888624009409793
-0.561424317355668
0.443996311454005
-0.20462812276156
0.0727215959979969
-0.32922940944898
1.00843321297179
0.253051915547958
-0.0761775849267074
-0.263317857465844
0.577913888228457
0.206890555792675
-0.635152263485457
-0.252901164693935
-0.0859222074338926
-0.0364383771624514
0.205809017543148
0.953263477196286
0.905494120568717
0.832041395140121
0.563089060781118
-0.00790960673998382
-0.640643739874058
0.0719934980929058
0.189395050959835
0.0703487256028178
-0.36578558490618
0.0691621510947066
-0.660919427556811
-1.49537322817106
-0.20954631043692
-0.188621861795556
-0.533395813959782
-0.337585345586015
-0.845206714301437
-0.97843340319082
0.14859109580765
-0.660611763903567
-0.190499394718863
0.0789232400387059
-0.459031549841904
-0.627325778096937
0.6513225155786
-0.438909806226243
-0.632327593520229
-0.560042984728255
-1.41987720080066
-0.770452153433761
-0.956991315842777
-0.480133727910423
-0.337036095644984
-0.344654202225361
-0.625485738566357
-0.819638447116422
0.4470852584393
-0.71809643656247
-0.680094426470498
-0.913079654990826
-0.941893105862067
-0.732446615153742
-0.927097184776704
-0.593593999205912
0.180981438273818
-1.07816301735048
-0.48342768230648
-0.966897826097794
-0.917569967758373
-1.24909488673221
-1.23483852122737
-1.07150763636614
