-1.73468744281028
-0.269541235368193
-0.150285036538768
-1.43308882899415
-0.537533979033734
0.0906696298004358
0.725901924090303
0.546727073922393
-0.676091235642161
-1.06179330011717
-0.342224296802936
-0.488565082523757
0.474178083277397
-0.295993616441333
0.909454952754005
-0.957364207262284
0.807967158220696
-0.959119222220101
-1.23359282070437
-0.585882188632091
-0.813602859196998
-0.534313693007175
0.0706490781023775
-0.281358908495239
0.738350912130768
-0.20001489356978
-0.56001062097999
-0.278777532984598
-0.80628703199702
-0.274883244524161
-0.562212921057878
-1.2816528056852
-0.891520950842073
-0.340700043000424
-1.05025377626934
-1.73419549482359
-1.13759824376657
-1.04261467727001
2.24553514464831
1.35673711781426
-1.43154766840535
-1.4306044364669
0.440695310155295
1.0296960408607
-0.330254692256257
-1.747728363832
-0.388361982204463
-3.62077615190215
0.0408309035656401
-0.290478334407835
0.740155705662497
1.02438370624008
0.144492588124169
-1.81169149414534
-0.994132948047431
-0.973893216386389
-0.521469118119299
-1.06807154408438
-0.381220484772778
-1.23170402610441
-1.19825272832665
-1.13185122921441
-0.575278927738664
-0.183333690090037
-1.38444789206862
-0.418115009179953
-1.57927363714385
0.215814485283036
0.328516909921671
-1.26431119752637
0.523783291812291
-0.219062468907714
-0.585748034580054
1.03236512274962
-0.0660398036828419
-0.487241239615577
-1.30523659356957
-1.13342842103313
0.689260181639341
-0.244075540886964
0.578271260534636
1.00831500910118
0.669730383325419
1.8010739233973
-0.291848482756392
-0.00572021330223503
0.109606224695118
3.47800185565518
0.669351024797695
0.067974511414832
2.34576097022165
1.06548234669923
-1.71441527356142
-1.75369020582199
2.06274272143804
-0.403410996140058
0.914084578861386
0.565519223929421
0.472334527076911
0.260749710950954
-1.64925191732914
-1.44550631332658
-1.16890222921525
0.81901521228136
0.0775882605955636
1.29681681608816
-0.453633792823926
-0.545287666677197
0.442321205739659
-0.332109532184075
1.12160619600544
-1.77057852429262
0.911030568179438
0.0681425291427014
-1.13435847359366
-0.927801517075012
0.264530403978586
1.12945907286669
0.377088120343853
0.588781137289017
1.30153458423442
0.478492420702064
-0.270839685629998
0.731790257257385
1.06868573549263
0.469824887735951
0.149322300122071
0.893321720758016
-1.18052048482793
-0.499717696092879
0.00615818344864283
-0.620566267931487
-0.212041551136946
3.29732032361615
-0.0820305790975138
0.861074161609057
-0.436376193800362
0.125205033748203
0.801488005312442
0.103027557784621
-0.500054704101581
0.225039611867281
0.153025823681956
-0.971493588634332
-0.0270228660724613
-0.54620769053915
0.490083149248526
0.228447763087615
0.116022304387495
-0.303787701210996
0.602095221523712
0.357429606762007
0.286354013152276
-0.322061493662946
0.185864710220748
0.620654436632594
0.311521284947375
0.488002852332136
0.15146245849539
-0.0754842325853441
0.57775352681076
0.536715210566023
0.20144070345837
0.0206840694387117
0.0120086696160491
-0.276070752830805
0.234111167642416
1.12978675426683
-2.61695122536302
0.893597077725956
0.489444781958664
-0.837756181823089
-2.68677814246333
0.299116782219433
0.0338452449436334
0.352330876783611
1.32507397733832
0.943537063592498
1.38761446462084
1.31486545059162
0.932170276840108
1.15596931720345
0.0758318660820156
1.40395698075598
0.809068206471453
1.77920915298411
1.40414479970367
1.86137240209556
0.754720194856004
0.503047089038982
0.945039479668105
1.16381578403277
-0.162211170542226
1.01684971563907
0.49854596396223
0.263075485559617
0.252674995274894
0.345199397135469
-1.15161675628085
0.116970612512993
1.73905494528246
-0.902783003258594
0.278427705545121
-0.272910428730381
0.224906706401645
2.1289164282535
-0.328578019124522
-0.922833896174455
-0.629085702764491
-0.947676124758632
0.385267935608752
0.549421413718569
-0.291011856947003
