1.55232704959956
1.32256708946576
1.31762952701841
1.23925830730018
1.35562642424642
0.830701200093121
0.746453672258128
0.967564660602412
1.14255889756595
1.42838128504652
1.18970547581937
1.58480034846678
1.0725685048591
1.28242420225743
0.88215149908407
1.80162193690118
1.1380463981323
1.2120771884494
1.81004418600139
0.892877258647814
0.672555465595232
0.43731767736715
0.496620230155502
0.634542644917984
1.07328548234015
0.647180910882282
0.590023193552113
0.849062777410136
0.868168940690763
0.773107221568781
1.315671317281
1.15055398727478
0.799700581976942
0.947335203181825
1.12259218773079
0.538094154945004
0.682229650294672
0.294470118044525
1.77968246295037
0.896986200350318
-0.291525176381266
-0.14375401684291
1.71582730829749
1.47045337840178
0.305293077282341
-0.44359939987624
0.800865699967555
0.382743033098035
1.30831660458994
0.827475446973139
0.893695199402023
0.752210678344136
1.30863174784175
0.887653436701943
-0.0639610517841608
0.477281671733761
0.832410725461321
0.757149707217614
0.459634943950927
0.629455126984651
0.750042681053772
0.566813875330381
1.14037008651384
1.31692155708374
0.788156321863693
1.41244122546611
0.551778151063052
0.607006957793352
1.20355195002843
0.724250069152811
1.09232491046222
2.08337590173787
0.698628444782154
0.764538909266429
0.376843066448064
0.613255266038246
0.607140073040376
0.973227297746018
0.618882835610367
1.1428439567318
0.969006571229131
0.271206742108552
0.496419692836661
-0.298318375842879
0.331667669317747
1.49796660810419
0.43666491812586
0.155704348278964
-1.2022692858432
-0.935390119476232
-0.832565142360053
-0.611845320733345
-0.992826189775915
-0.47246969223583
-0.105168079740837
-0.606313539212337
-0.625921261404102
-0.0582398347183017
0.103250680104094
-0.866650058397722
0.382788782595224
-1.11067681784668
0.298987302471664
0.919596750638516
-0.725633241141847
-1.07555317412189
-1.24184232398515
-0.205912301449516
0.00667207861784675
0.0686954286888856
0.534519153166196
-0.805877748729966
-1.03356001737405
-0.574161315535306
0.0674197748362318
-0.312123467952727
-1.17919520711406
-1.22718255171025
-1.0785608471798
-1.57092775404842
-1.39704612554877
-0.872376486792703
0.337644295667144
2.28706959895154
0.466718318889884
-0.269874069781774
0.31252487744543
0.669381319075469
0.640439635572095
0.266097657969494
0.212579767457011
-0.172606862646536
0.0802493922662413
1.21668165460001
0.955021461412619
0.745167195738356
-0.395893342081159
0.837811031765324
-1.30006489255352
-0.3194322742527
0.0139799193817199
0.548445616992248
-0.690410396571174
-0.934430208704846
-0.405792246808592
0.246432270297603
-0.904091258366879
-0.921684503927456
-0.941173844870606
-0.172630021973203
0.484058140894639
-1.1180483078228
-0.424014513739171
-0.86692983223487
0.214182266753952
-0.732245112406229
-1.64617813477386
-0.485762002468037
-0.146100136361604
0.786545475189154
-0.407864023788687
1.29287875006005
-1.20096155331479
-0.799343450823374
-1.07993852036067
-0.413154025786664
-0.255845522649459
-0.370910669294566
-0.520196351160527
-1.67784050201021
-1.0449981698437
-0.98023472592414
-1.65749637834823
-1.44662730855253
-1.02887704042725
-1.42445149621653
-0.997963819025545
-0.832442593167112
-1.74659678849537
-0.699210339729109
-1.51560031193196
-1.26013543635861
-1.84130530598269
-1.37957577061276
-0.925330491139159
-1.7052049551462
-0.806468542636391
0.33071374354692
-1.17486948499551
-1.35222570200642
-1.41229511295414
-0.675458085286117
-1.13528053352223
-0.854279987468049
-0.75395522897123
-0.449334835404178
-0.467963645494058
-0.939698528673183
-0.916107031643953
-1.62938788105115
-1.06345932417595
-1.6800338101636
-1.58445906538011
-1.87453670087547
-1.1461215322368
0.341697904770143
-2.80368482549472
-1.39179724174878
-1.44154466859626
-1.58774855134333
-0.963836121162113
-0.955977992864833
-0.925505767863813
