-0.15118260544074
-0.384978810846695
-0.596262373831187
-1.58710541855115
-0.643000130450012
0.0195821746642392
-0.0780035247948464
-0.276270301480394
0.189156041007431
0.40573692226775
-0.794007375971231
-0.0492354213088106
0.198299827154274
-0.207178399862758
-0.209405337272182
-0.673174411044126
0.0262639027029327
-0.500640473909985
-0.590828433812916
-0.0166431963373775
-1.14465822693428
-0.455862861294394
0.502523406854427
0.191862528846352
0.174890811316701
0.238717083139928
-0.0242269351893077
0.0930534156876152
0.180368330817551
-0.331305310894671
-0.329417199939648
-1.148535615925
-0.291237587323735
-0.840647323128877
-0.085274092965599
-0.786500990031305
-0.100455029618942
-0.890871236548329
0.518893810304666
0.145128343501124
-3.27664997478885
-3.21826721714763
0.759985222364492
1.10078013560773
-2.24766922416232
-3.10796462073953
-0.755713633073511
-2.09965384697089
0.217391687215982
-0.482576601949475
0.3545884316264
0.970645131145516
-0.843911165023487
-0.571801672925758
-0.957032781702035
-1.38532832946714
-0.318444432974763
-0.760088501087296
0.758605951928183
-0.378431152274334
-0.621826642985438
-0.563564433428384
-2.54906075366644
-1.21688057168758
-0.444571546789668
-1.10905571730997
-0.802365840387394
0.424656928587417
-2.08855019243752
-0.160044570960107
-2.67946443201592
0.142470441058617
-0.882431918533884
-0.898211736285215
-0.731699446347898
-0.928955279361097
-1.69688913596776
-2.10318894970333
-0.128501084874315
-0.876796248532815
0.265865297318785
-0.0898967321312554
1.02013796923839
0.943394457819182
0.252163084158207
0.0174850434325243
0.303117327154884
0.23587741704538
-1.84787999600179
-1.57502691490259
-0.0585664794348506
-0.0372331474749605
-1.27883201130396
-0.908226270070172
0.546996078178358
0.451396752160874
0.601693361458199
0.946042525096464
-0.764875265476413
-0.292675731003948
-1.04859551925295
-0.181153487721846
-0.78637339774441
1.60598727820004
0.118758852055193
-0.0115997129279534
0.964000033613558
0.377942768593171
-1.65389314356119
-1.01004749192564
-1.330828444251
-2.21115356393175
1.16962571664637
-1.01044443373156
-1.33079178913149
-0.943067598318091
-0.385079912593086
0.470936733410487
-0.333452626824042
0.841857445029483
1.00142632020084
-1.0292352687886
-0.0833130567759371
-0.15283687665931
0.118986926586709
0.309789189258867
0.19318387883799
-0.59312184589373
0.241092707634526
-0.375686289771034
-0.207999032927346
0.325647795236379
0.0565431696924474
-0.549651014299056
-0.735244550704298
-0.579796159681782
-1.21070746458443
-0.673148039044199
1.16887681954527
0.490487297330074
-0.300394627839705
0.635514186983239
1.23446733194403
0.00817731190604651
0.697334809217356
2.04040658180031
1.35920706812727
-0.0459218893793156
1.10443485755705
0.667732482658294
0.293696864998822
0.891955056411596
0.850327005360587
1.13187836511916
0.864055347530367
0.81649921320219
1.7517267682092
0.913027234332102
1.01106347070549
0.366690384728534
1.01359100155408
0.937902787205815
0.836680576037455
0.685023557542998
0.684966295807796
0.729419060433382
0.849729503549977
1.03872392309716
1.4387451725314
0.909345805124554
0.890457351357687
0.926281992135894
0.6753613045787
1.13905331273355
1.54635674616551
1.18540690236265
1.32255045207938
0.208773625562696
1.1511510756913
0.136144339769709
1.04290876220267
1.57336878840651
0.831809503282925
1.08581292312509
1.01619619358345
1.12231750235855
1.63562833558917
0.949088485712276
1.04608147465927
0.87272689692411
0.962505572660693
1.26233779820677
1.08329702310563
1.28780732848915
0.663183617834425
1.29230488192001
1.05987743255836
1.44075963049886
0.348523400841782
1.19631204083589
1.94121542454224
-0.484200509794109
-0.649240583088944
-0.61676592395848
0.332306435332205
-0.184439737959784
-1.48160778666711
-0.887051728180746
-0.121906351836092
-0.287811384815849
1.09988091662343
0.458921943409939
1.21032986108632
