0.50751753891224
0.626157247110491
1.18016966271136
1.23067054926547
1.1203143158696
1.18747709347967
1.2152889532503
1.21246632285037
1.20551457008648
0.172994295205752
0.925138908489426
0.716200492402282
0.769911547603235
0.317001384764148
0.846217624791713
0.326918748977479
0.440384705547536
1.02411669257737
0.597406698083383
1.07161682530743
0.649241244679615
0.799950380312773
0.815368105202209
0.600542608984461
0.823037427666044
0.521052364768196
0.055014774323129
0.851865098372282
0.762423233158922
1.00475937631935
1.30082688354663
1.14574625503557
1.07712316867638
1.07281095994902
1.30871501059652
0.877141510185772
0.842967540442098
0.748945956276172
0.0741961585123283
-0.312103588441804
0.306908404038617
0.601130951284053
0.388576768319797
0.526451118043092
0.54427369045692
0.251311520703452
0.616434611274581
0.985806187071406
-0.0275103277055535
0.400190243510597
-0.208150639672397
0.575413914682879
0.0969659088051364
1.66891604003332
1.21154328784906
-0.323693401652157
0.741218064613485
0.134735507077976
0.820075168844932
1.40652960452409
0.731729975766476
0.690913945466626
0.753393255811909
1.18891168626009
0.645916874005926
0.490746008069789
1.45716996448713
0.613952655259977
0.15271423562367
-0.379975175040014
-0.709624196893867
-0.305040639819941
-0.36396038869739
0.209358797043225
0.00712212699335684
-2.39954151971759
0.830877681818229
-1.27360938695839
-1.13445675412326
-1.83791179886527
-0.16067029683381
-0.174729716512813
0.391501561282643
0.0191715629681717
-0.449930136983309
-0.327307162080829
-1.05897670650731
-2.04331355446424
0.379419968593996
0.0138997700946621
-0.44793057868502
1.27059708542918
1.59047456339243
1.52329543672209
1.16985706993585
1.49328333729494
-0.0937335947791804
0.686231553508487
1.32808893019377
1.24582255046005
1.01212823749369
0.965261544225324
0.944816691986563
0.753336565106001
1.36243871354748
1.5325283928445
0.709606676687866
0.144800058163807
0.745777646285235
1.64899672863446
0.820888400906036
1.6937595086404
0.603410618892396
0.930660676494558
1.20352804101233
1.04979989425457
1.07125059944317
0.893725594168961
0.514015485352445
1.32795420058184
1.45720291790852
1.25345555594114
-0.428081130831518
-0.555356892694845
-0.782803288815281
-0.201715586809285
-0.300652053375516
-0.546408846004962
-0.259944723164884
-1.06921441530968
-0.491112741522803
-0.369647863924283
-0.335952841607114
-0.459329806878535
0.182778561809739
-0.594726614622619
-0.765179859169598
-0.26517037131045
-0.642326535111523
-0.413827593375256
-1.29616276078712
-1.43707195897412
1.17034678182607
-1.11344190071454
-0.93693036572848
-0.232010619641246
-0.477423273311202
-0.843182885311017
-0.363698840449998
-1.2075883940497
-0.788664110152902
-0.0634428246284099
-0.548583802647355
1.01624563762179
-0.365273110202265
-0.540935134632222
-0.195498992167278
-0.684293153270769
-0.477068769986632
0.390504947993773
-0.979974118043403
-0.340593898498751
-0.43594716552243
-0.50353308931649
-1.30944727091357
-0.649400207913961
-0.488824281031128
-1.25426731549756
-1.10751317240697
-1.14356507527703
-0.997909895553433
-1.76431932911342
-3.75267261197668
-0.57519977882338
-1.13756021819151
-0.586679225784209
0.462815773609024
-1.54546181286097
-0.545356283837129
-1.56945619937201
-0.83450791595827
0.293125039217077
-1.7209887979935
-2.69315459666001
-1.29174427708938
-0.469146980934945
-0.582133767615139
-0.778674239645749
-0.540718119722666
-0.720242507291972
-1.50145204053827
-0.970860620551961
-2.67522912677491
-0.0477208998604642
-1.35911866095783
-1.33508864581186
-1.5883131479424
-0.465732581242171
-1.77849965959186
-1.20038040925905
-0.62392274944558
-0.538913033694206
-0.701848819251697
-0.462430065532606
-2.17076432808278
-0.605846685498483
-2.74926537062102
-0.678382029235047
-1.25763595911493
-0.385741198628266
-0.473296555738753
-0.333353704755217
-0.033623241965468
