1.66618081888571
1.20048461778363
1.87771405454563
1.85679911974362
1.75833878462151
1.57120962343789
1.23981700578977
1.30012661151519
1.14833621667164
1.72413211630665
1.65178095646062
1.85603567594597
1.66717873908746
1.7365262769531
1.60659130536516
1.76989858657409
1.82057728478598
0.764693120924792
1.84418016081407
1.20552764402317
0.514527886665504
0.307510695471976
0.556365147175624
1.21339517270116
1.64465814233518
1.36537831086739
1.23658508581005
1.25917074844784
1.32850814438093
1.45366958735024
1.28457959178218
1.5305852487807
1.32319315180301
1.05453902669514
1.49085455629516
0.885879780930372
0.932865557804662
-0.262101231091594
1.00572257451123
1.40825433429129
0.436505374962256
0.966358924736914
1.74847721087453
0.898422957709873
-0.21554889060833
1.48048435510712
1.66386846365943
1.59300330451218
1.87493245757864
0.843732078671883
0.225026966381512
0.32694155877023
0.114956479364996
1.86749592937863
1.20416323373531
0.98136296253901
0.617443056954424
1.05780956631758
0.973607952024259
1.50762467630184
1.77918924307893
1.17435006744789
0.440530362961536
1.34831538510672
1.77225107356005
1.35967672493576
0.866195550944777
-0.313078188757798
0.390980108484232
0.339841034657951
-0.487907985807535
-0.853603416138715
1.50120225408603
-0.332046888997963
0.432774884328332
-0.571625892283778
0.0104881293888264
-0.407958003220768
-1.01841188841639
-0.331463589606593
-1.45609284875723
-1.94633432997203
-0.113056894564722
-0.719713739369595
-0.397067742200787
-1.11675357545507
-0.618433539155609
-0.635193537751521
-1.4231867572152
-0.868896964976427
-0.49008510428587
-1.18808962934505
-2.03289951067159
-1.41845403687214
0.125169283635151
-0.304655603351659
-0.642556336771403
-0.700715515215754
-0.489026430348048
-1.47802411863776
-0.909786360627283
-1.97061651930618
-0.763501584792403
-0.45529783526047
-1.1876588968739
-0.697175827046714
-1.54698277111965
-1.09646496019602
-0.836838036598131
-1.6518855781176
-0.863309915885259
-2.04382170148872
-0.978728091821554
-1.42203693057794
-1.92872106848835
-1.76780617781159
-1.50099961005458
-0.341442004411311
-0.947797109645196
-0.909352626457589
-0.6101743063937
-1.00760269833721
0.35360281034985
-0.202370868880077
-0.463229163777991
-0.0631420614188121
-0.0418409980510951
-0.124757377538144
-0.276417764577928
0.673626150363861
0.324411263200299
-0.578287387708588
-0.961066470747264
-0.217848078763802
-0.347085231436623
0.115043788293694
-0.257230085696909
-0.882159745684419
-1.29982524946853
-0.268886673788888
-0.0520389504706477
-0.204260754488609
-0.812766459482428
-0.630773574846458
0.413671274106553
-0.678419054090192
-0.269496620942875
0.251977335804135
-0.53940942167832
-0.554835134764828
0.0149853141524084
-0.307504956321223
-0.0639772148692038
-1.09917796016762
-0.550045839394765
-0.655079588733892
-0.753729463550032
-0.423544390760959
-0.341514781483123
0.0163584422685133
-0.845808666604795
-0.774668756329404
-0.770887933350963
-0.127683436190791
-0.551478708171891
-0.775071792610825
-0.455986548734568
-0.265080525817289
-1.37955646103761
-0.437701866325415
-0.438147944563251
-1.41423889948926
-1.1731735288256
-0.517454171253107
-0.200941414474651
-1.09678518978582
-0.650490535300466
-0.580559862043638
-0.226341405758984
-0.594165013533346
-0.179500994763137
-0.157591424039555
-0.877122698066064
-0.777843327992108
-0.0420601141532377
-0.560567677165012
0.0743154172145938
0.0189202315224299
-0.222963670843725
0.0175335208364863
-0.442022153606287
-0.0561007400515518
-0.457403971435224
0.13996881189266
0.0219642288633762
-0.29064859830063
-1.13442589930121
-0.160508334170298
-0.211449876956005
0.175469671873185
0.22954472529754
-0.680586047286162
-0.141647681413621
-0.689428474142101
-0.541729443649381
-0.0178087135304595
-0.49854478272971
-0.288556248280766
-1.07067133348245
-1.07301218153101
-0.0087397337000265
-0.848117648060434
-0.929967508977307
