1.23675443436649
0.735357753269693
1.31249295266727
1.00853767438059
1.26518677130221
1.10654873233306
1.24159751491286
1.43247965704275
1.20139107193921
0.378250041484795
1.16327293661811
1.31930848510665
1.24672491749695
0.92830936551495
1.32577609248451
1.07198216028394
0.867401050744093
0.761462902811571
1.48350021947035
1.31701099592367
0.912500894634938
1.04385660436204
0.476199278914375
1.04812338179754
1.30544640594789
1.03020195621803
0.94505181575355
1.17281619328582
1.15868050102079
1.15971320826934
1.25284319632091
1.38572581190013
1.10258390088029
1.43716045753355
1.00875254717628
1.00108266273637
1.1719278960596
1.31258468933189
1.31933704185229
0.598061111133008
0.0195951123287809
-0.0175427939169168
1.13331387971452
0.249864622542157
0.329322872741629
-0.0825597311736302
0.645052427351004
0.388898326643137
0.580619032813714
0.692890966262652
0.598449235767878
1.35679057739773
1.58494233566487
1.07469052478825
1.0267386631707
0.800196433037635
0.563652407757243
0.408032262212076
0.59526838859054
0.659673850422311
0.496396111144272
0.238274276999302
1.06483287087032
0.886958293924219
0.0303320883418942
1.15411991672527
1.2419408046687
0.144127120330489
1.02921458802431
0.0175407636226919
0.971094112786141
0.294452327200721
-0.0804480368874029
0.209326913621687
0.2058816959177
-0.0793486755035493
0.0827895786560856
0.544212716968309
-0.201089417574176
0.16670743186547
-0.701512490736401
-1.54298031483116
0.51881009954708
-0.927824519462477
0.365542601227799
0.478047960403013
-0.883284634791808
0.306610150284962
-0.124007980659057
-0.0557683082762363
1.52871242427495
0.458277070891179
-0.0978114032557316
-0.00625320769449923
0.44171693786589
0.738548750895566
-0.331074835117066
1.33262802406362
0.800511474226471
0.500122128484671
-0.153311209238173
-0.744502298066326
-0.383769522410135
2.31114938038559
0.621623071122257
-0.0631042652116538
-0.823462777210405
-0.167083287164101
-0.742134512774351
-0.431010718982855
-1.04855569749807
-0.504058727204004
-0.201682036330021
-0.621659015816964
-0.355140017019449
-0.704425148994163
-0.353474802749814
-0.129824256844487
-0.328296731393085
-0.0803781147240211
0.0905948822811802
0.0790624250668532
-0.445180987533151
-1.27042634982788
-0.311357406848043
-0.382628295574428
0.239746465624622
-0.771742915962423
0.144792301270333
-0.831461771946529
-0.493892399356416
-0.538407178795415
-0.029881182028745
-1.35545764823534
0.296569913979904
-1.23549741296985
-0.664082757521613
-0.769564199867449
-0.297132886002618
-0.0747363532285172
-1.36473163067846
-0.285422826509667
0.390365666323426
-1.03153570054982
-0.312264352963242
0.0279318666362781
-0.00616791184606328
0.465321905890551
-0.312975727703936
-0.721847750682306
1.25691413847774
0.0116165133255325
1.25163253104668
0.394508381684992
0.109600762735298
-0.44730431127791
-0.307133610023783
-0.761908375990525
0.0442089266210316
0.447268523449902
-0.562063338093438
-0.682648184682475
-0.12618600294664
-0.673996680856202
-1.15745760320635
-1.03359524694795
-0.477105306993598
-0.588149848971837
-2.00016196928433
-0.390366933895904
-0.603109310087447
-1.99984580813706
-4.44299767593839
-0.342165137229637
-0.590632807102077
-1.09699151700869
-0.796167132998197
-0.630359532011685
-0.490522068243323
-3.21155115504258
-0.535568379374278
-0.00866148481522017
-2.73280751779857
-2.29329528302644
0.0600015786668002
-0.424235311756858
-0.205296585962873
0.0780234357780012
-0.210910515427299
-0.548097024633102
-2.73186671049106
-0.809520609567071
-0.145594480562872
-0.0770061007980071
-0.785909257092147
-1.12345762260629
-1.00781834468992
-0.178737564168709
-2.09101807238962
-2.40732883511123
-0.887887615542043
-1.62856768039378
-0.15721890670649
-0.679234364345388
-2.21666319337156
0.974606632454971
-2.00342786543825
-1.19154358213783
-1.43501675311455
-1.37736069779163
-0.796119282437778
-0.847954749089942
-1.07293665738898
