0.892979618805796
1.13051178935404
0.927504445208191
0.421458881367262
1.12820958191008
1.14165084827671
1.18140679250354
0.990142458307462
0.0515713474463485
0.335434738381712
1.15165931360292
1.0232241062023
1.01294810977127
0.573023248995986
1.55380621749055
0.782179453844497
1.4040619460623
0.592584530766013
0.479280351981794
0.72087377770106
0.204692604100513
0.388524637529061
0.588488385992702
1.49815886902914
1.12347193593522
1.34918936906654
1.52938250195546
0.909505945743165
1.38268149356015
1.35434354881843
0.305383225418814
0.881563449526788
0.789304985553316
0.743280234950369
0.619565735866435
0.465397442275868
-0.0279260312558938
-0.271707628699183
1.07910338543991
0.706907240827998
-1.69821240324047
-0.450364350326672
1.37622583371535
1.23383285767724
-0.952655174143392
-1.55508887565882
0.153707906918108
0.211417943111984
1.35958843012352
1.27598675155662
1.30002551859663
2.36685873421583
0.953471357490308
-0.0525470292713059
-1.00605770742843
-0.987623449779969
1.10619010429149
0.0516166446822212
1.97623255319814
0.357099517520243
-1.20977512797377
-0.724907254549037
0.899304415256423
1.40630034004558
-0.436494680273869
-0.279820482266633
0.874696244562379
0.145808181326241
0.212852445268176
-0.959094474005989
-0.767468675706276
-0.516482685879602
-0.0181761565035024
0.802939700832399
0.124391246044536
0.097465862743567
-0.312496808375428
-0.0526599426964037
0.266836719974947
0.27459148363202
-2.13973922027831
-1.58735032243947
0.52169082260284
-1.31348501793181
-0.168769320536792
-0.186874335086467
-0.0794447342754701
-0.341615028252092
-0.281575140005578
0.240939779028668
-0.119718798179118
-0.0417242898475904
0.813568841046912
1.59049726881802
1.53967855725585
1.01449124581786
1.95421820279403
-0.372108605964101
0.07057655685055
-0.105268649703942
-0.660507061722303
-1.15370861057942
-0.521808735654222
-0.266207938666614
1.03592446357482
-1.01257807201765
0.787775602017191
0.477070961275801
0.60217987170126
0.644975463526864
2.02953238274854
1.59603801712955
-1.11169489692415
1.04828495044233
2.01079139208914
1.19936989916543
-0.321129777327633
-1.60848696552561
0.223603610531304
-1.43722296761325
-2.12996463123291
-0.247698813589731
0.150591453416897
-0.261621674480712
-1.13620504160728
-0.397478331893886
-0.495614579141207
-1.12217238155887
-1.05402767958486
0.382662910265685
-0.560559595665545
0.12193362040018
-0.229057924033342
0.337440785103764
1.32160154125106
0.0544555003912881
-1.73282545302247
-0.626670391668301
0.0294171533820599
-1.04831899876674
-2.02575470607288
-1.34330790934149
1.79862127399639
-2.54836378047462
0.141023659161634
0.206278561968799
-0.834654825717138
-0.381310237707442
-0.363359808281525
-0.142576321038094
1.34467798947278
-0.0651427008473928
1.86407749563764
1.15875206429369
0.737651472239046
-0.202994276764315
-0.272297009301038
-0.0215478950790917
0.949885734127015
1.4508034914606
-0.414099897784468
-0.130356597718067
-0.992967854630415
-0.10956131710185
-0.22130693424705
0.0249565156471378
-0.178268318132531
0.746249916073011
-0.594727233804256
-0.0328820788939173
-0.734069631676621
-1.16197624846588
-0.948766879944701
0.176749439911922
-0.738521135776858
-0.646326014568858
-1.13579008144019
-0.620173368804045
-0.586405363369052
-0.556450649491993
-0.457680764190664
-0.990990272345563
-1.05485675190231
-0.380161503344399
-0.465246484856706
-0.497517339936321
0.418614088133024
0.123150076973268
-0.541546141643198
-0.478539687824236
-0.859992079201053
0.383512912396362
-0.686157303141367
0.501417813722104
-0.234408992348853
0.0767426607365636
-1.51880046708406
-0.698401835838245
-2.02952807621775
-1.82006859277889
-0.329409471380463
-1.95192391592651
-1.48939435008164
-1.60127913472017
-0.942123027641674
0.114840179063737
-1.41362806879581
-2.22295368433438
-1.54704059854131
-1.59429896936647
-1.03184538780485
-1.63046513495808
-1.63320350450342
