0.0115639780821931
-0.735475270424022
0.95202992763031
1.36119530148911
0.961842319885045
0.595053669558249
0.734727848205711
0.611239507711816
1.13872198176629
-2.0450532218599
1.05647759211972
0.229280126479277
0.503434970397723
0.199148482007139
0.456016738118952
0.683359789612221
0.626526982416654
1.46107975449365
-0.595131584822594
0.878722604202654
1.09916261806805
0.986678229471315
-0.484593275782182
0.751169151498527
0.0174775985640425
0.770705048041344
0.472124325699261
0.765644704831423
0.597700241078708
0.51131508791974
1.14028911656002
1.03310042917094
1.30042806915357
0.430040015886237
0.89901685446305
0.976221562726002
1.26202415403323
0.92178785105311
1.40555286241887
-0.0503185782901889
-1.26477689743444
-0.114747213761324
0.974622789375672
-0.27070782840791
-0.260533395062925
-1.38937148447395
0.489662386020654
0.394153956607235
0.364836656915401
0.0915726976121409
0.487017529469052
0.798918771520264
1.07944237592396
0.850046219472286
0.317307292748005
0.495360153391673
0.620711522630593
0.361182809791906
0.26335654412881
1.23142608163595
0.937824087461341
1.35221663212755
0.60500017496172
0.705882222693037
0.0716956736271766
1.031286978485
1.8271667121679
0.36613419904229
0.61190308279984
1.36577912307752
0.0810007548145152
0.424415675404208
0.576250997209194
0.550969865528397
0.66357711093342
1.12064156068283
1.43514772115249
-1.44610010495208
0.160679802649983
0.697886812090744
-0.556772824199
-1.42627355110101
0.0164488747093999
0.182633857629814
0.481488440676417
0.324165605387439
0.664490923540128
-1.81962188074041
0.0499818551201668
0.331797516669686
-0.713768803556158
-0.436197827425705
-0.290328169231053
-0.106861811426023
-0.908365686803608
0.157308354327986
-0.444919991303951
0.137335037817472
-0.321303072808738
-0.195269965432063
-0.512662247730154
-0.487418945413568
-0.152720189763888
-0.639310223304923
-0.307270102946093
-0.573590907603283
-1.52112735121876
0.83214169260671
0.161770548250819
0.617120648727293
0.551607773058801
-0.16071491701476
-0.687722602484175
-0.421006331039637
-0.10040244850308
0.372893347609754
-0.00726259243174893
-0.111895077203499
0.330862992491134
-0.414192852492632
-0.566915862544508
-0.436490520757526
1.75856114449705
0.922516653175986
0.778476796126092
0.744800005746671
0.491496596215115
1.32964004014144
0.730200064203603
1.91094136189005
1.15271291220326
0.474020516419315
1.6476682693019
1.08621823307593
1.49049184094304
1.43531933105131
-0.0958392268016421
1.09343356319433
-1.23114204862176
0.63763016407493
-1.17986373431267
1.72947537556107
-0.100111911174712
-0.413140456922265
-0.408419179132411
1.19544909547372
0.422185729436394
0.863998718941898
-0.344731939853501
-0.076749281367093
0.108119909617528
-0.505787350230476
0.78996487933203
-0.630261914613985
0.0392022957317605
0.0629081675398046
-0.913948684596086
-0.177195010533177
0.337512195062607
0.846682665818323
0.523874200258644
-0.427539006581672
0.4078450859959
0.205493067393554
0.0879459856409136
-1.73855393476097
-0.477514820247598
0.357284277507716
-2.38573713236127
-0.891938488358552
-0.6888953422611
-1.9427351345418
-4.41539488105269
-0.391859188014473
-0.105344717564582
-1.20840868025299
-0.364398757574723
-0.488672886754675
-1.16011994661979
-0.770191134648036
-0.454791278600712
-0.969942114751149
-1.30215876103467
-0.283076197768661
0.68703063766456
-0.258268627168502
0.239517362497962
0.529507111070098
-0.395669681412236
-1.95732771634384
-2.22078767156394
-0.536676633712833
-1.0425066112696
-0.934501526923303
0.166500265712644
-1.78097821693475
-1.49406477451542
0.12548520408582
-2.13230707908732
-2.05777730869227
-0.96530657080931
-1.64064602964008
-1.48563493823255
-1.29877160138244
-0.224509688376666
-0.587417221425006
-1.80164969003051
-2.28130518839169
-2.59311283819291
-1.74770322319602
-0.91298817385945
-2.10103857710289
-1.8554853182687
