0.333500352810135
-0.587048242688387
0.633132472656216
0.430379513216884
0.238063052502889
1.38165426506145
1.81516304729856
1.52971024310078
0.797509661336952
0.912014300726768
0.191964891783204
0.753785268497801
-0.341295746028158
-0.0539276360658632
1.58902316762054
1.03609504175152
1.49600918506039
0.659103978604864
0.868449419821933
0.287021910280787
0.826368874887651
1.1489583162068
0.943413278225538
0.376475105540432
-0.677268173990102
0.685861685897946
0.41250347708023
-0.334369594696497
-0.470459091993399
0.584214872764838
0.697318966280241
0.0512885318218896
0.300911581984047
0.141534289278198
0.0276004524557787
-0.0143250185438803
0.682339972747052
0.946448086516559
1.35903785348515
0.868382288506886
-0.141989656216149
-0.273254412447677
0.370213450500252
1.01256644370092
0.478936408160249
0.0117283600615767
0.057916985721949
0.856064677034171
1.26396759908837
-0.00521076175772357
0.384301266786356
0.659537067438949
0.587524827252521
1.68805407363885
-0.311697577397713
-0.787369702680887
0.625130836734945
-0.319852489102783
-0.678350450686476
-0.112950327803488
-1.41633154331935
-1.50807931378875
-0.852776458873686
-0.0489917431978979
0.372702437865295
0.461729145276392
-0.275714550218324
-1.38938333386794
-0.960442786102006
-1.45492473306405
0.499207483430321
-2.04752381879516
-1.03889243714786
-0.17839114156856
-0.869032474058222
-2.68874618542605
-0.53260476345823
-0.985089016613387
1.25134724872538
-1.25146154169735
-0.271456101600064
0.288139280754656
-1.15653904874903
-1.92657966991771
-0.162351268424588
-1.17789615854968
0.528299955408093
2.40357853835887
-1.18596162553014
-1.7485158517645
1.73623138957535
-0.607284211537615
-0.984015083559849
-0.381986713035165
0.899913303849773
-0.0185759684593744
0.14658051775894
-0.669423441881107
-0.35084986486267
-1.11045743803098
-0.439257933074695
0.253753654273619
-0.774886009029416
0.0900241380386338
-1.54787098537927
-0.848783260026668
-1.99570106090888
0.14132203155228
-1.76152408137892
-0.854939957677938
-2.28591517107923
-1.72322158285127
0.307317666844897
-2.09331644930208
1.1993877468703
-1.64480705321031
0.42577439952964
-1.10244425749571
-1.80235966245977
0.652457434793445
-0.40210192476676
-1.86907050992199
-0.480791747349387
2.13683960827734
-0.0769562918152171
-1.38234527976031
-1.34397341940433
-0.892800637439859
-0.264374813764477
-0.738881445609002
-0.776968288461111
-0.673996666156334
0.275572593569001
-1.90415624469166
-0.17264792800626
-1.89872399837771
-0.0561935128596639
-2.12596168320053
-0.810718579140873
-0.95034885148686
0.117744493718399
0.13084139415586
-1.09469780164412
-0.588925035193195
0.0902616151926256
0.0814080375387042
0.70195333243697
0.762603952995814
0.508987033664402
0.233562265017476
-0.528040646772053
-0.128644399867827
0.192170152854681
-2.09271831692357
-0.488333457330072
0.0942718228933762
1.05068276340079
0.610301883151833
0.056418585727956
0.754045879300445
-0.897119260275765
-0.109814742604633
-1.34508564757925
-1.56725587577355
-0.238381846468373
0.0217342362598107
0.382909752942169
0.0998453984085357
-0.439563124466895
0.572814651339322
-0.353298156734049
0.0557776809498839
-0.192417178441543
0.502646871579442
-0.632227918286585
0.429809402168296
1.8300410060987
0.252527086677709
0.891768444412508
1.01105035339881
0.719154907298006
1.16236748107068
0.737295723188969
0.689275019599583
0.483036643355314
1.58104814291459
1.49930508840201
1.54377080784916
0.827109501262025
0.433518384762614
1.37344842352572
1.81212711888697
-1.23921549206556
1.79999647434096
-0.0518804705058091
-0.18349366419404
-0.330796235536275
-0.0330191357203554
-1.41111851797399
0.482550647141475
0.882744400702149
0.304418642206529
0.120039759162627
0.11307164875104
0.874703364715751
2.92438446045734
1.31336379169525
0.697659352928101
-0.139561188240923
0.250674800275497
0.903841761610788
0.977678083719569
1.12717406509382
