-0.136406813814744
-0.596461866877906
-0.209337164805477
1.16939070091136
0.106130862595384
-1.27146439770758
-0.543307568075195
0.306001363139232
-0.938212994242801
-0.723253460494075
0.550935247875171
-0.403744197723005
-0.560235427606729
-0.490762027341572
0.0234555080625689
0.0704984586119976
0.101428714494186
-0.571641232808476
0.0559570563850681
-2.51718408395836
-1.70851492354956
-1.25159768015797
-1.17360453357671
0.093771517718721
-0.419124458692479
-0.512376835542806
-0.433840973009031
-0.536516173673423
-0.635061160458655
1.04380558936697
-0.890596634552979
1.31940069954967
-2.09638748611802
-1.64151591306259
-2.08653163281221
-2.39486901859445
-2.83510393727171
-1.28305941979785
-0.844160186122006
0.22795142316232
0.643514581595056
1.29420871871201
-0.399813470063874
-0.359439009435234
1.33230516125503
0.077645732806132
0.797109010478566
1.84277824543933
0.31848638986655
-0.588418246386744
-0.0736869724072099
-0.579192744032285
-0.584352886154404
-0.816821907444514
-0.623640512418721
-1.47234601213528
-1.80849525948996
-2.19870850184515
-1.63612759740327
-1.88367242491734
0.680668180967929
0.582951558616332
2.17201484005468
1.39436851704076
1.18312505489446
-0.0422264387635301
0.459938407078266
1.44928510739288
0.866613524736652
0.528927868523698
2.44563187202911
1.02282193826201
0.468182600255294
0.190524550044093
-0.229849977383323
0.633023827949321
0.227537930173448
0.788284289828324
0.109975347875294
0.299232691201619
0.296135002786871
-0.919210321190334
1.36361129615713
-0.576926778975458
0.381317322786598
0.386796987462756
0.304467626168587
0.535401317749907
-0.184797520062925
-0.18000792011156
-0.289269033881134
-0.723175670208963
-0.600986194395097
-0.780283155789592
-0.944042202770786
-1.34754532586521
-1.73929676874321
1.19723646004108
-1.23356755930826
-0.400201980497902
-0.718095236746861
-0.633075433110043
-0.419317815778874
2.35671261918115
-0.678447784103207
-1.79258922162365
-1.36307959894688
-0.838659183993916
-2.08602973542994
0.450290161468058
-0.0803527372019182
-1.01018782201426
-0.583859474107724
-0.55818865920138
-0.0188120570279041
0.140312028521777
-1.61811192075516
-0.50238305775925
-0.209554365934772
-1.2573434966547
-1.41538182627654
-1.22856557172337
-0.459873617428667
0.267897204494103
0.170618380592265
-0.0160747239092957
0.244651187406237
-0.0286093028620138
-0.251432422727958
0.918295084363756
0.134628508570161
0.588848960737699
0.26794398396656
0.681372066320986
0.443169856231211
0.910268933048311
-0.797002185093589
0.322508595363101
-0.168041357332726
-0.302523654850344
-0.821783118121823
-0.664021801470724
-1.39779353105403
-1.20351596672034
0.161526640199184
1.32046410747559
-0.543866095949353
0.167158203493239
-0.640667405275756
0.898321817004742
-0.566959257438708
-0.124215125785382
-1.09715215192478
-0.993599881274151
0.345362508970561
-0.78000185890611
-0.0546038393074456
-0.744995981710287
-0.183042044408706
0.586336267929143
-0.66119854026876
-1.15120193443118
-0.257494856532223
0.453353632866345
1.47044132878039
-0.677916822675067
0.406583500698278
1.19089064378214
1.02280325020029
0.119893349870117
0.0654684462699047
0.315252774640264
-0.636175825556288
0.231196823939075
1.45361082663099
-0.348079983804585
1.07408944162718
0.868348408660016
0.670573174551841
-0.541362826424286
0.480622572140715
1.29878101805453
1.11657565954497
0.888941531394215
-0.172181491010747
0.774582103768477
1.85729783272157
0.686596988853915
0.498783387466044
1.20368433219397
0.569590650568349
1.77434041526706
0.143274086512189
1.12672543571461
0.290575160814987
1.13890771876418
0.736999518878758
1.38505544722717
0.474787988302047
0.493445781505986
1.06021486808872
1.56322033239936
1.37266022277136
1.40956481885776
1.39124830099448
1.74105139210993
1.07241697939452
1.32194265178235
1.50762721873678
1.57914212759451
1.14707331168486
0.912014930118401
1.13861059299145
