1.63539019313238
1.58422701998632
1.70722761259676
1.12426240817083
1.49460275625661
1.15583047280829
1.10512981224739
1.38963271993294
1.4050748228778
1.62742845719433
1.64761618791005
0.681838451975857
1.40764722599985
1.33618422549947
1.93477085307397
1.39236969496543
1.68073726973716
1.75145532164388
1.20994470088185
1.06850338904646
0.733177404612304
0.916840250747671
1.20801939867343
0.799799334685726
1.67557611497437
1.22673798916556
1.23916934572974
1.05865686677358
1.22695327077376
1.5993011297025
1.01688085724381
1.55657274520611
0.847334120028974
0.978508582372309
0.599221632934802
-0.148894990790058
-0.460040572389115
-0.302289206544927
2.26364453824957
1.33693936880613
-0.488624602421425
-1.58644646893132
1.06256882514933
1.80911039275845
-0.181639553135375
-0.889499071303277
0.903109429758119
-0.357597216303744
1.18032511031493
0.763605104263285
1.41647579916069
0.818345739130852
0.219312096649709
1.14293451303048
0.563887160400266
-0.167836937862407
0.948617863298985
0.316633854732429
0.424451928673139
-0.415423534280858
0.837962065933287
-0.160135087912329
0.959516851451447
0.719349831960238
0.640277489459191
0.396415345559216
-1.79268704054445
0.0631407029176416
0.71290227844075
0.82192601679814
1.13400292478741
0.5476271451357
0.315894444602663
1.65450305761231
0.177160437628667
-1.21455357621847
-0.485221334850922
1.57125137026777
0.414305448438164
-0.198458116707348
-0.163554897638787
-1.39640634627013
0.0416463772705411
-1.25766538785241
-0.586586314592783
0.255406072678182
-0.0798978684070357
-0.470971368456122
-0.724305330499765
-0.612591801889908
-0.574035629233801
-0.269709214527851
0.0518845314859529
-0.474353599024424
0.33937544051204
-0.014004770020115
-0.38750989165728
1.28100143540758
-0.773614733171103
-0.0593571073446323
-1.72298447646101
-2.16982937177827
-1.39644494864734
2.79446634151825
1.08353362384519
-0.26923632285742
-1.83081089493349
-1.49701543661036
-0.646631674713055
0.781845116971655
-0.184926303914298
0.102503191923735
-0.370658931410331
0.247622780728211
-1.05051735977418
-0.500634583220737
-0.669620024464913
0.418093978958448
0.0597057491768912
-0.537010944164403
-0.132404718069739
0.89511991348577
-1.03142966219946
0.644349015366669
-2.28558456391188
-0.891705211806242
-0.720516906098987
-0.807349709480402
0.184961921401554
0.235477541253172
-0.520963000264668
-1.43991553465418
-1.67588765510049
-0.52667851401758
-0.86041896742468
-0.232706518661742
-2.28933096063448
-1.67210489367979
-0.697818585158493
-1.80984168639272
-1.53650070347992
-1.7087919066916
-0.92301306979019
-0.0811148453376781
-0.56830073603116
-0.115538675776299
-0.573508409856306
0.0981463179831382
-0.678329316774054
-0.949887947601582
-1.14402356057273
-1.0477561350843
-0.0271440120373724
-0.981198268459787
-0.924571039899377
-0.684747300261685
0.617343104996308
-0.897314570186466
0.12723164638975
1.49325489059986
-0.795411108241007
-0.917484210186828
-0.337552291165069
-0.178127498251505
-0.406990812599717
-0.72444161054451
-0.128438888381657
-0.188751369532464
-2.45535845349136
-0.524214235363897
-0.925122499858999
-0.877281671811885
-1.47660891358539
-0.456627944814702
-1.03760489829472
0.521899373456042
0.136882415584524
-0.4962102253647
-0.0833488704970492
-0.224416495100903
-0.147589868992205
0.271523723173281
-0.55757687175725
-0.0250639353642884
-0.129531521794007
0.154980880214102
-0.0175837859325234
-0.192658480568587
-0.145269409373448
-0.534829357384847
-0.250886534724557
-0.593609225844755
-0.769452950156518
0.768101132122923
-0.116235346416538
0.154614459698684
-0.394531359898321
-0.267451771161877
-1.72061314714698
0.478163605747929
-0.195969617202664
-0.711711176364133
-1.02291151044983
-0.715579898096952
-1.6030796233152
-0.169764475333551
-1.2976075086456
-0.97656736444462
-1.29403631933901
-0.607349584275676
0.269146522234402
0.178085459381812
0.822896731700548
