0.83592586710391
0.763981984523994
1.11977478642652
1.53095159245053
1.2568098740362
1.10295632171597
0.913336575876455
1.3076005591547
1.14868451174575
0.596190366371976
1.40640549123074
0.61108088645759
1.0945475376047
1.08758608525003
0.728968426655666
0.489861259484839
0.8799773773581
1.09941842897205
0.8595162895805
1.26037513470088
1.36192938870623
0.825549789336278
0.419854486992165
1.26553450663787
0.938450965243039
1.29394912207244
1.40586171418654
1.15739320841641
1.05469879916993
1.41033499704054
1.4185976721063
1.48691172207298
1.27972815139445
1.40295032621055
1.28909140985765
1.36561257076498
1.50517230426942
0.748820854325139
1.41095007347989
1.18248493482663
0.454021229711543
0.837306595478161
0.95110503801585
0.709740538107143
0.350378785714083
1.09783392793931
1.34215779011233
1.21513734978811
0.550814661558441
0.513689019148471
0.726973748440034
0.928148107534935
1.73485231056044
1.22898809657659
0.701807436126953
0.808570798304015
0.115933220717382
0.40535094605695
0.881468534092235
1.07355791788154
0.982967807387083
1.18305408143628
1.00688631925363
0.946352684746762
0.788257053644752
1.1700485133912
1.62894358024765
0.186686676876742
1.01261238297687
0.355230625132372
1.05828486030804
0.795071837886472
0.919377835390043
0.48318947679093
-0.00471555979149632
0.467078906280431
0.206474550089009
0.541233079839967
0.116773701602654
-0.193474994222534
-0.284040972906923
-1.73304377023974
-0.0350989903124353
-1.4292163607944
-0.0294496414260644
0.386866627353933
-0.0561774789119474
-0.154676833781266
0.300104556324121
-0.246020290868701
-0.13850242328639
0.652822768101371
0.503147175965369
0.135014149235004
0.434184457001335
0.694352990471587
-0.36506326104664
0.479859875375627
0.907751999532657
0.63249004152955
0.905433293971911
0.564956133511817
0.469420364960497
0.727873999863925
0.171810909797103
0.618043791630719
0.19950997344024
-0.168775078369759
0.655547910836331
0.659209846576234
-0.276995821948885
0.407322646624293
-0.595429700403716
0.358345300964941
-1.50348336922528
-0.458561598336307
-0.0762606085410549
0.0509309524269108
-0.0171334443589164
0.296778158717711
0.784331784968825
0.285709401688536
-0.429543019279133
-1.52351829573782
-1.03082121434388
-1.04627268423929
-0.375835930886005
-1.23731546023528
-1.9017716390785
-0.483955068390554
-0.519786064945049
-1.31531771082043
-0.861567959101446
-1.97172274024073
-1.52583206058612
-1.81434139614624
-1.27751459919944
-2.52971172810536
-1.00869660569724
-0.987020317649973
-2.06689211609219
-0.287004857548415
0.320499859537155
-2.47697220792376
-1.13181426957431
-0.0823889665220038
0.58129377210521
0.516543601511784
0.215545766515464
-0.730680772060488
-0.847273619015975
-1.03548447236897
0.0641080621002618
0.0594152375105987
-0.885098387581031
-1.39398388727231
-1.46531688534766
-1.09461752699877
-0.157425304410172
0.720759733762246
-1.05048849523547
-1.2308401628562
-0.972246988317769
-0.441369221298404
-0.972984555273515
-1.17897293463428
-0.698390744099415
-0.480624290724654
-1.60438195524865
-1.38801304834415
-1.31642163903961
-0.420497824048649
-2.06112241497481
-0.837538799402385
-0.590080450542877
-1.2678968084779
-0.634082356421336
-0.415798722598295
-1.65451918590974
-1.01131254486622
-0.815495930587445
-0.619503374309609
-1.02741199157113
-1.44580744177081
0.324053095676861
-0.961075050194035
-0.413223282254749
-0.354087858073968
-0.793271211772115
-2.47695755481331
-1.39293375323442
-1.54905261595275
-1.109421581248
-0.515401758730257
0.518675561703066
-0.432760505648049
-0.399595490821623
-0.209620971041329
-1.01505549787058
-1.30291279495754
-1.78746437778571
0.225141200804032
-0.416118357718295
-0.0467968070934524
-1.03806558871688
-0.775595393058453
-2.35097446787134
-0.315994208993232
-0.883010686219674
-0.186140255292401
-0.816199264448741
-0.998257289301498
-0.684634911216542
