-0.443722620652123
0.0120413663590088
1.11361097722405
0.751580302679979
1.13196339411105
-0.218192516424975
0.210046131324049
0.641874384364195
0.378289326500304
-2.1518352186156
0.948018944371482
0.51064321601719
-0.0982463779319306
-0.921594764997995
0.465679302699
0.307859067542934
0.560725778993367
0.93726727228691
-0.0666211459351409
0.0708851011140522
-0.731372005128721
-0.523337240150373
-0.0768351357540887
-0.170332084274757
-0.905683916145635
0.393991667264706
0.030320326408847
0.362858053838231
0.68184345208852
0.200723479647683
0.296938159761151
0.587936957809564
-0.417896268483077
-0.358465437339611
-0.171564933314799
0.861434780404542
0.684881623605183
0.160071847501468
1.52155752542695
0.057726583643761
-0.830569103577617
-0.43909831669138
0.927709779651299
0.768650793497435
-0.79118612633161
-0.672344976040785
0.303277698433323
-1.10662797614577
0.92943986788048
0.381650764099692
0.468139467397599
0.874615328216927
1.13456481377035
0.580261824054951
0.675958636532333
1.38069424260779
0.979758550307399
1.29228307681687
0.713501719951982
0.917246287116027
0.232812892006103
1.04234824077029
0.76209203924661
0.830108091037968
0.581993170266861
1.15158786812413
0.882116361960183
0.591466140468988
0.261521788375297
1.28137709503249
0.572664972464421
1.00096972813174
1.35290203649203
0.661490670235069
0.777379958716487
0.55407619667207
0.899384874803662
-1.58882977870196
0.77913768409344
0.153125796468429
0.950871309267283
0.811768265138331
-0.0460533659476871
0.244718904405992
0.297529202837306
0.424036862104353
0.827572414484682
0.584920106618266
0.0886214705650965
0.328716959490649
0.679073033096971
-1.30761514798793
-0.586515818569761
-0.369920113046997
-0.334962314791685
0.443320743453436
0.656861994267538
-0.647351288174883
-0.917703402376669
-0.822544828676027
-0.177271553899341
-0.12216003309569
0.143717158383801
0.0369266665579694
-0.785502570896297
-1.09479845371467
-1.57944155094492
0.899265316726552
1.09614018446955
0.0847900968099443
0.853188916097089
-0.589796991676537
0.226907353387994
0.565368708434213
0.222878836476061
0.0216219359332198
-0.0827167084825151
-0.636568990836165
-0.085455623388496
0.217702256792494
-0.373221698455179
-0.966020607774713
0.471486770183956
1.03967275947112
1.53072827767754
-0.0346131869379487
0.464694834748826
1.02224062598177
1.21570653391217
0.479626450568438
0.282668904908073
1.13482325229013
1.60156345616027
1.54876125862683
1.55410204279739
1.52185224170447
-0.772812344270854
1.06764817300176
-1.42586368479133
0.645431285997344
-3.5428174701795
-0.218704601763379
-0.992180259580854
0.257665436801677
-1.4286810953312
0.261084647424502
-0.420651651959259
0.0144648855200307
-0.80764276413814
0.818372135250811
1.11153259280831
-0.694296150294058
-0.415305982514386
-0.26504884851662
0.140221841164508
-0.589894250580434
-0.66622501357075
0.0082452332345424
-0.41511935670106
0.0885800689185245
0.262773350435079
0.591686616333547
0.270215447292476
0.359889241703672
0.355908141864044
-0.393805138084039
-0.571067898903435
0.355655555083835
-3.06388773754
-0.343944133592614
0.366755083727015
-1.64120084421245
-6.05953853238957
-0.218415154582333
0.749846441383536
-1.10976245678409
-0.289205779336017
0.941158620981471
-0.397845627901711
-0.880158029413435
-0.434760309106301
-0.671353286011248
-1.21441689445309
-0.331210284566868
0.0700327076052383
-0.069306639991
0.69869653702613
0.875852115044847
-0.604191371890593
0.0888284727001357
-1.39626150338455
1.48364787162248
-0.205166407231348
-1.08138976895486
-0.819128861320319
-1.56357532930193
-1.36908815811797
0.288931218259842
-0.579306213203243
-1.54008537815579
0.679666847572379
-1.75603971372541
0.0806648908175884
-1.45289934307482
-2.38723473215787
1.66164567451841
-1.948506197809
-1.61491849622682
-1.43866096317813
-2.31527233989761
-0.480095241139622
-0.834664279329776
-1.77042800614023
