0.975860098730433
1.00545244577349
-0.060827740897901
-0.0909390630776269
-0.795228171126365
-0.585488192710142
-0.82052702626872
-0.596307106710262
0.18695049905832
1.0633670306184
-0.395165481345354
-1.08868317266131
0.624218355174101
1.34662202239711
0.406276738900863
0.554191542382396
0.618492201934621
0.38872265176413
0.561614436714791
-0.88277618926137
0.192704944822933
0.262381326789326
0.0726847404162722
-0.971593388324868
0.617126902984667
0.350239998193831
0.0586450963369343
-1.32229580977943
0.826506469252635
-0.825565720091497
-0.283764803988058
-0.576606214928217
-0.183590653771155
0.205278867498357
0.0209558507381177
-0.120427616603588
-0.175258759611341
0.213334010552609
1.9127000171024
0.375697328112136
-0.6683506028073
-1.19318768768497
-1.07379190836379
1.61286065192964
-0.217755198745132
-2.00146735332401
-0.155449775274097
0.624848201332878
-0.113547491164497
0.758186229538803
0.643716193770304
1.55252798486195
1.21830206077711
0.534823578696955
0.0966590197076129
0.768649832008394
-0.105447147386566
-0.147167315468517
0.211381113111772
0.627106734326613
-1.00718837122915
-1.20074674696651
-1.16827360046099
-1.08455913174138
-0.380599204394805
-0.230842780520708
-0.183456544378698
-0.527877683093067
0.382099245045939
-1.50901285621511
-0.300766681925688
-0.219235548212471
-0.658425668087101
0.180390837820827
-0.0660594652440912
0.356062422816515
-0.380168511759517
0.634596411546575
-0.133415701464151
0.140080985817148
-1.4336142153799
-0.434151175198792
-0.112981378132505
0.835355579489427
0.936875092705049
0.940572155752729
-1.07705742623614
0.467078136789552
-0.0381851370516515
-0.0502184385429313
0.179930628527516
0.353699138973579
-0.153788731703475
-1.46009492190454
0.554003580856309
1.27831311500859
-0.195636480181093
-0.506302732633781
0.50652575058026
-0.327900933868789
1.64375740293976
1.66113751492263
1.67352196083777
1.55037556199835
-2.5589408564544
0.472892788098286
0.0566263683290432
0.90970022962869
-1.4067140447686
-0.825722622963047
-0.618476426168183
-1.34312837463417
-0.24870032598507
-0.0652968828055359
-1.99690883660797
-2.05972847618625
-0.176702186260573
1.45639026284793
0.0329214944817936
0.636249637017609
1.2723574350571
-0.217191662712275
-0.687630900641643
-1.0845266554232
-2.73507455535097
-0.00828783372099706
1.36800422064499
1.04293039081435
-1.17916130639099
-1.97424850313276
0.0197021703136307
-2.2088615799751
-3.41502575997219
0.456633536444621
-0.84488665010773
0.391177266552019
-1.61690137082101
-0.704646466928396
-1.97525906709958
-2.45114254354536
-2.05867135327296
-2.46296604360882
-1.20520259665838
-0.282311366442852
-0.28536752637139
0.370755341170944
0.0754800603463685
-0.174240352996687
-0.101599258668909
-2.50134092711895
0.306387044051521
-0.239408923095344
0.0763705367749467
-2.073978129784
-0.346180662926494
-0.274120373877764
1.0517304140654
-0.18391050433101
-0.113770071528958
0.86662376791171
-0.326336869263104
-0.572839910752429
-0.0892746973759127
0.312544771261766
-0.892600476936886
0.663166892814694
0.335555734645844
0.498299921015725
0.395516335031696
0.662756339816075
0.339005689014403
0.574547393212266
0.835025529329387
0.867439565378706
1.6794707284941
2.01216384429879
0.301836566898709
1.5764182904863
0.137500854559308
-0.68579150546847
0.0243123919596026
1.92267267510492
0.105407347951053
0.0846414910320742
-0.159778301170551
0.811432413623384
1.55146734001881
0.250410041451771
0.532512479916899
-1.00124139558642
-0.0595228229371014
0.949429744343033
0.954961417674233
0.795164310039521
-0.0520286776334899
-0.717190240923316
1.42531806503578
2.11983135188076
0.869687947119987
1.82922325468067
0.419602652756117
0.147371388030358
0.34468253450372
0.415298533783505
0.85232867520723
2.03282459497373
0.301360445332593
-0.4719663004926
-0.531477826956623
0.569415047838637
1.70633850802874
0.869512982860479
0.85520090804281
