-0.98595570607114
-0.200927112933182
-0.176645206829647
-0.296018606201313
-0.159592713473748
0.280664947613624
-0.225850837338819
0.163664527318974
0.410708137515442
0.50692962913361
-0.114198980755342
-1.09595463751004
-0.210606646243063
-0.248393799791303
0.408825998583009
-2.05325177690347
0.0355548813490422
-0.718779129136421
-1.93607307888877
-0.118341115422704
-0.894520108032196
-0.821650190790508
-0.700177854767848
0.438104739709133
-0.471940346292459
0.329998949878874
0.646607607641117
-0.280132362570976
-0.115025501048131
0.400693531335128
0.432754571405215
0.175140420742759
0.412829150983379
-0.351346486194745
0.49039040674967
-0.126838782721087
-0.025537319774508
-0.380587460006317
1.16309544985221
-0.205588713476389
-0.919472872868654
0.458411919443828
-0.732274189722272
0.144652035443712
0.265739192232533
-0.50131576377324
-0.24346415973783
0.792187441304804
-0.553052053624227
-0.379707375951057
-0.0145172740027421
0.233499696783313
0.249832913230816
0.566970169856977
-0.491197258421584
-0.772238233679651
-0.378671860960978
-1.06819301695816
-0.863607667008318
-0.331648866641057
-0.570430208139482
0.291644995841398
-0.174158858974278
0.143315118006795
-0.202179334771276
0.368248749846361
0.827913049808664
0.879424047123486
0.801334456624954
0.456156091410119
0.136668378773549
0.568128203791748
-0.346283441244367
0.937341798053085
0.646561239479595
0.883031675760132
-0.108794617476708
-0.509860630256542
-0.432693681817422
0.974124821059178
0.367576105708253
-0.498540131358354
1.40463430659004
0.558865147754025
1.33552362367956
0.909885110349271
-1.54567423505576
-1.29916829263629
-2.31950790465173
-1.66780650906873
-1.86122621043928
-3.64356483453153
-0.398258724046114
0.437260753232327
-2.89152429773003
-1.92215811654767
-0.453399331229253
0.64439702020026
-1.99598743250492
-1.99072676615313
-1.47394490537152
-1.37549584075783
-1.79224332755247
0.356549869759384
-0.61984269954275
-3.53705703956908
-1.02287791310379
0.906376346032302
-1.30062179346436
-0.62637633646772
-0.480935627241087
-1.77207604213587
-1.48753694105113
-1.6825346194673
1.24025882744625
1.13161626482163
-0.0924641081017364
-1.33782922850264
-0.852416483561233
-2.89600942690602
-3.53323750945604
-0.768711973079525
1.35253184255789
-1.34746173883039
0.084261756296398
1.35950687305328
1.63182295128276
0.977182192045382
-0.724466255501463
1.51504096111258
1.26294831109299
0.194264720856923
0.663421019334233
1.15442302947452
0.527663103995268
1.36767490621172
0.43465443225958
1.09870173612565
1.2586341762219
0.440886027863987
0.803590618648504
-0.338903993633781
-0.055862956723496
-0.812854260826105
0.678416058522675
0.997314520032376
0.85574894757176
0.812287994295448
0.636641124339262
-0.184597384113411
1.15652296072717
0.423898245454907
0.781630035445743
0.317845118904044
0.768756640477969
0.800072644893078
-0.34013359968631
0.950592897584564
0.712670558797361
0.480523933992806
0.300891597990637
0.40333962005688
-0.156789750541272
-0.152190348746311
0.286064978335324
0.750430457116864
1.08609753382991
0.362709811086404
-1.05602241812196
0.582208582245724
0.441619131200941
0.207803545217493
0.372231684135275
0.996546142111152
-0.225028208494836
0.441983679612699
0.961741888596971
-0.290605458166348
0.415761068739418
0.0328530961212491
1.0348435106521
0.680172045703326
0.970427190749095
0.840708648354776
1.86954518892064
1.45730161650952
0.789575757956032
1.41887471876253
0.797383123974282
1.16710689175194
0.548877051010738
0.655772339058264
0.26043481554013
1.18660357231374
1.70362365790241
0.934743398051271
0.395952902853274
0.701346544679243
-2.26525798942884
0.689620339676511
1.10547508882565
0.595593543260603
0.436246634562841
0.516271003852796
-0.85847611450763
-0.0631758502878682
0.523909165105585
0.15620911144384
-0.112504872880002
0.279921708788747
-0.689127805622923
-0.479853287414098
-0.272282311373171
