0.676062469575239
0.677386604506958
0.349097109154586
0.185765412843156
0.565382099507884
0.868908033428064
0.744725172131976
0.601534051633384
0.0786391354919955
-0.669975864001614
0.533069544561889
0.613203896257458
0.855890755936473
0.608458585377741
1.019331788772
0.308081728936202
0.766247072557168
-0.220227742254032
0.454828966643171
0.600485167886797
0.00904911815795928
0.63809594378356
0.756140059114013
1.30480504897033
1.03092864905079
1.15309514122027
1.12845521565003
1.01753478498357
1.15517371982568
1.13960735549282
0.00274715187661806
0.329553089361756
0.761292007007983
0.1638603487892
0.579938313935077
0.423638757271011
0.435050374632302
0.285486808783945
-0.902145084754377
0.27200690631345
-0.4487730127015
-1.46256921363398
0.536264446475562
-0.650197644867037
0.0983309695922515
-1.42310069631184
0.133771482410212
-0.577544044280079
0.625135462482115
-0.0779788023091666
0.761373978163121
1.27655596623847
1.32707551583105
0.0557736700702011
0.329987179967136
0.52522880277873
0.296534948518322
0.468932292355267
0.43666173137415
-0.0278182156205455
-0.366573345458982
-0.895104019300246
0.845617019260344
0.539281910469775
-0.416162454785572
-0.658401331446752
-0.98214958873974
0.213632322623551
0.670750051922256
-0.772870945279817
0.267518089260461
0.392285642436184
-1.01257451050429
-0.00609772867890108
-0.212184377514197
-2.21719280804941
-1.44260741047853
0.744357057063218
-0.52114031550496
-1.47905013638923
0.388838955702261
0.0730489389085246
-0.0133018561948049
-0.215594066781852
-0.223336529575309
0.0690884514894173
-0.52252777001566
0.677498348094824
-0.9004997235873
-0.929229771766419
-0.00211202648281601
-0.253202702248645
-0.998536118402785
-1.48632595778916
0.702601859414614
0.913942831841758
0.511195644762671
-0.563894851934824
0.124868624713472
-0.565607548097889
-0.0940379124130718
0.233289336586669
-0.1519959207552
-0.49681876511686
0.276850390323411
0.201350646954077
0.423598449263614
-0.480900603346503
-1.14390768493758
-1.47142126295277
-1.61152810039613
-1.16176661767548
0.884389584441929
-0.666435046977626
-1.71897621369987
-1.58560676594916
-0.0289805296275053
0.739859348614974
-0.284699807548768
1.1176256312078
1.23646691354908
0.368426231067502
-2.11246793043707
-2.01599945534429
-2.8772479957084
-1.18540605213698
-0.8026362742754
-0.782101699366995
-1.37572559188464
-2.36303961166683
-1.28543821789031
-1.82869791590418
-2.15861638790783
-3.01365373349362
-2.99425133128572
-3.66298881834169
-2.61997591571499
-3.05888781261352
0.313008536163974
-1.52213000917468
-2.7852287980409
-1.76176374294423
0.777379721344878
-0.0871765800258526
0.646697159451894
-0.560852550593887
1.17876493636687
0.494693038817965
0.935129360264832
-1.51426283060327
-1.23838542426255
0.394706597246652
0.521722961689202
0.264650094176739
-0.262051920800453
-0.0487436869488157
1.05389347348391
0.352511319009278
0.552493291693619
0.149039455635016
-0.275827265534082
-0.393752709330697
0.0726816980955378
-0.865433854832692
-0.111829891195302
-0.0128093948348811
-0.274541742510888
-0.548391100440613
0.495052492534828
0.85650764631843
0.640720049000001
0.843311069472619
0.928645355755682
0.229633822523639
0.560107768578646
0.89142060169999
1.00087523893245
0.665499046392847
0.811970651960051
-1.17999440861002
0.941578622061921
1.11590859062296
-0.0830789492760072
0.582727494747498
1.07840955511113
1.28187919830892
0.92227990912881
0.715471611633582
0.9331411235492
0.48049531132994
0.413502307998967
0.4755565094196
0.788192780752696
1.17639499454456
1.03787259594207
1.27294043424041
1.28508915618467
0.524002848315573
0.447796140227276
0.78048403146575
0.970071854438499
1.12568124135773
0.168537461369354
0.60189907348821
0.443200074695207
-0.075601102004673
0.310349236705427
0.731809685688404
0.587902488958366
1.08632883759212
0.89210359210789
0.556416236867811
0.811970651960051
