0.237236658673219
0.939920059917248
-0.266400584032747
2.01813938066314
-0.499121681702337
2.09435048443261
1.92355087563162
1.52358907142702
2.28423094207702
1.3472874281919
0.385606545927939
-0.71462807837474
-0.611578258949534
0.195145569789586
-0.340860318948979
0.0700552251723578
-0.0306500151232473
1.86602632918841
-0.514063242481119
0.826180725651141
-0.457119145961317
0.728983858560898
1.17790550005408
0.761879886637738
-0.492842789263229
-1.08066792461236
0.612280412363147
-0.505323013250038
-1.61450446768726
1.26934895895522
2.2754766555052
0.806306421750649
1.75952544054071
-0.529496922987513
2.25090930476021
-0.0302022042313589
0.0877336075134633
0.0283527465842732
0.0535080157753817
-0.695482716885163
-0.674950019840922
-0.369030550316085
-1.34517780549673
0.180552414652097
-0.461134165613886
-1.49558755641983
0.852022925191226
1.69641189700201
-0.926481069672151
0.824353644801279
0.186143362919283
0.470187858773816
0.403273924874026
2.43269823621985
1.05530833639336
-0.35260240929993
0.00543153228050347
-0.0574806402239
-0.227162928341365
0.99183386814871
-1.34158226424775
-1.90739831973713
0.320217353357673
0.985834649870508
0.378687145289336
1.47271269035489
-0.158468179617113
-1.03413594584368
-0.688672126743771
-1.16815313308059
0.160205452258437
-1.10761450036197
-0.996091490928804
0.663231257385161
-0.442958259110101
-0.730521602029006
-0.938332505155071
-0.660204515415342
-0.334199325629545
-0.73560462970824
-0.441619668434891
0.946660681013073
0.321435775520092
-1.38744647695145
-0.505523035944242
-1.06395445594806
-0.741984548589559
0.642961039294914
-0.230295757265151
-1.02512559505805
1.4328336025247
1.63474646399832
-0.795422353055863
-0.906951583288262
1.62215699485944
-1.03654169904501
0.0623707508713714
1.17925663827891
1.39582028929978
0.813454884369245
0.0474580171753278
-0.537307112616816
-0.868693521739521
1.1212726963025
0.548908078366016
1.56195268271152
-0.113600253840186
0.217252453296131
-0.0487976131577116
0.282408901581343
-0.757082241888686
-0.664921029808641
-0.558473179668743
-0.102493271756163
-0.691907319199592
0.270660763569932
0.979486625170949
0.0199957247641102
-0.160016431789831
-0.679223457351996
0.450785571369874
0.395487750843279
-1.8830541446476
0.33241465047811
-1.06727683377775
-0.775050237540523
-0.642499596066268
-0.60183314931483
-0.852246392507529
-0.406291048232088
-0.832062067584734
-0.892232995237914
-1.6288055737595
-2.40463081475779
-0.127235574044947
-1.66557301272283
-0.157315345414521
-2.34191730228371
-0.282472881593838
-1.79353530958088
-0.340803073101009
-0.821041829143874
1.24775606798596
-2.41783307334348
-0.709128335138447
-0.917285755852552
0.561088093752573
1.38067042814846
0.297350184200862
0.102011606637551
1.99593163766805
-0.00669417179161767
0.87954216751522
0.650913847787835
0.0467043752843263
-0.542520172492288
-0.371812681856152
-0.384289797506843
1.30831693800644
1.54464317622374
0.210408201167215
0.586080111169586
0.331133961300138
-0.681670955782325
-2.17208858679094
0.599956174275478
-0.205852045319078
-1.13919450231566
-0.301308016724582
-0.560727577683934
0.137447895722732
-0.403956180030448
-1.68612778316056
0.127737370171759
-0.0938908994482854
0.0529346360365399
0.592210320365138
0.219483706744856
-0.352346143069696
-1.18332163035212
-0.901316822012796
1.29246914764408
-0.68862585088849
-0.748275954430822
-1.14793829492785
-1.39048454399462
-0.165042794141089
-0.180115849126697
-0.677084065694584
-0.246150179628086
-0.0361801210613783
-0.333175697003612
-1.81322208799122
1.11452659521298
0.341741402559158
0.211649157771289
-1.0909815346005
0.470280450174671
-1.07630803934694
-0.42414649084563
-1.41680215186295
1.49006227763643
0.766026798761672
1.13655608479005
0.379820390722953
1.15257796500846
1.21885421415198
1.13728839951662
0.76595639605589
0.558382213342505
1.55566702738172
1.29699345860617
1.19205131057425
