1.0524498590298
0.925077441604357
1.24302525988699
1.26879847423627
1.29950020605922
0.97301893485487
1.23892390046307
1.26741362096033
0.967676247009889
0.817778078434188
1.24697055531771
0.734308021446417
0.715075597227598
0.91541086110351
1.15598318857532
1.31929089849577
1.06970989332936
1.12648496542793
1.26006905986355
0.819143893713462
0.653285893184566
0.303007866952859
-0.122076968245312
0.215596514371874
0.624950910231858
0.520631646268427
0.578240761308143
0.408039806394348
0.462951434474573
0.799733969211888
1.31572111712213
1.18627182102651
0.538797547954487
0.744155163530735
0.986529929148564
0.200052377912677
0.227120821367124
0.174673235730753
1.00754423305647
-0.270643774072089
0.0511399682697458
0.495397821069976
0.2944484454727
0.573591448524097
0.926501117068901
0.955939300965618
1.19514211663873
0.845238361089841
0.284143282022658
-0.233060549791606
-0.228241552577709
0.569058433016465
0.981309429932543
1.12555742671284
0.169237051004801
0.155140849880201
-0.074709970835648
-0.252753417998871
-0.0920840299607944
-0.0249568714410999
0.467774697864634
1.00814774627269
1.01605416714106
0.58598124929417
0.877639265292739
0.0760938516219276
-0.18988906396633
0.595436985149974
0.4169504254856
-0.528979464755098
1.00453098444542
0.329737727332582
0.285273031358308
-0.420296888385296
0.136224379294761
-0.676111074583459
-0.0844835231747065
0.444027437594818
-0.203322711336081
-0.677660851967882
-0.819141558078277
-2.25210168939585
-0.317502866803011
0.728667441957946
-0.126168257884746
-0.0294545575560797
-0.166621310639851
1.50870999433757
1.42610837584956
1.46965790086094
1.45685357656125
1.11730804030771
1.34619335082077
1.0092598533969
1.20311959254575
0.699269813251769
0.54429236881828
0.501617203274357
0.62635291550102
1.08451057994172
0.729682847081129
-0.112531541440952
0.343597618639806
-0.173793931496306
1.58778096690652
0.295007450071391
0.0609024759151277
0.496563200013602
1.71286959209614
1.35487929834935
1.4832801033112
1.47212670587226
0.350292549625731
1.19769826556704
0.0279815834628365
0.671389296650634
0.345528896317109
0.48436935055309
0.947683100807123
-0.684374922975826
-1.18736228871716
1.04393678583588
-1.26033225947689
-1.14481860657124
-1.8713640581902
-1.6951317621812
-0.758634524027987
-0.887508048693772
-1.83653973813355
-1.35743878790578
-1.15289859180691
-0.377297788100638
-1.69246201616688
-0.150494168097159
-2.41368717524
-0.704172472333315
-3.90341365867159
-1.64421269972692
-1.15290999878196
-1.07031774186805
-2.85588706656675
-2.88945407927956
-0.440535715763854
-2.05873316995185
-0.274820725019954
-0.90813157065842
1.17929121269112
1.08171150842406
0.588521808601438
-0.380750957622597
-0.647903595703131
-0.861309957127571
0.294990642653829
-0.416495706748443
-0.601102347771998
-0.78564443493637
-1.86858563312771
-0.713774262856788
0.0149494334353948
0.699355268469792
0.349439376962827
0.143303400436769
-0.619766718251146
-0.588371541107553
-0.575303467443995
0.0132938034211272
-0.62011246969869
-0.413219352106715
0.103836678420085
-1.49860384347096
-1.56563201438557
-0.757546170380958
-0.754923580564898
-1.31022750835244
-0.957503880972334
-1.48127064669683
-0.733549781159666
0.128358137078947
-1.59193785292207
0.878929359869433
-0.908034360073754
-1.20850673731738
-0.556602363294434
-0.738286218507501
-0.232703564904456
-0.642467036793147
0.48759223237631
0.391426622550096
-0.91253995099285
-0.522236658286131
-1.05034365046136
0.265138662144319
-2.93597830069778
0.260118947745634
0.616973278464434
0.547226701673927
-0.722612083621529
-1.32293153483745
-0.521437114867951
-1.35126785318234
-0.181469324655816
-0.409700071879901
-0.373485767642214
-0.352295153936584
-0.332976731347516
-0.0943072450191979
-0.715062115835138
-0.410208296897603
-0.220680427200748
-0.332523979837375
-0.923169953827421
-1.6124525538173
-1.82374434158861
