1.72467889679172
1.69464075090166
1.34526690613725
0.554245234168019
0.734328059988849
1.51510847701334
1.43978891549624
1.3065984263726
0.933915797997635
1.3253323018675
0.916400420700434
1.01606294634569
1.70284345178226
1.60223742713248
1.52867541232588
1.5379541198473
1.52829401448978
0.729795631873752
1.4278701779214
1.56402361798485
1.42317433209156
1.45845730077377
1.62220569884063
1.74443092243362
1.77657470631471
1.67181016839662
1.47934587100209
1.7086617868841
1.79326115053533
1.56945254617885
1.03966527220121
0.95894684200835
1.84803472784484
1.6412290810427
1.44907442637892
1.45576651470911
1.16288828247375
0.745353340397948
1.60220787392946
0.94965056818035
-0.546493150211154
-1.29011934393209
0.587488202459844
1.47555779209352
-0.0169877955514878
-1.15186314451727
0.641264946245707
0.474499450925159
0.726649221078294
0.987502019439507
0.796904294195517
0.836299155425167
1.04736754835332
0.784147494721136
0.0649159635693356
0.578645767480526
1.05270081309267
1.07229172036951
1.27256716068381
0.759073498629313
-0.497338131875816
-0.394213635443837
0.0610417917303913
0.00423602456005466
0.0914971585552231
-0.6410564270054
0.0564093689422716
0.751323185400337
-0.286438986395483
-0.691350779048602
0.155456478055574
0.610069993355272
-0.449142090628689
1.07569939858046
0.0156231493591483
0.362104189687884
-0.762287721736103
-0.178691952412766
0.00930900448032507
0.452103764340884
0.0160875583430214
-0.628900172721845
1.11546979155131
0.805362715605376
0.463986545204233
0.259170258716613
0.0947464216808198
-0.307839806626091
-2.38678628843988
-1.76489783271434
-1.53928262038896
-1.45716978087486
-2.17208737570503
-1.27416600891797
-0.885609290634675
-0.915654518468816
-1.17738656255996
-0.251015309711626
-1.26132445061252
-1.49807505545477
-0.351185796679475
-0.462575020600926
-0.592060491113703
1.15597472407006
0.285879516356256
-1.79343804012932
-0.413523504601335
0.233955026873515
-2.16534450423553
-0.808491256959803
-0.788070411614072
-2.03825031952043
-0.641936958292015
-1.6771802166993
-1.35667293420913
-1.48687750505967
-0.610631355326817
-2.01739720579741
-1.45893291894392
-1.58155950222911
-2.19826006139707
-0.691605028835922
-0.976941952302831
-0.958362366967732
-0.781888968554852
-1.16412621415093
0.333385586328728
-0.673898643616898
-1.05084559985645
0.596876605224561
0.28736352488195
-1.32994172732017
-1.08961387984289
0.239173783788179
-0.935211958423647
0.824283242992776
-1.41265910681733
-1.28128939265976
-1.6750046614887
-0.710032456461989
-1.95368028161691
-1.52070110494697
-0.917777466629342
0.528439419683612
-0.667135987619428
-0.199444429698537
0.107744819718485
0.00820421251135442
-0.312807486859626
0.686708328389966
-1.08080104492367
-0.0227046990998592
-0.325065707516755
-0.626577393946721
-0.269200814884966
-1.2897190823168
0.967856076708798
-0.196659955758498
0.204873183990112
0.62253171973083
0.645110785235738
0.416806755678076
0.506490913664533
-0.533721266348281
0.0972899091950392
-1.17373031179499
-0.544831224792343
0.104210131581947
-0.0565863251402181
-0.452224099137789
-0.68888732034032
-0.711714248741495
-0.595205278187994
-0.396135934486278
0.0171098542258131
-0.341985689443715
0.195220167538829
-0.116518484885243
-0.358189763399602
0.116905760639493
-0.0894867545442161
0.108930548882433
-0.97804839692822
0.357079128919665
-0.0827509522476255
0.0456437003034011
0.272764355916896
0.233819327588594
-0.0246712255491713
-0.444666964592979
-0.0696391407518008
0.0247377139340267
-0.531306171644278
0.26863967413423
0.073612467658066
0.134252600680463
-0.0520133605045958
0.168642003069313
-1.21569988879836
-0.0448064256090277
-0.599648646410467
-0.540206489130176
-0.937391821588492
-0.631400338392383
-0.601454973344083
-0.331758117304772
-1.02122939961713
-0.841315910056921
-0.553368837200429
-0.407005064303921
0.653168218184503
0.0826131614843289
0.557741277901865
