1.41567988985589
1.27940991131006
0.841951971287443
1.29604034025029
0.263526265504501
1.62568066657563
1.7214502404454
2.05410474405
-0.282471642613826
1.62762151556895
0.616705214283978
1.35347544072677
1.15800182693339
1.37656273212737
1.18320179422107
1.85706249087483
1.47119737511172
1.76145163232819
1.54457956102674
0.674720171601216
-0.579413601120004
0.431964031341086
0.573845387250314
0.915589201498787
1.17522183897112
0.622513791707599
1.07728000134379
0.521571768776969
0.550138813013199
1.61755142298425
0.0232836343221674
1.53822467631784
-0.248446078786638
-0.04842403444992
-0.879824727072593
-1.43812042597774
-2.38165535370082
-0.707454129902992
1.72311445946763
0.983234487331078
-0.0816423089785597
0.185514247141998
1.57821550221176
0.992656804444047
-0.0982488505654713
0.606735329542302
0.880222968913455
0.750904314800935
1.40827408372089
0.649939715871165
0.642873739675309
0.819861775996412
1.00967360026963
0.327178334878493
-0.953645635570557
-2.2339613720164
-0.407725470623778
-2.16926259072978
-0.0168531072163875
-0.104409936495504
1.12669062084556
-0.289908819745198
0.612776387477454
0.939098714010675
0.645638416177693
0.831963709367769
0.946528023420997
-0.771637256377538
0.0714947589564562
-0.842380644660442
-1.19707639244855
-1.19955745805649
-0.139410546977719
-0.377774535961856
-0.287992216711776
0.37744459361471
-0.158867846431431
-0.118434746526601
0.680738041151637
-0.788400912437039
-1.29603727562501
-0.688221593252822
0.074744098358277
-0.5166464676708
0.282376696447335
-0.186527980481246
1.54932063103806
-0.611705133473224
-0.36990393152727
-0.279872561294804
-0.676901961341692
0.542765857545882
-0.947145175651822
-0.635304903776046
0.461949840012451
1.48519492878729
-0.182595318670803
2.21223540689219
2.04564837165357
0.612474562036682
2.00730648194293
-1.03426265362031
-0.748413902778143
2.52055187663277
-0.0101108419476849
0.0851586427313901
-0.917264160527656
-0.418956590948341
-0.182676244470963
0.253935677373853
-0.216898798641077
-1.36786395171079
-0.688695150391479
0.334929803824403
-1.12279107081974
0.752633225154371
-0.167122645135233
0.685179921138013
0.406021680502174
0.595565964309268
0.800083462440479
0.998186901290653
0.333270705020933
-1.81897078113205
-0.269921183009989
-0.499966804042619
-0.117724232117168
-0.403369674491938
-0.154616498826444
0.507560101444337
0.390246741848115
0.00590746374602534
0.348823396072972
-0.648811719116074
-0.653718469076833
-0.838509820615989
-0.540451073201257
-0.379377215343444
0.404183793752208
0.108978513871607
-1.98243999953676
-1.24186080115176
1.54635815945054
0.0258297214493839
-0.508103729370907
-0.539157699134549
0.0670955618091987
-0.835870967326613
-0.364369690127135
-0.101731749589989
2.65856464249564
-0.146453143521383
1.93644690990299
0.651286813475816
-0.235979217067227
-0.440424113250932
-0.452085371651558
-0.180095716031404
0.519719055725115
0.145811899265337
0.426775920536138
0.319792716503593
0.0655517647227534
-0.872883555898928
-0.789268087857577
-1.22313346891875
-0.837650733841873
-0.508726405167884
-1.63360800348812
-0.445003540674067
0.247646503889001
-1.06485138800586
-2.65263739113891
-0.21578251262935
0.0347103214131131
-0.30929488763893
0.531948916271495
-2.0315221196076
-1.21524572226692
-1.41729941381569
-0.241362881780304
0.299086716962915
-0.825155267967347
-1.4913684802907
0.299103737634886
-0.719257185958702
-0.183360576534411
0.085878027669025
0.368760276886325
-1.50130494365373
-1.10419486119221
-0.596100421909951
-1.00110205658341
0.0323074450074091
-0.896454100178109
-0.938332561786925
-0.949168560436547
-0.214756721577553
-2.81762297497939
-0.621112753477585
-0.969176187226039
-0.487793290470144
-0.960426348765655
-1.02626747938543
-1.36736211612261
0.672443929147073
-0.734907582531569
-0.566229344259826
-0.766187022961785
-1.28063738022242
-1.2822475068673
-0.371214738353636
-0.147795565914309
