-0.155763838241418
-0.24587846902961
-0.39839872947484
-0.679163206271711
-0.417976467154343
-0.355318550425104
0.0992507138970702
0.295238627593737
-0.275094550105536
0.0136438581782446
-0.552229282203756
-0.48182368657448
-0.303501856873387
-0.393407670986249
-0.195427610577893
-0.396939389797462
-0.094093023102124
-0.788982993563413
-0.341397814545021
0.129472739412579
1.00203810105948
0.487246230861232
0.171511402303218
0.647206806138757
-0.553304432565591
-0.149131304115031
0.175348453102371
-0.304650988465668
0.369017100032011
-0.474114291551341
-0.352854172509161
-0.617869163779172
-0.0429439409919352
0.53317389500937
-0.611902859423316
0.727740806113449
1.26426772052478
0.954805052059613
1.09192212922598
0.25620873877765
-0.82973258914652
0.0432143004007989
-0.856425225263869
0.242489479307916
-0.548172182637472
-0.475624302982961
-0.406350020894554
-0.315325005691227
-0.454598457154175
2.09254067667956
2.38340256873634
3.52535649350773
4.4675347219303
-0.42997537674173
0.724334276368834
2.35561431900989
-0.383494157171457
1.08078277381759
1.18043893301473
2.06827372398082
-0.216399414930272
-0.411436082190407
-0.619465222244296
-0.409941994002267
-0.774997093190572
-0.899669153036965
1.41326599840135
-0.859618082969106
-0.740089255615203
-0.623035989248054
-0.0432543818942998
-0.731897955268056
-0.581230413635739
-0.0886629543405096
-0.237233495906549
-0.684162565218441
-0.017668482017682
-0.413504387397777
1.1915041521343
-0.611955463785719
-0.265318331440346
-1.03367083593726
-1.0006158031952
-0.375887608914085
0.509018905313198
-0.875028068694647
0.0794798578789178
3.3948220863162
0.845676576280883
0.0521151561783571
2.79408823538075
1.02728187708046
1.01264352043326
1.15518062134741
2.61608234236568
2.51878538190976
-0.0739492280586456
1.81248743810164
3.00796720281536
0.715694925495502
3.3293339835204
-0.0241325148128185
2.67794195422358
2.0447028593949
-0.479240057010685
-0.567111856249823
-0.677386748080013
1.9124668238895
1.60933812601702
2.19518629671033
-0.468361064210361
1.06768584690093
0.47928692049081
-0.301921543884789
-0.379475008227345
-1.0304565956594
-0.63245154487792
0.639900026732686
-0.2288843662665
-0.504513449701442
-0.250616937486882
-0.951404224424487
-0.958171762243123
-0.382440132132421
-0.930987082760111
-0.831367695121133
-0.914568877280177
-0.921575384633012
-0.496671943356884
0.21152522740806
-0.839077629263206
-0.997098445548028
-1.0388048671042
-0.615621481969467
-0.492947973760548
1.1796951799196
-0.74479965467971
-1.02204940675197
-0.922983497830347
-0.70039580279805
-0.547297709580391
-0.808793759399215
0.650705579592604
-1.04162802054039
-0.529232097079878
-1.03193998543034
0.162123859194447
1.08595730344243
-0.0209175297516634
0.390443180750317
-0.176724214709814
0.682976169403615
1.52127944227374
-0.213504106251006
-0.536863147361114
-0.969508313884951
-0.928352436666829
-0.75046132552623
-0.251159963762586
0.160204444655324
-0.725079977468765
-0.289921440486604
-1.00520978442524
-0.608046878431541
0.823331419408384
-0.128441240142975
-0.204679772890368
-0.480273843769172
0.506419445285309
-0.747837279659006
-0.867624863751036
-0.71519170232023
-0.71626897556917
-0.359479047751203
-0.484899989025994
-0.432831271912849
-0.432207386410367
-0.830860355149071
-0.722038349107206
0.325173066748487
-0.784888512455657
-0.488679532098417
0.388858575751291
0.252460639559456
-0.953639189602323
0.164849022099246
-0.580716483199033
-0.598784186084363
-0.738125373558528
-0.676292647236017
0.164313305091867
0.0134889289920704
-0.761097006414689
-0.234020376247845
-0.397752288209512
-0.94038938670719
-0.860798996177097
-0.819232825603882
0.0698262418965949
-0.24572428117571
-0.241093720929708
0.258533244115734
-0.32791131759687
-0.213379615353151
0.380619766265711
-0.813692966022246
-0.0789803203451203
-0.241559893277889
-0.794821406694046
-0.353610298384103
-0.840346636341621
-0.768762923203625
-0.789145425809094
