1.08313935239213
0.844809576228128
1.33957782146342
1.25160713134586
1.45208410900867
1.44881092583241
1.36093678396921
1.18117672038341
0.804461601928752
1.30538795227605
1.29627415400812
1.39857047003501
1.16044437365373
1.20918232994306
1.25321805744343
1.35803505126887
1.4133095210096
0.816963352551
1.53531370510132
1.17622583422588
1.03029201970739
0.411852166693822
0.100227719056967
1.21686533177692
1.09869262132678
1.2075648558074
1.03542721196351
1.15490764729288
1.27059277253773
1.31842130592416
0.888018508016309
1.34772816046396
0.948796462558849
1.04256797031931
0.892749415710327
1.00043687554506
0.801663334671099
0.920934373430176
2.16807372993173
1.33885851476567
0.457906507880388
0.824407583717646
1.40293887125987
1.43161964857568
0.778306727582601
0.798552162566583
1.01597394396591
0.938307680181117
1.23833936244531
1.29870641973145
1.28090884954522
1.55579763207125
1.92689767098541
1.12011543629103
0.786141773542159
0.628586971215766
0.644940416437914
0.485588460263482
0.913612415700086
1.18313304132001
0.968952827061275
0.739438072236775
1.00662557782946
1.16413049442254
0.708730871867463
1.13545158327626
1.40217718342708
0.507967084147402
0.771601815965827
0.557542971226752
0.712174225174279
0.682618719084989
0.946813660362357
0.341105783482903
0.316858585217522
0.071357499951937
0.939258246833071
0.570170424747568
0.376272314161122
0.550040412957031
0.024792403289206
-0.429162471608382
0.417354679817837
-0.392786917440509
0.145415950409509
0.274527608113047
0.591594623794239
0.21078366316247
-0.659946404919262
-0.184040143854298
0.0868244734718228
-0.3240434397505
-1.65830013384904
-0.895743283795039
0.5713662789395
0.897308397903248
0.489667040453342
0.54510309459281
1.03336504798777
-0.969493872793925
0.248162364580458
-0.337546415035855
0.543663282202093
0.651219376033052
-1.04515951316315
-1.04728579728295
-1.40516471200125
1.00786182094222
0.142078164708487
-0.504991715819251
-0.63863496676145
-1.46359474796263
-0.390867689374312
-1.24009764311391
-0.521981266762274
-0.907517881971293
-0.68784345676185
-1.08514685536224
-1.48399518890684
-0.417177285506425
-0.624392017818837
-1.51805582828128
-0.715758093661375
-0.638951002634986
-0.645927058505003
-1.19533368926997
-0.0669268725856598
-0.997045431652117
-1.37529853339218
-0.355833242430567
-0.364472243101608
-0.93711502530052
-1.03042591542724
-0.631971272857739
-0.85721846866317
-0.498219799419762
-0.862864786483008
-1.30070048123554
-1.26333461137941
-0.918998341723714
-0.613385731803038
-1.11714320828404
0.495778540808552
-2.25766289223339
-1.51676697140454
-0.773392057898432
-1.19531063130931
-0.019187776347587
-0.997928465518134
-0.272416750492896
0.792691843674769
-1.32438502972588
1.22585951305666
-1.063903644641
-0.951634627927199
-1.37490853349359
-2.06273835250856
-1.01979205434306
-1.01645613862642
-0.156386025921129
-1.17726951243034
-0.171731531081902
-1.4145332559614
-0.658934202803195
-1.41687071733031
-0.49450969266602
-0.929499259189477
-0.9734709791404
-0.472148236637359
-1.14954010241866
-0.832967969396096
-1.09352425399457
-1.04556469806441
-1.90417138014391
-0.751691480764873
-1.25801121325553
-0.587240610960697
-0.538210910083579
-0.812625146159295
-1.28962979907885
-1.205707254233
-0.988113750905696
-1.35442257003924
-0.695511711462232
-1.76934613657614
-1.1261469682122
-1.18565964549948
-0.425637123963431
-0.9916087679779
-0.819158296881004
-1.23303397935308
-0.471405359566015
-1.54300418033707
-1.1524989579698
-1.18256787393978
-0.907088103538864
-1.20527419770722
-1.05654997579025
-0.880995792080258
-1.84016747578749
-0.0736886372277263
0.865334658492162
0.292799704318494
0.576035281276519
0.11250815004835
0.000142897074338015
0.139636556142999
0.445341759463117
0.466094454644739
0.73382518441756
0.112233228484292
-0.351272300342573
-0.549872369534464
