-0.445674712751168
-0.583576624290433
0.849128395256692
0.24639273637937
0.511290459699508
0.459061882395492
-0.235686891205083
0.26655303175962
-0.177401561897933
0.811313951318591
0.669960903663073
0.170027991220998
0.409103753766078
0.32344357003695
1.26272596711277
-0.403725738287645
1.16707589446363
-0.565276402478668
-0.470126056461159
-0.0575810548231589
-0.557649949569449
-0.773370716462429
-0.254807748799014
0.576648620363082
0.587861423069254
0.453104593376487
0.577472337459777
0.347281311941626
0.350840647461291
0.605418051801183
0.377535566808395
1.15581482338865
0.189927913407968
-0.305821982719366
0.428184679902212
-0.522864814968192
-0.0741093601616626
-0.375107618676786
0.411797269330333
1.12598692666819
0.34364926020376
-1.02559321374533
0.672406554657218
-0.314047597191525
0.793092029710088
-1.05635774161743
0.165101896921329
-1.25055799834723
0.492124778165206
0.162808567108947
0.573975983553867
0.863731642340008
0.480993197784568
-0.201113409583806
-0.317959695746665
-0.482319858094441
-0.0368819824190929
-0.328947829976229
-0.158303641683301
-0.486212355933301
-0.4879079826831
-0.161821546946538
1.04974246652379
0.710527579750751
0.036587273093489
-0.0400408800048705
-0.576866897601941
0.98759989329992
1.59007866041639
0.351876108324325
1.50821512081026
1.48698000044347
0.13408199556307
-0.589573205414158
0.210001116490361
-0.606107079859187
0.223767890993007
0.787702873466428
-0.604545414017816
1.06011112210925
1.00457024692839
0.181884676209539
1.3428246095147
-0.300236148219675
1.01424570382534
1.5463747090609
-0.364779261172814
-1.84280117413977
-0.146021749725458
-0.514804851338992
-0.559679833945823
-1.52662743878091
2.45315390337295
2.22710394551954
0.486277913282831
0.609718915573988
-0.390214627020568
-1.2330092449399
0.267556843181725
0.740150182028744
-0.295543233626388
-0.188779178898074
-0.345162674280558
0.365936311192826
-0.471034680785715
-0.627146067573822
-1.35248094793441
0.385508652649796
1.85862172316706
1.65269859644728
1.37458466087517
2.19363033800878
-0.729175028580567
0.00365767114828853
0.776019485435196
-0.0140543703475294
-0.741900905706827
-0.965519037506696
-0.527248417206967
-0.752049342342418
-0.587593295273413
-0.419160797953053
-0.278998582582541
-0.0711160228974085
0.277338054891763
0.040924927608524
0.970394699589384
0.167425365051168
-0.537543579783849
-0.390206565291319
0.263893795012411
-0.0019762031043435
-0.236446792800322
0.40299855291242
-0.329015823985619
-0.101717297098686
-0.608680044138313
0.823590407776109
-1.23218786905963
-0.374631720653905
-0.62707662718735
0.0632363677864228
-0.492972778976453
3.5227180177776
-1.12453661919788
4.08627812139536
-0.0741958475903716
-0.939769502592663
-0.135151773592564
3.11614613911286
-0.965982120268198
-1.15992447538808
-0.144175486436196
-1.83864180158654
1.3744022806563
-0.924128198672593
-1.39914614058739
-0.700709942376795
-0.608190284838907
-0.440720120458117
-1.2453426463648
-1.27905870434287
-0.836303908993321
3.79588877339513
2.58157063361818
-0.199485396396435
-0.116195087244854
0.84382887122552
-0.901764014027971
0.575983341150537
1.430279279494
-0.638203359473582
-1.491141158553
-0.943615227680283
2.16343877670339
-0.794917860245537
0.794334674182418
-0.917044186752928
-0.43108197132181
-0.218389506423827
0.59242208588394
-1.0972552000153
0.405560481380235
0.490152381971499
0.124887736955053
-0.281545542791493
-0.906452153541872
-0.0254292144213389
-1.15612442294605
-1.42834406606758
-1.1725515055521
-0.431511429979807
0.71827289831022
-0.545245077875924
1.64129247758615
-0.0498793433202798
-0.452313270109812
-0.809827779666929
-1.67096906791519
-0.96382449164021
-1.0133813140748
-1.29560354235607
-0.703196375414099
-0.916115769991543
-1.60127066460995
-0.25105119795967
-1.14954522815717
-1.15861784514255
-1.74939697388585
-0.846460818849837
-1.25175729865905
-1.25395494826513
-1.41591527873506
