1.36161107399081
0.834696710520111
0.494179618186821
0.585411954070108
0.0366375345653421
0.494853881881373
0.386449119810286
0.194190633951828
0.255211827511348
1.17361367653785
0.286771965112499
-0.444938644070926
1.40708934955005
1.73569376986581
0.592281632924999
1.35130458278318
0.728997984840659
0.27964047702016
1.23487256252807
0.7273093710906
0.933579710920987
1.37744154750437
0.940845607828641
0.699569879860356
1.01977835345456
0.772510082840255
0.882061716775396
1.3439405313272
0.992388856649001
-0.0546109435826204
0.248468479989588
0.0638323882984681
0.198281684987456
0.55128840102814
0.418213771044659
0.622816471556524
1.11546936268759
1.29062064529523
1.06202415352222
0.494404992751539
0.650033005246968
-0.0264406387266264
-0.386667876977975
0.668018762497431
0.913565546208472
0.567725922229307
0.544165560009075
-0.839237436426929
0.803777268542043
-0.14208085399058
0.115731227995829
0.689855360074328
0.371349390622525
-0.244694847028291
-0.907553261417484
-0.577882195195292
0.477850741887162
-0.39508868591916
-0.330606877720152
-1.1009517158798
0.0898137958031504
0.250894682391537
-0.961432448091846
-0.237756272725366
-0.113452145230514
-0.210281504932412
0.324236283858856
0.319060081245458
0.358960260790206
-0.339360893659816
-0.354000734703605
-1.58987588820323
-0.780879783364826
0.399532836042791
0.445712699184378
-1.79414237284007
0.10513831300344
1.01190393924299
-0.937576627494876
-1.16525265366454
-0.960235020467995
-0.757815990333978
0.840409952762624
0.520794027056061
1.47499956421601
0.378342594907005
-2.12974761785115
0.00500899353183383
-1.92817427442103
-2.57608390562182
-1.68080437264604
0.733514436343123
0.151512338917532
-0.190445770256843
1.3751251493696
0.536985057241119
-1.19904120356694
0.305999568222197
0.473598579177727
0.34963837108696
-0.744201540013257
-2.60442695279052
-1.48712708895031
1.52433967749237
-1.58548947259501
0.394020574866801
-2.39917603864118
-2.68931479712694
-2.80914032133766
-0.367535988441788
-1.26113082196242
-0.37580499551472
0.00172335427382704
0.225124456984683
-1.90315003450861
-1.34534966672097
-2.64448300544358
0.914524187802104
0.17217868210348
0.838122199720098
0.638138267748268
-0.507012966947817
-0.779925150461039
1.53031196383629
-0.425466152643125
-0.639212297879103
0.0620157649370163
0.446831524323488
-0.267099604709926
1.34124210480703
0.237559159322209
-1.62185003512939
-1.41601119968645
-1.14540999752791
1.7432106472385
0.859691673271673
0.886504774932961
-0.452996801021709
-1.18670546384287
-0.781251793699523
1.42219801190631
0.9542337206225
-1.29921078293717
-0.963450337244409
-0.617659053281365
0.720291293481426
0.386082950330664
1.60479550313663
0.179673002889875
-0.611494866344605
1.19727257472309
-1.73848446506083
-0.329147754097617
-1.27513454280755
-1.08275215742918
-2.85291371389629
-0.372955299466699
-0.63923016109653
-0.205197658853921
1.79839495478109
-2.4906200055656
-1.90893088418566
-1.3578141424286
-0.344863507905852
-1.84599892484141
-0.623520094628182
-0.878127701893247
-0.819432713685428
1.02783458051977
-0.495740527450588
-0.689944299508676
-0.900778650116682
-0.25781968319479
-1.57796656222734
0.559059150907221
-0.117689352622355
0.598635525841493
0.128767312772062
0.399189413738806
0.596284626670873
0.289060165835937
1.02086235468774
0.575255010046435
1.21354108563877
0.660483543791932
0.311652452240441
0.641571172499468
-0.0730141867619239
0.129235312211899
-0.61804070839481
0.821480547553467
0.128009659863307
0.227949184466378
0.616974905389741
0.707315356540406
0.254250510455127
0.811905141686752
0.61309394889465
0.069673598221894
1.54382221538255
0.905648558334758
0.671637858616832
-0.0123089528623574
0.688423208546048
0.189551317100402
-0.486124532273588
0.640825858647731
0.0129921697842733
-0.283911111153864
1.0243646777109
0.429823174841413
0.120697971540706
0.416701707541217
