1.48673765261172
1.23148053548273
1.22587048933757
1.11278805180483
0.97922948455832
1.18895286365192
1.16184089290788
1.13771917833656
1.12156875274944
0.0654090006512345
1.18471212569636
1.04989332570017
1.00363268869207
0.796049754187952
0.596389949314254
1.23181833132664
0.289869564173278
1.16149259267686
1.47395045410112
1.01590368509781
1.05140631055398
1.16460139561459
0.572859558118835
1.15411779862421
0.797331957543582
1.20377504904602
1.18767078135674
0.836962946929733
1.07782235124761
1.15961806626734
1.24408487026634
1.19713883682433
1.2976578372692
0.905974942079066
1.3488752081538
0.831890409855133
1.13775558866011
0.744782496847864
0.702507211258434
0.0161193934911434
-0.348282158480835
-0.45601529491629
1.18999699175659
-0.893088947468824
0.448691659343417
-0.136347711008947
0.763615658573547
-0.469650904492874
0.617487089887554
0.495994484097048
0.510860489785139
1.08527324108956
1.14571550723383
0.893543266401165
0.190767930327645
0.445440613386855
0.323825880684652
0.163122683589911
0.541660710887827
0.472782076785823
1.1643974725432
1.13740359789675
0.49305148350608
0.683753727473567
0.801413307356366
0.934633433907813
0.927845043921722
0.792467045830338
0.389032245228659
0.782734395616743
-0.113592182057412
0.0589383682102403
0.709017171921882
-0.586485873275002
0.0577316000845264
0.425289647730482
0.340229604266209
-1.10146046665167
0.00906998332835494
-0.161838339623557
-0.764524118041382
-1.73726670356033
-0.154242424212794
-0.181944525161368
-0.0545955595600985
-0.353895686243145
-0.0137358146548887
-0.405085906680067
-0.00737689512293791
0.494627987954906
-0.424475684295671
0.519323495666855
-0.0359397121022143
0.177171894658426
-0.950244855793138
0.528294106219567
0.0200219582644637
0.173195727044982
0.409937966669155
0.22114801768474
-0.464416379800632
-0.225911357159705
-0.564248864984623
0.990415359665045
0.379429152916573
0.336992725202898
-0.505667876298573
-0.395432185557924
-0.148972233991567
0.282805625954703
0.0891135567273524
0.0539904642716953
-0.221507212590457
-0.147906871426836
0.2154676657475
-0.325515918841158
0.254472386946978
0.221963522060865
0.217138755571789
0.262069452304133
0.63014648146978
-0.00501436428490701
0.566806471350911
-0.581654352417326
-0.0294581155314833
0.147152543548334
-0.220539438761359
-0.00381401344765425
0.674259496038283
-0.234634557076414
-0.053103196691389
0.385442138466077
0.772006025271567
-0.247570706765554
-0.845271075120413
-0.735786977246362
0.0451002209774035
-1.2339156000338
-0.177991131346804
1.0171578752032
-0.355094216954732
-0.123855783120972
0.256115207213105
-1.22793104917863
-0.0276182637279733
0.31227281089505
0.438545587684648
0.644348275250254
0.0403380392202705
-0.351626263157943
0.516649322209108
-0.0499989347003575
0.74541661848348
0.51347764611284
0.32706414517006
0.130485457468605
-0.572450180667083
-0.507676695046726
0.41040519309803
0.679056045939454
0.0910522993147488
-0.157299151258726
0.295350631798922
-0.603843747623008
-0.889234613248874
-1.08974738316862
-0.202883713435329
-0.106970584054988
-1.932441616067
-0.116615994462289
-0.686166441023845
-0.380765804380605
-5.37366932036796
-0.397845360030423
-0.202381886332562
-1.10539224174702
-0.657601176104638
-0.69699484660195
-1.22907268652352
-2.82174552845271
-0.496349747181925
0.101447342378822
-1.87009119586371
-2.33048756690566
0.129957341945089
-0.561104689352882
-0.142268726556337
-0.260155340735099
-0.210380587871669
-1.35936470637979
-2.50241281925597
-0.929674613391611
-2.45221102990507
-0.146948469573083
-0.317256074040873
-0.368993086724163
-0.173333613656622
0.286296284531472
-1.62116544665616
-2.30599480908
-1.01780161392236
-2.98854589379428
-0.140272118334207
-0.645224879047682
-2.68817678421493
-0.0190652427288209
-4.28075993480207
-2.84533396366631
-0.473575469519772
-1.81264291611299
-0.778825790744327
-0.227631276725055
-0.596584037332211
