1.72752235790423
1.1787062629336
1.51675378049802
0.936854423120291
1.34598785434549
1.34835995562856
1.36945222147347
1.30421336824365
1.33336978426201
1.70068643202867
1.03202778956816
1.54589950830294
1.35472441089753
1.67863971874998
1.78666552880978
2.01887299238702
1.96873179555827
1.19193306308912
2.00042658232895
1.8018469306235
1.38855076501116
1.2057475915017
0.76372798706334
0.854263297502529
1.08682264621962
0.571238046751732
0.29242308267131
1.33698428634355
0.749566689456797
0.735126632234111
1.58280681981445
0.734790835781043
1.78818569516777
1.78211123244037
1.94935894627049
1.73042687319949
1.63602338567551
1.40315175109994
1.51679903619766
1.63830570895632
0.253839392526267
0.664080114369755
1.43966164354297
1.67132353637923
0.35915484271755
0.984565817179186
1.00650582040931
0.587352011028339
1.47915860622872
0.846586501942781
0.851014660542587
0.990393248622908
1.21079642978092
0.760740593358833
0.308424173284491
0.17933561130407
0.985631062751606
0.605050275074228
0.270553550579715
0.65227206020924
0.903637115119257
0.43708182417952
0.683167927894548
0.630982724064452
0.316234695347347
1.0690891739573
0.664860987988686
-0.87394795379434
0.744935099667667
-0.0238710100555682
0.872035000298797
-0.737058849008761
-0.255870228579226
0.137339100787566
0.309036157779534
-0.514143630992527
-0.368267600833719
0.604937727839123
-1.1586050739654
-1.20153561382387
-0.894867787929276
-1.28497214727085
-1.4160871911916
-0.88803971064846
-1.3716321985022
-0.641708551694512
-1.49950110850641
0.109103843506081
-0.699519421991036
-0.545981978803274
-0.484764501024925
0.0796562295353909
-0.0881160116475271
-0.23880346161021
0.555630884746958
1.12962309207597
0.250645333164618
-0.100525110830092
0.573061000356847
-0.082536472985061
1.0775282515165
-1.74515610189649
0.0229837477662789
0.41780170885575
0.201078484717341
-0.0344062879808326
-1.55572131764459
-1.00405722569501
-0.841072250275123
-0.277033825248786
-0.648655990319266
-0.175554001233035
-0.648145282418197
0.250314695519206
-0.786871225688725
-0.575574142770948
-0.649686764620175
0.296647318110878
0.0785719394236446
0.010696990932139
0.176042099632123
0.141482688642062
-2.24957041126752
-0.0465052989231744
-0.728603030032865
-0.990991885919072
-2.05598657701006
-1.5700086282167
-0.536784122853086
-2.45019716187701
-2.65562367365304
-0.215062791773228
-0.27822244078871
-2.08363526765878
-0.518306653747704
-3.05031595781981
-1.41940263706396
-2.24525068860599
-0.287708090523856
-0.242224500173967
-0.52634469315867
-0.16875437738588
-0.619895436137383
-0.99999366968587
-0.125832581099373
-0.295678737727577
0.310495966378327
-0.332061175092263
-0.423340632972153
-0.757901920505889
-1.32045242218183
-0.834645982727379
-1.21558594775753
-0.433169660192194
-0.466523198065841
-0.853655069877027
-0.383608024126321
-1.21858408863095
-0.707186211759936
-0.0290456529581721
-0.820044012807134
-1.00263714085913
-0.335351698741734
-1.12171349320075
-1.53829862490339
-1.10803354955979
-0.220169586529054
-0.92818263592117
0.075862587191686
-0.550998431273085
-1.16252108809152
-0.878760238453304
-1.57880381063805
-0.355950552252723
-0.173969221383422
-0.202650303381483
0.0460869305620246
-0.613108793021852
-0.768999178883073
-0.558967102868378
-0.526214332697753
-0.0903233842810965
0.280757687128012
-0.410833102257764
-0.292292335870622
0.155750886266796
-0.0870181914306174
0.00667221548614074
-0.769107187281901
-0.887051807425302
-0.547158394137603
-0.500806112501201
-1.34246888459707
0.0453871295400279
0.0267009547472912
-0.579652377672237
-0.193302577573215
-0.0881000922864367
-0.995306991129258
-0.168719763847075
0.0838147452496044
-0.0103456303137202
-0.712783013801665
-0.321816176740742
-0.443343659903194
-0.385802065680288
-0.702691092266273
-0.037316784646022
-0.199840039506522
-0.391863439760492
-0.105431667985195
-0.309931275410678
-0.102631792716558
