1.27653884445761
0.967100681567136
0.920812703935375
0.575248447042017
0.625419744891743
1.1544195757414
1.06959524974108
1.01285086301593
0.551378001837621
1.24887687060476
0.784990390755706
0.643979470978388
1.30920577759993
1.37902171578323
1.07756901123501
1.14516030891489
1.12972553567368
0.734035511096906
1.02184129653644
1.23566117655813
0.754818685409109
0.856123098515794
0.854143856898925
1.40572627119165
1.41676858955687
1.36966312498843
1.35303125992358
1.36299033547092
1.39264630463748
1.2126927174588
0.729700863906563
0.886612483899449
1.17002345809566
1.18860394519119
1.03679601262529
0.831556079489072
-0.0119592999072277
0.284254464379059
0.586810764791337
0.654849586630243
-0.851002319681414
-0.0732164927010209
0.629227254671875
0.511817524557197
-0.475133091709442
-0.41780278938366
0.2412219455031
0.294858185248886
0.289785627725767
0.81571463678093
0.222675653796356
0.40755699315937
0.70150824724629
0.314157496285555
-0.0824792459265071
0.570541657402402
0.933548449505348
1.05341017314785
0.872279472893406
0.988088399368521
0.483556574602784
0.20127425774936
0.0182653555164699
0.197529403841753
0.203202562920614
0.465119365820083
0.912375759118877
-0.837778355910865
-0.770338296387091
-0.950589457604401
-0.287331523928475
-1.39785544927292
-0.0495794711080162
-0.158734331381883
-0.739572530179988
0.774560371546144
-0.10660653596362
-0.705287813102691
1.8293657279402
-1.21807011426466
-1.49388710057988
-2.82525300602897
-1.08772900356601
-1.05906142891478
-1.79762444978845
-0.52961866784405
2.12102455630477
1.56262498450908
0.669083193292597
-0.19040008303231
0.484183322055023
0.237481105054797
0.93146314085318
0.609595154424466
-0.437825908144039
-0.01380282719621
-0.0500324503583047
1.28065948699204
-0.118673761171463
1.05879145731795
0.604310903627679
0.703934751813996
0.43635011844992
2.32744377606502
-0.483294678330295
-1.11562762440934
0.0410377404258021
0.182741450656585
1.31977183756652
1.91707101176596
0.451110183026897
0.855661373797851
-1.05989257128772
-0.77403419730635
-1.17621482040291
-1.22535655083429
-0.125592374519625
-0.653063058836755
-1.3028743721746
-1.91070229755319
-1.40823438058675
-0.840524024204196
-1.26593421982513
-0.853773623206333
-0.370064265509607
-0.105486869159235
-2.22673026230775
1.23455034963801
-1.02292435128717
-3.058359666602
-1.55250830471934
-2.48325629223095
-1.72934319831243
0.568482016497578
-1.10217366535037
-0.619477743236536
-1.01254238491477
-1.25491920486499
-1.79938316460173
-1.81660487369884
-0.96541923466295
-0.820685639165607
-0.610516245169605
-0.737969764626346
0.912454342634126
-0.768592835140085
1.4911543326443
1.07723059876901
0.976614581731891
-1.79276557134119
-0.196422161422841
-0.206708570544556
-0.175857872559824
-1.13371250348587
0.632606287908274
0.0699971119292379
0.607253398339025
0.126946177362234
1.11419690861123
0.88624795417497
-0.906575896732665
-1.30677268629967
-0.0876688808217972
-1.88078421303547
-1.27778139689371
0.585033222134811
0.605186587869662
0.440369211144613
-2.13940186650377
0.0563965524980306
-0.352383576956973
-0.198353159716058
-0.451578084158237
1.13484423151978
-1.46555128203573
0.826570398004593
-0.509273029906046
0.599126044515417
-0.233187965718746
-0.731737666691204
0.0527152799057063
0.367753568938146
-1.18832846121437
-0.461526370255448
-1.22018408448298
-1.35433184888832
-0.121447650767302
0.293832403456601
-0.441331962428697
-0.693308045502464
-0.255200923932923
-0.664576944223008
0.0375870401834678
-0.0252211167131134
-2.24989123704744
-1.3409829672508
-0.542545676643769
0.00456964168706564
-0.306778090642398
1.21015322541658
-0.657927418709955
-0.263746610637894
0.390678687202854
0.0748734962994643
-0.189814131027565
-0.0592705085257185
-0.443839938214459
-0.646097218433955
-0.601970479122523
-0.0138066935066962
-0.326390886601836
-0.722296809674689
-0.487992353043518
