0.252702156788005
0.274522821650118
0.605062037290274
0.997372261248649
-0.510576297560219
1.80536295470673
1.95798796035463
1.6179029861725
1.07978234337781
-0.366446700235881
0.56044529801228
-1.01434406933211
0.648480170961299
0.174689245427397
0.385247307736425
-0.352723859482743
0.180058937797363
0.505656861729231
-0.542199792670589
1.54439306643527
0.324418447498022
0.37800446801546
0.298591415904997
1.92990924202833
1.14332687523566
1.3878864158287
2.01797043508738
0.767613236450856
1.61233168517468
1.77227757401061
1.40785601523635
1.10568657250312
1.79731807261072
0.462097350699498
1.79091875099385
1.88163326273556
1.81752376632198
1.03427758103683
1.72480901739971
0.478051029193153
-1.44511168630891
-0.566830504088113
-2.18674187772664
1.1079965546796
-1.64693003857191
-1.21359885281805
0.559058035438856
0.384538991320239
-0.818635533335994
-0.429552248549185
-1.02919820546497
-0.0394239362304936
0.105435417502649
0.792167999717868
0.735889513969866
-0.480743963780346
-0.118387350455678
-0.758112221042606
-0.299832404823493
-0.234405976482628
-0.262989304187776
-0.176803895804477
-0.63204520023574
-0.38891072160994
-0.179062587684174
-0.419385699048504
-0.327201251279565
-0.158671155161926
0.00640492128997042
-1.14054171986054
-0.192927454752022
0.0440897469755712
-0.200273563263271
-0.497052493973552
-0.793461196270131
-1.03679869044494
-0.756608607752558
0.0798879021308029
-1.30945916245102
0.297261218137781
-1.88970999304613
-3.31753069237523
0.364994695050006
0.520579226009569
0.927742199627891
0.124693696699506
-0.645043537952449
-0.229514081287056
-0.599928736182359
-1.0397070554686
-0.45456385044515
0.318687611754702
-0.445719978789486
0.56378752605855
-0.284033949119706
0.996953528052404
-0.261297424059596
0.359028252515132
0.399609410287694
0.0138465009937892
0.672724904437276
0.516243335362515
0.718401336126753
1.08773587407059
0.845963774328428
0.579374158366352
-0.125331050203434
0.244082096526301
-1.52781837118992
-0.041219919508835
-1.42489182673935
-1.17319792959117
-1.14504200767761
-0.83867481540232
0.485112780734978
0.572316450034995
-0.657151656759692
-0.740172761770158
-0.264748973939299
-0.0975022553460922
0.609303253502004
0.848477764459027
-2.29355311945651
-0.657233420492287
-0.630064094718729
-1.50859425759404
0.566511568064884
-0.590133532911322
-0.432925824152738
1.17395982451739
0.163933369209047
-0.721847801306713
-1.61032176831728
-1.74374067367102
-0.380643821967982
1.24207411658301
-2.17731384700222
-1.98954195588353
-0.410778259275734
-0.613012472359108
-1.49923479074993
-0.224968502077908
-0.335273553768645
-0.116200880666074
-1.38337322440172
-0.582576618337957
-1.2086634890947
-1.82062915792019
-1.0801307140708
0.711234251670998
-0.766279980438937
-0.512023774212806
-1.19845704174027
-0.375775539408918
-0.679831871059689
-1.00407516635872
0.584592938924957
-0.254385180822421
-0.338825429866746
0.266152759805767
0.0661694383870106
-0.303742600848654
-0.399044359904774
-0.850387908519582
0.294443670159562
-1.41140430177968
-1.51270960651147
-0.595584031408707
0.747331345887434
-0.842889257018485
-0.424492982726575
-0.321299125739103
-1.00023885079745
-0.911366847816983
-0.0364149253213127
-0.753506614424479
1.25064835641223
-0.301820270699918
-0.321738210584169
0.851477599262753
0.902383552136273
0.150078694947952
0.992254389791107
0.810551194322583
2.77259108157152
2.14730627040063
0.483465526013469
1.62019648284515
0.18518268641279
-0.873171291468143
-0.0452966651111448
0.143093572696476
0.521175633219819
0.29702308268794
2.9471822429214
0.824520345525458
-0.133464826810993
-0.263812168961418
-0.0378140566307841
0.536393898732287
2.20171357109975
1.17317162965936
-0.857448619357092
-0.979535771104619
0.595171996449522
-0.0964035711450254
0.30250649158919
0.660941630820924
1.91163377135926
-0.875546412771164
0.166571819854792
-0.506294457374628
-0.343568515221463
