1.03839460190547
0.372984446041118
1.02397034586259
1.17141904613396
0.838994009514883
1.28520073175721
1.38685629325804
1.5383703903553
0.769380030588056
-0.403217243946136
1.04503260644783
0.8732099436223
1.16245034930089
1.30684976860632
0.898974110808318
1.00667366812337
0.911052568868432
1.40665793041425
0.903743362180701
1.37212040880092
0.995973897439536
0.575500568712935
0.709291736756105
1.08436738414175
1.12136933369852
0.813365514976406
0.593374103166289
0.915393284251242
1.02156780204292
1.20840368813444
1.55809365965973
1.39757000462512
1.11649553463914
1.31099914001839
1.38076382142685
0.383870206833362
1.26066981886139
-0.826717635885024
-0.81369077178459
-0.0802278436962342
-0.486873407565386
0.00312411878305319
0.30255048675237
-0.84807985397556
-0.175519750505015
-1.614706965286
0.736641385245669
0.053841664521616
0.72487443975548
-0.794489226184373
-1.38418478097844
-0.0200934027215599
-0.553280716167517
1.25054136858571
0.58580772649362
0.773830505996634
0.828161684692113
1.00525531595198
0.00609012998326318
0.232122333052376
1.21887201835121
1.93805378418657
0.358352038493793
0.505853526628052
0.717112512472232
1.03018486560721
1.59361060413122
0.316173526127653
0.139934873120942
0.263274855836057
-0.0216836215711692
0.0106362149209202
1.56232597851375
-0.294840087519891
-0.299004330484133
-0.565963751488686
0.4909925863493
-0.27266954813618
-1.14438882748597
0.803211212292275
-1.80781141198771
-2.32302375204607
0.374314344526611
-0.069451237739816
-0.105348050188315
-0.663178491948459
-0.5004826636598
-0.283131360179531
-0.544613888714419
-0.709342174464697
-0.397666870298201
-0.160287923653023
0.261518692121175
0.666820350311512
-0.291158143962111
0.32584497055981
-0.0951162321410414
0.0918307537359417
-0.440982495937977
0.0183562056084786
-0.352566845723336
0.120250100010967
-0.14283669006216
0.167867257839804
0.988436842293601
-0.306630707551348
-0.150480192279694
0.245706137355084
-0.165179407876236
0.833572572533216
0.54105711217057
0.53587333173645
-0.612658304560694
-0.192902429411525
0.935611288922446
1.06055155501768
-0.12864227536717
-0.475197491435016
-0.263943831322578
-0.298658793084961
0.0267726363925573
0.497652300753398
0.471217783145194
0.709982711797155
0.54914626194747
-0.00592907352578557
-0.0191979584772785
0.677771056428862
0.765053364734018
1.87638589271622
0.842715300219058
0.651937529718434
0.736833296224787
0.457357799088195
0.53802691492245
1.50372017904089
-0.281140790659004
-0.125122487700684
0.153351080427067
0.025213637186837
0.10720203452153
1.58045045458026
-0.157534805934352
-1.80345466023751
-0.166135708085478
1.16227231425969
1.09814387963681
1.03833394504291
0.147942275916495
-0.344878486003827
-0.481280241060473
-0.757008448397093
-0.165685664370083
-0.315229878024865
0.369061133894732
-0.486040033079586
-1.03993539774746
-0.370423866468202
0.223707814417345
-0.266424616663862
-0.366906246001029
-0.905363992370788
-0.446122290784349
-0.218243967690837
-0.154502305102129
-0.994353589576842
0.395601368109682
0.948705971763898
0.488202863749312
-0.973666626760526
-0.849687384367912
-1.11620402265973
-2.25396422058542
-0.0655810887648972
-0.316596942609311
-0.936812536161676
-0.0137369826576505
-0.09722781298826
-0.95557604042487
-2.2915114068449
-0.425473220606089
-0.966794906478048
-1.29394686128655
-0.279074400025141
-0.07007808178333
-0.584163441815334
-0.0127330277006587
1.47068390248707
-0.256660412245473
-1.67815145033448
-1.70947713756899
-0.586828761360332
-1.60597393014066
-0.727842984436521
-0.496207627655443
-0.0339450973933677
-0.501656376811165
-0.791389501694527
-2.27802454590974
-1.91941604927025
-0.0734531682538883
-2.66652941214847
-3.05945514606692
-2.62749524599157
-0.683151698366542
-0.213438885009748
-2.20948064961016
-3.63878616555238
-2.25301584894517
-1.76757641959424
-1.08383585345328
-2.01174689399081
-1.56368488142156
