-0.576652569728519
-0.0995720887913701
-1.22085843873627
-0.0121595127557318
-1.0976152557655
0.0627306299735336
-0.00274791578699581
-0.0841709341910522
-0.466898372751902
-3.64154571257096
-1.07730580404817
-0.237441278748871
-0.688103502625507
-1.07896898943677
-1.01122766925408
-1.05067614720064
-0.748858945953899
-0.125877157617871
-1.06132952708847
-0.110767206565672
-0.474171478775644
-0.338998583191728
0.0966297415131946
0.00373017218722389
-0.20907797176109
-1.00141044849758
-0.952490289535623
0.111589515157708
-0.573241169263723
-0.0467137007631355
-0.204967652051461
-0.0302791952355521
-0.111377547461012
-0.152852390552094
-0.521700018823639
-0.610376215847934
-1.18853876867454
-0.937811010148281
0.791724062669513
-0.803146041306211
0.254770274044476
0.445116801141414
0.0805496410226698
0.244271577044228
1.0009187062367
-0.311309929384654
-0.0782098017708013
0.344983353050318
-0.0631921646621509
-0.214248353977315
-0.0512927814460648
0.173241733480694
0.229134243399561
-0.357497344310845
-1.15168344766836
-1.03112408234146
-0.154216150300285
-0.687861159584282
0.184126676850114
-0.102168369061895
0.703662150366642
1.16250327086664
-0.673883665685105
-0.319305373138334
0.790531741909027
0.492277692240049
1.15013741329821
1.11987671263683
-0.564691813891052
1.22024179452616
-0.0803887413393551
-0.0254009010399281
1.54972494169429
1.61187272099697
1.05310020165824
1.24400246443029
1.13760757531808
-0.266554332326884
0.618095625153675
0.597162724523041
0.0644765097027293
-0.57445367078
0.591707065531116
-0.561230437608942
0.0155052115452579
-0.400614366120355
0.412881554984704
0.355450042934953
1.07591313256039
1.72942039748883
1.22015843009445
-0.542046033837061
0.363415350578022
0.0339396409001336
-0.0136123196983344
0.953775685894436
-0.695606030759614
-0.943952443493134
-0.090968350057998
-0.603704974179605
0.249621283785922
-0.0831714751715123
0.55510670714812
0.788890339631469
-0.810441376429647
-0.560443563871422
-0.992873401177586
0.414388208804053
2.02632263706578
1.47163113821308
2.30857136344786
1.16756318728054
0.320942258830523
1.13970167844051
0.487445600183389
0.504385238330626
-0.602388182402272
0.539875655758721
0.834061596940494
0.329433580292905
0.120105083214508
-0.525967012654677
1.9983301981362
1.28649838976887
1.96995279713922
0.386909317674792
-0.0456432207584307
-0.228795390753273
-0.135355456073074
2.13963218493039
0.837804373577047
-0.0671050605575078
-0.110485577457778
2.23423947611124
2.06468525749377
2.25744475022147
1.46204666207998
3.14661744219952
-1.38846876961293
-1.18513115028021
0.535950338007971
1.67811026434812
-1.12291220592415
-0.615229524686906
-0.843049793501764
-0.297513084722089
-0.777357749180371
-0.62298888578698
-0.484080717725004
-0.64128985098021
-0.345176569817178
-1.15589747855651
-0.893607809032085
-1.22245010959339
0.104241741641556
-1.3294785136495
-1.45105444068164
-1.44091073829425
-1.06804397859907
0.0721937379518505
-0.755893737032281
-0.783466509663828
-1.21408350548799
0.00460459913364383
0.633670907755786
-1.4331179345927
-0.59759212088441
1.43890728775853
-1.57011123227326
-1.17347560581885
-1.42873360713719
-1.29437743667569
-1.94667664379602
-0.25330306125597
-1.4346454782311
-0.874584230732892
1.98409305999151
-0.416769164147349
-0.482776296299656
0.826062720621672
0.248869050386111
-1.21460638522019
1.63459581731236
-0.07805294154135
2.39894821729572
1.94841078295911
-0.585256511121442
0.709520252628375
-0.677964533046739
-1.31209491222073
1.11880665474351
-0.338415799422683
-1.27040215569721
-0.645899247825567
2.38141395754182
0.782976429426668
-0.971031387550889
-0.889316398816611
-1.41920171057381
-0.350670958365195
0.652533409242429
0.499916820081713
0.592392311482589
0.764992727693749
-0.874753236836247
0.865559557036314
-1.07296647598933
1.3503736638286
1.42128311320404
0.508511980741223
-0.821321260698447
-0.36779967746233
-0.784285194799814
