-0.327185422994358
0.122418367239113
-0.302115203235532
0.859640097154003
0.321956797021818
-0.676457891709089
-0.518571159055772
-0.0800261822846888
0.672282765269158
0.587200594452089
0.243223199886043
0.897877600622576
-1.46457525271593
-0.70547329679068
-0.375441477174635
-0.265575349803642
-0.0719662281191402
0.995827581611489
0.237859956185833
-1.0745518231591
-0.294008184603017
-0.235462954672546
-0.262681895954616
-1.57180935370321
-1.31598070111418
-1.13268495858435
-1.07068720936098
-1.37217400545547
-1.4953387262081
-0.741605436555911
0.372197751534713
0.392115146684855
-0.662225898496354
-0.608993219732054
-0.48837249066088
-0.629408805300358
-0.239711781485674
0.112401912335478
1.02977482015613
0.111024139941706
0.68215805481304
1.29400669180126
1.17523092854966
0.0831361543916805
0.419408893735529
0.707281578136338
0.387860799545098
1.42997245613021
1.02359297930575
0.453811647462227
0.643864559985227
1.23647181459456
0.503323154997646
0.962413160983013
0.545951528167595
0.790079906365461
0.0458388611649162
0.17733212494448
0.290056367563384
0.978719779389255
1.54019822522701
1.2722050496383
0.742774265458929
0.980117207971765
1.23274383964504
1.28574238674628
1.86573911400792
0.652638384333207
1.28367038838818
1.10678200650401
-0.0932204758317266
0.428880386529201
1.28132321529671
1.03327252248042
1.13462639218513
1.55631310145572
1.01997091017138
0.353516039050862
0.836905355875334
1.42535528031065
-0.683439803468782
-0.60206936889508
0.2466285210583
0.545903235173283
0.537474728599729
0.54985563085971
0.640263238453803
0.0553570653838474
-0.600740618587608
-0.485252069918356
-0.675005335007326
-1.41256485370132
-0.500125869822972
0.275586676216467
-0.44412999158581
-0.15769516238926
-0.176047208305332
0.87354457742266
-1.08197838705574
-0.724024641631799
-0.289951322683327
-0.815542943106757
-0.194085886028182
1.72241540560393
-0.720152165051117
-2.29041018006846
-1.13603603362343
0.751105479797425
-0.43376521591745
0.880245373461099
0.796615740287249
-0.432774415889542
-0.910001135345735
-0.869594808082947
1.23224867988485
0.75246112085927
0.16376133361652
-1.33244945740224
-0.382414325672893
-2.10407591581161
-2.69432468766884
-1.28784723227549
1.15966245198707
1.92365432404173
1.52568511679479
0.805638807833428
0.882325980163279
1.45712409721836
0.963404882587845
1.51937880335724
1.21593552293099
0.969277678591279
1.00481158072729
1.95729954232952
1.58949691625274
1.84369008937171
1.28944742884547
1.75361456964238
-0.578810554940627
0.930491019772757
0.956719193424755
1.32858808819594
-1.71210955777497
-0.343816322782489
0.318520377817928
1.22308633500993
-0.141446955562595
0.743767787411953
-0.230747138087829
1.03675223540832
0.787747370904429
-0.840461448316831
-0.961011128700313
-0.853166050952678
0.735712105904882
-0.0660430753807364
-2.00277690596431
-0.166318126108425
-1.05888886349853
0.0780234380638797
0.311281174883675
0.254477204210628
-0.221331432511024
-0.262342789964683
0.563843990587515
0.24007555801447
0.878376120228629
1.21979528957207
-0.443968226223717
-0.867006400330451
-0.638630408066075
-0.893645401001731
-0.951442823531394
0.493250912910452
-0.217156830651996
-0.972235570073009
-1.67202006625432
0.264214110281654
-1.43697567045986
-0.575209077191015
-0.868008964730557
-0.989108880961813
-1.04100290759047
-1.53965602653835
-0.929250778836198
-1.67769180198095
0.587506550555836
0.928407870481766
-0.666707730342485
0.631061427002502
-1.3754865618822
0.986356871706825
-2.08671616705249
-0.103741119326093
-0.577951478893111
-1.87457730896717
-1.59922297759164
-0.167499606460864
-0.26184077826494
-1.51265207070548
0.573392397098339
-1.87505310451259
-0.0419381423877236
-0.924002725182845
-0.400563598809911
0.26715924739573
-1.01581584565567
-1.38456623400943
-1.0327486484334
-1.53446412193206
-1.49275296487008
-1.52854152240055
-1.91968020718742
