0.0104526516423009
0.0518960752821634
-0.148438538594502
-0.388300791216184
-0.862322740167953
-0.645109695870861
-0.489320809577283
0.483526537882517
-0.552002275172835
0.409978798549915
-0.717287856144895
0.235135526009875
-0.901693322423199
-0.158318839246216
0.231204008250959
0.29715807499812
0.494356303016734
0.441886147395642
-0.023230431948964
-1.0933216323728
-1.33131990540958
0.100556094348575
1.34483468942112
-0.582280395210621
-0.905209384189907
-0.332866336393272
-0.485852189033718
-1.08071448853106
-1.12676455577583
-0.505271365890653
-0.247788082258975
-0.650878518976125
-1.06837302422469
-1.03916611190784
-0.664207810394593
-1.00307312609608
-0.313688921936303
0.842113329782759
1.31398959065009
1.72495825882251
0.101960815826239
0.553297504174119
-0.14979969672576
1.6619637441687
0.548538543876992
-0.332375717699909
-0.292930122932189
-0.0435535833083234
1.00414208557132
0.129517250282392
0.275390014852267
1.4794831292119
1.78256238604747
-0.487793145969881
0.399231664206557
1.20145509585578
1.83574680859728
1.63382989367666
0.956819673567358
-0.430856291349478
0.140738842213114
0.420923074894123
-1.08384515480924
-0.633739851354287
-0.284162803258683
0.355954496522831
1.11353839924299
0.277844001081208
0.122956981248205
0.0230431815849164
0.0691065897937148
0.258853858635709
0.360558335518435
-0.0105585751313289
-0.937250079430688
-0.408180255433599
1.31678328423215
-0.296728321157412
0.954307147249214
-0.717065716588302
-1.31487211383161
-1.24419108010542
-0.56516198519008
-1.83681262817205
-0.0943824369644699
0.15764321088614
1.3073905145106
2.2975064469417
-1.35973766249933
-0.71406669236939
0.602451840330142
-0.871163832884514
-1.60532976258271
-1.32344315321541
1.27846584611062
1.72966953848029
1.59782556772138
0.0877404920587865
0.905052130016499
-0.816228668896254
0.562848162108218
-1.45754143821981
-0.867331690625403
1.02339295031133
-0.974848067669234
-0.637799360223636
-1.53089506664655
-0.433826960429972
-0.438400927596679
-0.716628000039704
-1.70758361250855
-2.09597626790414
-0.826515750940814
-1.77083433059221
-1.84534767274787
-1.47428935847008
-1.29870840486036
-0.679665520047805
-1.24198633946743
-1.23102107042449
-0.670114708305029
-1.57816067577979
0.66297510894288
2.27318080281596
0.460604587089225
-0.438778035106874
0.0466414984366551
-0.158320347176359
0.95267923834628
0.351848353536928
-0.174921621053694
-0.266405960811937
-0.460860630009717
-1.25737555789863
1.47531399858539
-0.499664305156654
2.16125082029424
-0.357943693395617
-1.36741412876445
0.438885081122722
2.67026919686336
2.49777542236268
0.130620486708073
-0.771974253821176
0.52756896417218
-0.887455143809171
0.07841245712632
2.03168201659955
0.0876760846840398
1.9815032384178
0.429526328823424
-1.42498209427112
0.74025361263422
-0.377118859608555
-0.427523940342476
-1.27281634385866
-1.4610655808963
-0.858016477969828
-0.548277567340705
0.697805634115485
-0.964009498896735
-0.074415763340251
-0.223048851102992
-0.361565160275764
-0.741826124225563
0.222685090567496
0.624356449376464
-0.304773154839732
0.829811385480923
-1.28707496419975
-0.775610496228978
2.79151038915914
-1.35040914395354
-0.261779783498133
-0.35471701641803
-0.736574363484419
-0.362202487444897
2.12229201237334
0.0706440595724851
1.68337997297053
-0.561116933480794
0.50725957316584
0.539073382515278
2.02159518330788
-1.16817695466335
-0.0478327744230489
0.610841495704415
1.00225695783341
-0.8120085185002
-0.757349597664997
-0.638457490505923
0.354956111379451
1.06076192730091
0.817121104488273
0.54213852381661
0.518444809406011
0.225152460757414
0.0573563307382484
0.925224263934424
-0.470900678392225
0.405308360867274
-0.00617496363034757
0.459802892693173
0.420683706901719
1.7182478086268
2.70709159092864
0.53775100929476
0.553488708442647
-0.179310938174143
0.0841683148980611
0.71201732123348
-0.566843664742053
0.333125850629454
