1.09543948587292
1.02696569819818
1.47465661262742
1.69781998270161
0.911399411552485
1.66445135242379
1.82862937592136
1.89184121224854
0.958608123663876
0.973622172939423
1.52883404268978
1.69278973942939
1.69508917598778
1.58905183560678
1.65270409644027
1.59847024680925
1.46474854412316
1.43698860794401
1.58396817734745
1.44607306394226
1.35074643152988
1.24442692297745
0.705999295014505
1.58121029547805
1.88190042043262
1.57591342211513
1.78088321550492
1.41930927067643
1.39523183531139
1.87582861912171
1.29621082230949
2.01355032476046
1.29741476454539
1.78450330592002
1.30597435861867
0.978136989343688
0.709982655526464
1.62329649617987
0.0780221688976594
0.576689010327864
-1.0155850575711
-0.734825280880972
1.41269843319266
0.670827898561375
0.182114238872983
0.236209898197648
1.0909618387383
0.613812942807216
0.617666643603707
0.47668268120442
0.302655597535134
-0.140852627641935
0.478328684051887
0.958806185025716
0.0847978542356296
-0.281417345992637
1.15331924390549
0.399776958247561
0.117411348845552
0.286733601663079
-0.0852249975179079
-0.588679282242882
1.40456084171401
0.909265281937551
0.166052446337285
1.28369301454676
-0.0640172368039751
0.351952273787261
0.737406553654954
-0.705601335237177
0.32648189699471
0.41919429912354
-0.444796881335139
0.881297601817043
0.127307628511677
-0.306541483470562
-0.359901526431527
0.204599266581348
0.220280147686551
-0.625925437563311
-0.210363929262814
-0.875173954012895
0.309914003422775
-1.85048758714853
0.0111486541160649
0.211339804894632
-1.01890370007628
0.478709019411484
-0.710353882869828
0.0995123337351563
-0.0434790454799495
-0.103182002811492
-1.89516693162995
-1.1726879937024
0.303229511778
0.100982922988586
0.35116092965239
0.113138661028001
0.334259995094389
-0.668272995461637
-0.926444905967645
-1.15860398662085
-0.87642660712033
-0.136321402078221
0.11747342678791
0.498559738706616
-0.730518368246549
-0.581861631774916
-1.00221276043478
-1.36456897624865
-1.02515469227996
-1.9920573165948
-0.273602348362502
-1.06704386504322
-1.6093742488959
-1.0440821939835
0.0325742043490391
-0.855936575329313
-0.461717791927845
0.334136282247619
0.713859110968232
-0.582964281372382
-0.472016543824669
0.0261949125919287
-0.679091409216743
-0.65746190605739
-0.485787660767103
-0.850139467687382
-0.104572945894281
-0.526420849919854
-0.607982346225082
-0.477123071155747
0.364654398629177
-2.0727949614027
0.154682920834493
-2.02882265433681
-0.859071202472254
-1.29383157724427
0.226866638319101
0.00606128523736357
-1.1885275574549
-0.778714830370245
-0.107319993401697
-2.8241114412799
-1.81273905933456
-0.984696804561683
-0.711698034755287
0.125813281212578
-0.25341340947409
-1.28631160441479
0.0678329518709859
-0.234592677261332
0.129495062107642
0.405548183390266
-0.21920156149361
-0.418504963838848
-0.131387441124296
-0.523505420258401
-0.0901772274792298
0.508286233315871
-0.547191949955589
-0.566455416520328
-0.231753835109511
-3.00261974475501
-1.49614264237456
1.08260114978449
-1.00331434369761
-0.613845131475058
-1.5391127766792
-0.306651799142466
-0.403396728836583
-0.755219725058445
-2.67599918313719
-1.74194795628816
-0.431759437829019
-0.535079334996025
0.278378814293305
-0.358084706443345
0.00641748819249521
-1.13998324090977
-0.362903944906362
0.561000930887425
-0.738322432654235
-0.545054618768933
-0.84196560794511
0.154015747249888
0.0604504971418171
0.188179036916893
-0.420442412293064
-0.360658171046845
0.0405834196166472
0.372549483460105
-3.37209708346113
0.177517186322747
-0.646782771249934
-0.68581410900795
0.134608184782627
-0.421285550038795
-0.80737847947105
-1.08120037089131
-0.111383392026437
-0.209302564885189
-0.602640694283487
-0.178258459678089
-0.160692672244815
0.642091433339595
-0.203030950170736
0.00279266507207204
-0.27115982781754
-0.225518609340985
-0.508230647287613
0.518387846838252
0.325747177779802
