0.495556964310147
1.78432086733873
-0.251895925447567
-1.07712634916409
-1.33099607807418
-1.64779481459731
-1.45921673558404
0.743939049949776
-0.321966708878076
1.5162650424176
-0.0451950158376733
1.44619900188521
0.428249892864363
0.012183386472414
-0.0208029642224916
0.785200431073504
1.1520619702209
-1.00640444027421
1.1488168340624
-0.0633394084863175
0.268957117756432
1.72867351801226
2.49284132843434
-0.0013009723585724
-0.244559661652532
-1.33702893309494
-1.56886551771644
0.644879079942373
-0.0746987228067953
-1.59141099413135
-0.380500411907417
-1.30561190734125
-0.962997037262344
0.104469985108365
-0.502329610820268
0.812830511839268
-1.12495318771928
0.689258803953376
0.00608802687545774
1.19001988192677
-0.28133382009986
-1.52022357487318
1.09164869545937
1.71323822461026
0.218980130948758
-1.0818954022072
-0.363617457341668
-1.41329182030657
1.94142254332057
0.108307521631725
1.55348989363582
0.132020641935696
0.96861473702288
-0.118337211029332
-0.268540643215744
0.909611944341205
0.501848913171223
0.751342010311252
0.855569590604696
-1.59373421199714
-1.41702845348806
-1.41508055766315
-0.317054057136734
-1.290495877142
-1.41512755011161
-1.02297266028275
-1.33395739465683
-0.808467965416804
0.330350023996486
-0.988660193442859
-0.44313583362655
-0.0507619290460418
-1.53256787178012
2.22632408812836
0.665619039663758
1.21234412265997
-0.46892747042783
0.545851631160945
2.15020019674421
-0.159503681313724
-1.26560567123063
-0.90237421307402
-1.24825307936414
0.0592247208252328
0.211635297387807
-0.621124422245396
1.54687856842308
2.50445893110121
0.0494341865201313
0.472122180074792
1.40007215303843
0.207849831977067
-0.599434873893079
-0.122183559693764
0.195735244359901
0.273720881917822
-0.718081537343585
1.40006623315563
2.14880088043181
0.603056429355968
1.09430024464198
0.154881145957459
0.0668255990138759
0.676820463357585
0.0091300524387531
0.985006622376658
-0.271849060027523
0.258844288961554
-0.202158531745481
-0.542453185981351
-1.58128846869257
-1.17339405937606
-0.232805069767887
1.09482969539233
-1.3715277842992
-1.60039642375696
-0.221413843259025
-0.695892169322059
0.131834073970049
-0.609334117057353
0.497497822484416
0.378136784777865
-1.23231092767118
0.133168386258071
-1.54487579104079
-0.880377023809563
0.70566572230117
-0.634421167504521
1.08322973206086
0.260716722348062
0.0950591099726736
0.204213008449011
-0.636621475432204
-1.80839838440391
-1.20413933604021
-0.651019908214502
0.495244283258346
-1.34334174452443
-0.695836994190005
1.10985783829577
-0.305964595010585
0.773311164236535
0.586839562448278
-1.73282203118519
0.267311749676715
-1.32479054895024
1.26577013570419
1.5059861692034
0.759548646460318
-0.388724763108747
1.26390150116105
-0.541567770288157
0.517724686156577
-0.615669037529289
0.209455457922586
-0.894164812308593
-0.335241363879915
-0.601298333317836
-0.112710681345716
1.51669614667918
-1.14043321927102
-0.892787395309614
-0.0213399284820695
-1.162933432975
-1.87110087572707
1.53562908500679
-0.270481116360355
0.379805022943748
0.230966732611529
-0.514963512581899
0.00507969116479885
-0.0148530502827037
-1.08237135378301
-0.346863803390623
1.15483662437274
-0.928290283678449
-0.869036920476762
-0.0919055842107601
-0.459893141265021
1.4900592643973
-0.552880825820571
-0.698795746767822
0.291064526948754
1.40820773273679
-1.38170876032984
0.194579557489263
-0.188483891904778
-0.0270960591583571
-0.642529835881861
0.181040091236871
0.193318174117022
-0.0471645026439822
-0.031645645447309
-1.26530982291274
0.379738012804608
-0.361763945973848
-1.04367227908386
-0.817661809341742
-0.243932978039631
0.0298386307277921
-0.890799842005656
0.806198999971094
1.51867311745903
1.84505928897475
-0.387055694701699
1.73649533582326
-0.0544156316390631
1.75842529778602
2.10484712729267
1.4588502716423
0.236915719139259
1.77906744658114
0.168594933763113
