-0.253357105632797
0.131376910530508
-0.518504512437767
-0.00681677975201483
-0.612816935189966
0.300434529074436
0.633870979741332
0.643833749951518
1.26426093101931
-2.17639010453352
-0.789823694942139
0.491807270528072
-1.04638577374763
-0.881702170825082
-1.50534063937636
0.669033961386809
-0.856350783241559
0.985639518759844
-0.119022897022721
0.180273869398307
0.137094048120182
0.37847532709901
0.810057908203621
-1.00084368778529
-0.673185847933031
-1.52478447716357
-1.11605730577845
-0.89885550655062
-0.775639575688626
-0.419395574066749
1.1111887885146
-0.434666501395937
0.298102171626119
0.400237579205201
0.0510928486828601
0.116786405657905
1.19004690061926
0.805980119083002
1.70520926264899
-0.478131982226062
0.672713254143631
0.152544199766506
0.516704316962952
2.1123357538852
0.292507331351705
-0.128649003014193
0.0931543164457626
0.0520503107016077
0.549618107220959
0.471796195223675
0.728563992582579
1.31694592387095
1.30610569348762
1.03661987920928
2.27119044615259
1.96557083204225
1.46510963233843
0.967918161591089
0.854613939432521
0.568911002904487
0.398747823975788
0.637274350719631
-1.07192852711496
-0.72776268940968
0.922177045317706
0.31016992029176
0.750797155191584
0.922957579412806
-0.741249234912575
-0.0173185910901823
-1.44090901911084
-0.068961707761003
1.79312099781893
-0.253216725282372
0.0938373730706977
0.230831868778046
0.937426274883596
0.374338889404561
-0.0772721545605414
-0.0245228284022419
-1.16044441165796
-1.37935724036105
1.08822800869544
-1.17819083536756
-0.398431331397974
-0.560352990220157
-1.11640313102996
-0.210768070356278
-3.38256897142846
-2.85009464360674
-2.21536261656786
-1.02580678140509
-1.55006569111466
-0.704824761348256
-0.640411327513469
0.258583765479608
0.0562168456232602
-0.0966248751387202
0.202126345171367
-1.60806528748742
0.415205361447237
-0.418455120741573
0.579130320770166
0.657934303607669
-1.17607192342746
-1.2493100207608
-0.602451909385315
1.11237894183279
-2.48596601785878
-1.24648316451501
-1.61011963304166
-1.85375080878803
0.529011921751027
-1.93810745939296
-0.0073049529093423
0.021647911914803
-0.618326595848914
-2.22860387386267
-1.56816578187225
-0.918390916310626
-1.42409308169227
-0.94326427795457
-1.85622305723998
1.59398169766111
-0.268806367521414
-0.830296028069387
-0.77135022708211
-1.25854747240147
-0.0505492747765782
-0.0364072743417823
-0.266250883833926
0.616498942932088
-0.518120971506555
-0.382135434536795
0.751864503625168
0.292658477108454
-1.73749704040792
-1.45064350005815
-1.23624750016376
0.731468180782131
0.580667378673319
0.279737439587888
-0.865368462586835
0.893696658129814
0.102435253194399
2.52557590131234
-1.02852025417247
0.355200659669794
-0.374158805381294
0.869915585270134
-0.104950692321757
-0.416878906861369
0.56916248890494
-0.353633043331043
0.4933784087775
-0.621968515247717
1.93277609169223
-0.845014943120928
-0.178523851059648
0.894608139777364
0.29369719277475
-0.0398330772552696
0.805686985852073
0.0999566300817279
1.25309219502002
-0.0783076503256487
0.205506947169517
-0.0630052452318949
-1.2313510523681
0.32620228837645
-0.0906798593624309
0.421836468382393
0.845680125387294
-0.565617493266738
-0.0618885410009086
0.0467896826786552
1.61295707345634
-0.258301417137058
0.339604557331229
-0.528282687708897
0.533677843907424
0.392762204115875
1.33582095358201
-0.312155589627776
1.97478727271257
1.97980466231593
1.36943670268575
1.39257864828585
0.121949077797286
0.147267262484533
0.810698176527787
1.36297670385426
-0.623972442500932
0.798331010355466
2.02635939513167
1.63521723756902
-0.11711498113647
0.200198805762536
-0.288527166663017
0.236006906081885
1.08436252626991
-0.431221572604388
-0.418242841760674
0.425005574118984
0.676390875703725
1.2148087219436
-0.747710903207508
0.230149268356373
0.652266827693773
-0.676525174957639
0.141024624637525
0.252855692555178
0.270038740069303
