0.863938297203203
-0.848467088271227
0.772667755862283
-0.261346219973033
-1.11121433891236
-0.665486543464933
-0.857625172348578
-0.905629827848491
-1.18039177572105
2.37375578172305
-1.30688791244062
1.2673592031106
0.59870966934059
1.02164414182366
1.44296196861048
2.08384280985703
2.44613155272284
-0.243810246392992
1.4933585063541
-0.492366443830901
0.49308466558716
0.815007637421343
0.728276523978525
-0.605643022253305
-0.768741556650087
-0.854840836093938
-0.799958435700095
-0.161679585533374
-0.448138368978299
-0.84753092565002
-1.20927710491569
-1.16088191775998
-1.28506689199667
0.377188619440336
-1.49286867808603
-0.533975453365922
-0.978737847350756
0.58172069797383
1.46551814009011
1.78948854217255
0.877900816846259
-0.0258784896076649
1.09511728040282
2.45116740948965
1.51654745945602
-0.30841050995881
0.0756118709814165
-1.24921895880099
2.02149030363164
-0.950785529096907
0.428526474925248
0.307356009055377
0.27147470888247
-0.112690583127847
-0.102601958996302
0.52806119108611
0.507594728327779
0.528170192340183
-0.599478177963506
-0.733582439272905
-0.789082557483502
0.463593728521326
-1.15762944983898
0.403199904922755
-0.295469090945197
0.762864304345708
1.28979552959261
1.54207577009372
-1.12446109094072
0.31892836107183
-0.729198352730961
-0.0277363299180469
-0.337291059522213
-0.99853683033937
-1.14816717231029
-1.17387476281524
0.868877043290355
-0.234565360962215
-0.485658078443547
-0.853541419665465
-0.898469112156005
-0.624761281142444
0.577309275669339
-0.140206413789463
1.21589859056393
-0.233496840422722
-0.166885833871855
1.31829975107237
-1.22877010907346
-0.854375567617545
0.251683504892332
0.469792377823944
-1.78579698821622
-1.7817701848496
-0.545243090377146
-0.427817451735928
-0.851422891498164
3.06954668619179
0.253538197127875
0.312467259737636
-1.3536852067079
-0.866818614477675
-0.448143084254385
3.1192610525108
-0.521519331144572
-0.71222370249523
-1.38275890549949
-0.52493086721006
-0.960086659601325
1.01084148053584
-1.42188717371046
-1.33211389650935
-0.437837228537159
-1.58002660270722
-1.82084399073788
-1.60138792181806
-0.877952254387999
-0.838510648941192
-1.42572789886574
-1.09749933295021
-0.613087230568775
-1.74851212954572
1.26993229386732
0.00956263180745113
0.118858862830194
0.0756071598202706
0.604812607132942
1.41383389460109
-0.396943659990569
0.340982808336067
0.720076543788191
-0.877851796638172
-0.760967039293548
-0.750033200766217
-0.720877909499094
0.499163848341113
-0.207077945835073
2.31413100501823
0.396383498557597
-0.913692714798652
-0.558854397132654
1.36644578942999
0.137715538791995
2.33004724137909
-1.33265084577309
0.394680903994604
-0.521473740618656
0.319522490938842
-0.00178661436811867
0.270540526840529
0.718086663179972
0.408624616924601
-0.993008252061024
-0.0750764011089464
-0.354125437623528
-0.866395171783493
0.943087946694423
-0.547959920190903
-0.633758592856178
1.25847418275612
-1.10099119835103
-1.10244668689206
-1.13519317102214
-0.988590799626733
1.07664681481009
0.365117374538669
0.819877998043332
-0.780175982302742
0.0551344274957027
-0.613122316574881
-0.286781123878551
-0.112306723715311
-0.535225678556343
-0.0886238569825185
0.142210397700073
0.13405555011706
-0.540114653118526
-0.129092517160391
-0.425710187515136
0.233942692144743
0.569935704781769
-0.396770246017758
1.34154996815841
-0.205716437302467
1.19806023256516
1.47758294070066
0.711724303416668
1.12683510550976
0.609990932212087
-0.703753018263
-0.0334873891308792
0.508243239961082
-0.13256702627841
1.73094248368032
0.312975489378067
0.618652369886479
0.559523818432562
0.0885160002719858
-0.042623350855431
0.732480967931487
2.71293215356214
0.29746602969762
-0.225389321818588
0.0286234567317195
0.358813619619474
1.47871752404628
0.65391224638745
0.954146579647058
0.426709415366278
-0.442476876041022
-1.26951293757423
0.482964589242711
-0.824303276712322
