1.39057158559039
1.39408124953157
1.0894701129992
1.13356981850626
1.04681451620283
1.38239093106103
1.38416087432005
1.38617403557563
1.47888101080373
1.19215112657295
1.19249739795854
1.15422599069005
1.30171969730962
1.21243170285457
1.1695805794373
1.25769406972639
1.292187754097
1.42105522656429
1.23833477161776
1.42113654327641
1.45221263317747
1.49961589885765
1.41580869683865
1.2862580565201
1.34643521871588
1.27600519468547
1.28662098093177
1.29422681103015
1.31199108207246
1.26791729914578
1.48346812461622
1.23614320199729
1.33137280502173
1.31815622510904
1.55733629475057
1.38018337723207
1.55834660711772
1.48254791130578
1.63698632046539
1.14939841880676
-0.269497156526919
0.651889856602843
1.03153507790521
1.22138253997346
0.245394036461053
0.479916511580727
1.23903897895512
0.982916584217471
1.06882415537404
1.35764660902888
1.40976126669249
1.456366484719
1.59126946353166
1.4140852273619
1.26935342468294
1.59937040595312
1.33485138810239
1.42563404393309
1.39266207670734
1.25732106042127
1.23832786529821
0.88240128856577
0.38321729024968
0.744582328363575
0.825970526833453
1.37420103235844
1.26332066375901
0.356506170023121
-0.224137517709893
-0.183538214679995
-0.299509550160296
-0.11197525991592
0.29066438029871
0.0341684511445671
0.101418452615739
-0.0581277519436711
0.128534605924191
-0.810013729847596
0.123260567429769
-0.238147334497378
-0.387228318019214
-0.919532839889856
0.184225277767506
0.316612178987438
0.137992138752719
-0.372579420630452
-0.187289997291995
-0.964176311429363
-1.67872618049177
-1.40483091008034
-1.13148209492426
-1.17751273456211
-1.708308662183
-1.40841870496322
-0.229866786264975
0.542466646705588
-0.278964754769451
-0.180699990050016
0.572377271700183
-1.53760142775901
0.537043843424906
-1.64565201275755
-0.103693097617287
-0.151286083773444
-1.04317680526054
-1.47145341122053
-1.61311135985774
-0.476092752958373
-0.886105810454919
-1.06415727203589
-0.806475895144392
-1.64464963689683
-0.990413521891112
-1.45648874171261
-0.852622965560234
-0.733851188995962
-1.28773370488834
-1.10760346469657
-1.27245927567496
-1.27675279053232
-1.24394237022066
-1.15756958918206
-0.982440253018505
-0.0895251478640594
-0.415643642085883
-0.882937548508116
-0.636598058001006
-0.47693063534582
0.0861987148128163
-0.894208916598814
-0.852212517518957
-0.0265906812074271
-0.0114810790423393
-0.493451792612719
-0.332536231103033
-0.717202496553741
-1.40448462282124
-1.0853884367583
-1.11501088491509
0.535675379652061
-1.14663236577064
-0.685813458150325
-0.624340049285976
-1.0104717803111
-0.955851365003795
-0.733345787029719
-0.765995749778059
-0.777701056279906
-0.563342251723125
-0.147100360369504
-0.719658183197913
-1.36928136412435
0.544380922806742
-1.42832937590307
-0.980907072110535
-0.959706376196953
-1.85220767106276
-1.30456054448745
-1.01922309371879
0.529840548110434
-1.53590718980007
-1.30517527682751
-0.954802938531545
-0.358494627041329
-0.139511837792271
-1.02536711515515
-0.4424526817709
-0.113087787193184
0.316926344776111
-1.25608855711815
-1.12730441443803
-0.231844642725978
-1.2150952685948
-0.908158131869719
-0.227767981618009
-1.07024930552052
-0.544289316293766
0.42450035657981
-1.22574946522914
-1.06703019595362
-0.758683470504783
-0.785574200995638
-0.321599799692182
-1.20761250045871
-0.513175228260985
-1.02007347962561
-0.0640383427915669
0.0340474223318992
-0.51710259164565
-0.698227014312693
-0.767643513160059
-0.0562002002825295
-1.39847230098074
-0.510905483657797
-0.522090999871126
-0.291897377131745
-0.500887923149364
-0.765433237749522
0.301441323223475
-0.888066221164915
-0.790292449928669
0.63189072274317
0.290076083990596
0.413649851731612
0.907575102959058
0.414747469772786
0.361494548294903
0.270906140885827
0.226630669558693
0.852778231930917
0.0414649979891587
0.12582757259829
-0.251801413028413
