0.416277760684857
1.27386758207381
0.781086310484929
-0.506305709169974
0.316974195814064
1.91810755409909
1.62453652310817
0.488595971426666
1.28525156418654
0.121107951107427
0.681261849627781
1.46641968377881
1.25591463234784
0.976188732587131
0.873077619320931
1.20426811877986
1.29557103495592
-0.0893631040280774
0.786240284338069
0.796484540640597
-0.24191717955583
-0.584917096177747
-0.234466045906443
1.12047365273521
0.375017621670106
1.16046797031906
1.14470693424537
0.270699295788724
0.775569055938077
0.496540968937379
1.6007996344065
-0.926800945873686
1.55991225744181
0.0280084963453409
1.68943574765164
-0.201359952089808
-0.625743835574131
-1.29797742360099
-0.163079370640499
0.600647426315078
-2.52725098800925
-2.18027869435199
0.356158374969254
-0.202313035995239
-2.50369069457648
-1.4109478756496
0.166347364729537
0.350206302731961
0.375468028606545
-0.219062599537792
-1.33363471585063
-0.765661838611343
-1.15182136788155
1.52652581230225
-0.229983559779582
0.0836178095678576
0.51670809580019
0.64604177785486
1.2584123989735
1.12726969298733
0.797515548788392
0.604201064130218
-0.874329245672194
0.171395817361131
0.899425434617332
1.50841424313365
-1.04379958329095
-0.533215983967243
-0.408224135416049
-0.146496228181551
-0.306388712917015
-0.419528698854409
0.269655146636231
0.69652894004809
0.590169115204686
0.243092807103112
0.660327973502396
-1.98018700512719
0.873922151050283
0.260511553861607
0.114288901284085
0.461261026283333
-0.476067488208009
1.29171642597099
0.137832844773907
-0.369128069782019
0.730894855229702
2.37735853311789
-0.248289165761056
-0.113590712770016
1.47513495379292
-0.0533254087958277
-0.274668695814319
0.0707599423038032
1.29223628745234
1.23822709061232
0.294341116816302
0.804714670681301
-0.50026117580149
0.505192086141655
-1.61249454024284
-0.120508869688809
-1.59438021254411
0.593023672123467
1.86989647623392
0.258307431209177
-0.0592123936800121
-0.0415813020455509
-0.192601760533739
0.0439242667996822
-0.681503112919076
-0.498271371522451
0.856848378571359
-0.148469561177704
-0.196462387251385
0.232998226000956
0.846127719602692
1.17911824004072
0.105484425105048
1.66989397587155
1.80343852774073
0.565272920518663
0.249580269451934
1.46949524726594
-0.155749907661975
-0.0566346461726305
-0.214773933904394
0.754658267625201
-0.844066757315254
-0.137591223664728
-0.148527339417564
-0.311227780199676
-0.879565415629033
-1.00442251483609
-0.287993176616023
-0.158851333783394
-1.00068685716738
0.320396907171123
0.0674602562306289
-0.252742669200406
-1.18758982098343
0.868824683268737
0.348107539215146
0.354183801763303
-0.447604100039146
-0.612883317278583
-0.2757091546966
-1.6943348971126
-0.46766793643659
0.171592094036208
0.0578927947700597
0.322598342651198
0.081376157318324
1.5553159468159
-0.497941714085169
-0.362855742977176
0.451559190800736
-0.290562498389838
0.0234731619250649
-0.151755292647695
0.481044685061667
-0.0396582701340636
0.503393353698055
0.376131646612662
0.387749584489941
-0.180897555090162
-0.0884968747172296
-0.142457888192841
-0.818607174531605
0.397381971623981
0.304091371389895
-0.349087915730097
-1.48431166381805
-0.108681894986722
0.333409579663515
-0.0393625429633656
-1.03694902413105
-0.56425283110874
0.341281051725048
-1.14314347573145
-0.0601342914217345
0.169278518249508
-1.13340423845951
0.316384461649386
-0.115977195396404
0.0540150763333551
0.145031250324336
0.534595700795103
0.0380433423746544
0.334501119074052
-1.29319588307709
0.2401507942485
0.52385224146938
0.228784248124329
-0.409148403125738
-0.0865300799382545
0.214616269532014
-0.00128757009542061
-0.798529964478561
-0.544989773962228
0.242860224508023
-2.78720096259569
-1.80288222965629
-2.33577526980115
-2.74243706011707
-0.768094292571301
-4.22410636050098
-2.73915681078384
-2.93215752950159
-3.19859900395033
-0.197747244257206
-0.276689378190014
-0.271580032595785
