0.745128445968932
0.284199669796546
0.0500225084300478
-0.892055081700095
-0.887895746802084
-0.130779508180085
0.0880022342190123
0.298733531943449
-0.534364210766642
0.858844763505132
-0.329417559202913
0.2172555280052
0.76118570691276
0.835259061538879
0.377409830285548
0.0936839417210254
0.310822081109539
-0.378297701142032
0.214483944277564
-0.113142235459237
-0.868027372011441
-0.31867137425409
-0.00638851473840486
0.364869983067914
0.477867554298791
0.403595930753237
-0.0344577845104964
0.23595046995248
0.510419686434365
-0.102708864099057
-1.90577631229682
-1.03656005833312
0.358404696540437
-0.6153300141242
-0.176364315098817
-1.71195053483854
-4.73530262118856
-1.71256977506817
-0.0898346899531878
0.266943249970052
-3.1971234986258
-5.53201158680826
0.410880910287227
-0.668167028097374
-2.81721181598308
-2.31894955613958
-0.119623528448869
-1.02338331629504
0.142093397245938
-0.231107928215481
-1.47563898571943
-1.13586169690058
-1.02881025417223
-1.94830543135105
-1.58001010048014
-1.61281073629143
-1.08955993372403
-2.23693882706224
0.469104740820856
-0.276461009303746
-0.0452677110768629
-0.362123815913223
-0.757037739059781
-0.628533837947781
0.165939969010455
-0.207019632304811
-2.12980616149618
-0.118633932249806
-0.690612290265138
0.00630849268042359
-0.00215888614922497
0.23755780796864
-0.335752201180841
-0.0276018080447907
0.00701959103791635
0.210432240776637
-1.11802095363258
-1.03872434887102
0.0839774482084208
0.181118717845142
0.808216214404129
0.416201082840475
0.555404025076534
0.0987166348917388
0.0765800408819547
0.36575580926096
0.227314258123828
1.70577681309089
0.16019641996624
0.425602463914653
0.693985636412512
0.797490001454726
0.155117770937717
0.420894095603559
1.10372252391393
-0.588415273463212
-0.829578135025681
0.0160644815771547
0.296753699807799
0.416773802875579
-1.0046942081344
0.708291850436319
-1.82504967038283
-0.140371643797301
0.62480745012834
0.754761076142736
0.783470963436643
-1.48425653472104
0.502109579985569
0.473466944820988
0.36253758482579
-0.201445230455828
1.16141035916628
-0.493216262608199
0.255495348005703
0.367526661019752
0.896324848532104
1.08148140696307
0.798053398231558
1.32978939425784
1.18012572221303
0.648612811542672
-0.814448941594994
-1.07218733077098
-0.795979410050256
0.510530625091429
-0.00990903266074856
-0.310941126891178
-0.0964829412899312
-0.505527227853195
-0.366393668967776
0.148750819139164
-0.0194328936930834
-0.361622239090823
-0.503223800768512
-1.54302964419574
-0.671213749908421
-2.35624722699825
0.928448469929331
-0.0197251990610046
-0.125953826192961
-0.11410254189008
0.668591725431642
0.545686086317101
0.800788361543649
0.874823422343477
0.72690184814787
-0.411947347736331
0.53107069092866
-0.187597515801984
0.558134144208733
0.733942861855639
0.319926995042439
0.751594586518647
0.310157076398436
0.869663934663211
0.909468296824197
0.892878810631844
0.72290031134115
0.0032514443153619
0.752922884671385
0.31200921536986
0.330230784018826
0.557675661412072
0.484836658856247
0.972820713939838
1.14802757853221
0.274502399485667
-0.471467654916071
0.954469269892729
0.893872151289208
1.05326596553588
0.239018261872138
0.987514121494918
1.35135162412713
0.925463794012659
1.02529846873382
0.576914001589284
0.798314938596331
-0.0300009142464115
0.965911964835307
1.04778242513847
0.728859378039728
0.746951045504779
1.19633418521186
1.04822591971197
0.74967260049841
0.800707957765122
0.931084017000591
0.687600253471868
0.337299624456966
0.214901075277526
1.64184273284613
1.41104128879835
1.08201117855797
1.05212209811676
1.27821579459329
0.9857215672144
0.429048958617385
0.580447631578088
1.15172239572712
-0.2943798572028
-1.35933806285442
-0.419433682395221
-0.368104545527633
-0.15683678733211
-1.61680740346543
-1.30069254480513
-1.00853488812471
0.170302553344877
0.363727339226049
-0.0502042537890358
0.878055745251364
