-0.877186798233236
-0.86596808286839
-0.634541817282627
-0.953747017988127
-0.710587983235325
-0.383632174035132
-0.509927741852893
-0.509063414769639
-0.0616436327442994
-0.288441079801621
-0.696631980465589
-0.0570590334056298
-0.382355244023778
-0.440174391923213
0.211290853368382
0.227004813483836
0.625904491877866
-0.916928946567051
-0.765389703635317
-0.500585867311261
-0.472183365012268
-0.430389605479968
-0.0842844738449619
-0.535018357931681
-0.469916685934531
-0.49459428352832
-0.654543293405863
0.240670330802405
-0.370968424385589
-0.610829750771277
-0.774110489730211
-0.604134452890249
-0.686295876758994
-0.644394393459804
-0.952917049982025
-0.604335280412536
-0.825585392376171
-0.287386058083017
0.566316182446249
0.450150941246634
-1.15267261323782
-0.624129429372878
-0.468843383056093
-0.166123287442644
-0.0718787584483738
-0.874706347831367
-0.610713772658819
-1.01157214364568
0.036064421108746
0.209850989942327
0.0327017482169968
0.708386060153184
0.662356898706348
-0.29131738617049
-0.0905254534472112
-0.282722310064826
-0.206470117437641
0.0421052621980223
0.181729171672176
-0.9099542422998
-1.22007554558989
-0.652124611140169
-0.445301659541152
-0.577484830151425
-1.03178371652131
-1.03257820862849
-1.02308068628749
0.199436807816475
-0.0992236339645296
-0.940857100956419
-0.0985524568370423
-0.419356067563382
-1.23772017151942
-0.551299773803712
-0.732408778891352
-0.796021427337831
-0.222708229276028
0.225623584380069
-0.427338374381507
-0.646925160435814
0.707238723430903
0.794931449240446
0.424604499284505
-0.7902723408779
0.0814082472928283
-0.0961717258738171
-0.857983184719877
2.04256792540968
1.99589605810915
1.71914723426492
2.15622277369254
2.32325822735213
1.99613467762133
1.9957022301594
2.32280655719461
2.23587177360348
1.03860721361301
1.75159545047574
2.11502207686177
2.12141947390966
2.0893757367599
1.77154974064718
2.00036051181722
0.510657602003571
2.27079485740675
2.30336194045032
1.1958928051905
0.682102405797177
1.04581561125543
1.67386652380422
1.5032679268979
2.09824162849354
1.98987711678956
2.08053323508243
2.02974437538261
2.11600161296945
1.71701808842829
2.20401579449899
1.92386547402747
2.27007079443027
2.34365707490502
2.24444544390915
-0.983537181913553
-1.05001363698223
-0.253257325641461
0.216346402682156
-0.259945707389903
-0.244016606654434
-0.658811772309609
-1.19741337715766
-0.953965540541775
1.30809812491528
-1.01976020079759
-0.334835723958379
-1.09934983785096
-1.22666942480362
-1.05489997424232
-1.2806537593881
-0.342748817140765
-0.849842730998374
-1.11605325505189
-1.27221085741207
1.7487867488122
-0.533980878808943
0.325307216767454
-1.01370450229416
-0.528330062987176
-0.231989930891247
-0.308777315950608
-0.26559855280538
-0.0183219204491767
0.83791535346229
0.201588579393744
1.7796062923853
0.911999260323408
-0.512677887041917
-0.192649583953975
-0.669124794690996
-0.199894357473242
0.0638886983632967
-0.47656836983659
-0.519784601363375
0.475621142360619
-0.561163298026991
-0.648905553157302
-0.133613805802456
0.0346283635221165
-0.269821958792652
0.231348064545654
-0.828604640312235
-0.615767901477506
-0.823261227819918
-1.20371906518498
-0.575895235712328
0.0638239393563895
-0.323243960570024
-1.0132235911801
-0.342675967108745
-0.839422127872663
0.0994860425694807
-0.908395002939767
0.988086940385809
-0.880362574618054
-0.90058922913712
-0.882679333676302
-0.672648099358696
-0.0627698329573861
-0.537687966142641
-0.299571514683131
-0.668027493671296
-0.722759484897205
-0.799318780201967
-1.1564469606109
-0.0125742298777631
-0.711711752210791
-0.644339854081173
-0.445416927498301
0.545621674761618
-0.629155230478885
-0.95168909935999
-0.656360055571163
-0.241166666339154
0.321403230766032
-0.590323542753018
0.276186278571993
-0.296468313788075
0.260050423756449
-0.124247676914249
-0.867113282655937
-0.341873299344856
0.386109771939033
0.0602132195585813
-0.0736071199716567
