0.704302821974004
0.289133200512585
1.23324644115912
0.401596811416008
1.09519264008292
-0.318468478988576
0.025203620237401
-0.0708307612335773
-0.209911498711131
1.16268748920694
0.711658425292693
0.64732684680412
0.937136276620121
0.694648172404187
1.03936760087643
0.909908548209683
1.08648726577015
0.0755048263698967
0.732727344777902
0.938425075526361
0.431022575259436
0.301617297907529
0.0202772497084377
0.169478338876329
0.793886716365078
0.801951969734559
0.150957650363361
1.16126363795189
1.37807648739546
0.268475866809312
-0.441865443587363
0.282722902482762
-0.180593342600674
0.792528632075118
-0.290721343752251
0.809063534359218
0.286057229217831
0.665690369634348
1.1201619816413
0.782623534882376
1.3342616338837
1.04382275509202
0.772492901188436
0.862871298746531
1.75945619560205
1.45331226950941
1.30102514913925
1.04804783871864
0.738013314279815
0.630016883957757
0.641460015483036
1.12464811845666
0.884807910974384
0.950458711754382
0.359227215999722
-0.341363028719686
0.717635319331666
0.566874684229549
0.943564304270817
0.48363606038064
1.36827977675333
1.13971231524093
0.593511921226862
0.866749906080177
1.09388601680996
0.221872140294432
1.44066141401478
1.53523689086641
0.369856765416671
0.91066712260576
0.66349652240869
1.20949234870203
0.932353121754105
-0.629198296186309
-0.729966665916768
-0.332626655152132
1.25171177378588
0.92017290600084
-0.298295613619849
-1.03118784282241
1.09105389691631
1.32951534133348
0.824463588020087
-1.49222373103817
-0.0626864168152481
0.88401500240438
-0.883285324986163
0.118827039434949
-1.29233813855865
-1.59087657992996
-0.0248139672652349
-0.789909052013897
-0.927703833973781
-1.482446039107
0.811141636424973
1.60870363368347
1.1223951537266
0.47220044258089
0.210988140086875
-0.200783536257807
1.02078413917356
0.443785165872023
0.967787825610979
-0.168688478264194
-1.59314285471943
0.208781220466359
-0.764805953428025
1.4402907154027
-0.627112062019594
-1.01624562765644
-1.36627949913948
-1.64268928631997
1.33829837183966
-0.872418974782659
-2.0421825223207
-0.903106185089348
0.188523823077479
0.0481681233351419
-1.07780977154355
1.51321209012938
0.936647494696383
-1.05266703151251
-0.912265864212893
-1.04019348103883
-0.809425863849297
-0.859141889779076
-0.22147302162711
-1.78252552332197
0.042464074832983
-1.43132872541793
-1.0283554587418
-0.872842462159549
-0.521613882038684
-1.7998100974959
-0.950381327608673
-2.0838048658547
-1.78093350781605
-2.10389678472135
-0.527754241817559
-0.836199461830127
-1.4727671697667
-1.56062282177536
-1.11826022206995
-2.11883943410689
-0.915349939054356
-2.07788480661008
-0.713645262648603
-0.213337448019517
-0.174006620511029
-2.02263564254543
0.077626036502328
-1.34365868685404
-0.846879384875167
-1.25183603427613
-1.52531139875829
-1.87230641377458
-1.34688053462879
-0.571617443805695
-0.863640554197072
0.0659582002691977
-0.674739228853427
0.13792666186757
-1.58588534457003
-2.10157273271586
-2.11742279131952
0.445526356700335
-0.0131444302684472
-1.57691075276846
-0.816425698857299
-0.978209195990846
-0.765634832065012
0.561072018140936
-0.406703422569646
-0.574411772535663
-1.4046956906976
0.123404697389699
0.897940571998609
1.63109070104659
-1.75850826771358
-0.679103602651287
0.227827533444248
1.16797101623334
0.248716961753166
-0.867388003300794
0.268930264594101
-0.527236521404588
-0.0137997158428649
0.146559253395487
0.701697381958778
-1.04060318779447
0.638006052888265
-0.230311619668795
-2.12293410813478
0.997448864608046
0.647865886489897
0.531177667948559
0.756199212409175
0.588243201311605
0.367272268316794
-0.0287341028089999
-0.500749900431928
0.856185736437513
-0.522474174295041
0.35188367120173
0.617867178957228
0.887933979814434
0.584009524019066
0.831289094130849
-0.768865968589977
0.793873406383087
1.56348631333373
-0.0505846850815727
1.07698032911502
