1.58298077340804
1.49982199673878
1.3520566812006
1.50514541450814
1.41581503231653
1.33326374980503
1.34584224382389
1.28980022828768
1.37532831940725
1.13008729132427
1.33252821244946
1.43815770237921
1.48625089875372
1.39466058466448
1.43174160306387
1.48346172989345
1.53923250836836
1.50939680391112
1.49007703117271
1.45793208092436
1.46025198785207
1.31885557091549
1.10479514083321
1.34466927119692
1.4977835253111
1.23602082172725
1.23749878311279
1.44771141087937
1.33577416347259
1.38629210191882
1.36505144685836
1.37160176084423
1.32641019698114
1.48003894090516
1.38568523608701
1.21942012424628
1.24538528023927
0.888068681532908
1.75357362992057
1.40062662718809
0.228136387611783
1.00286226799595
1.41516713767374
1.65822664869079
0.291003332706696
1.18228147982535
1.48618089575762
1.42048852387423
1.58436144455681
0.107230584883823
0.396851982969337
0.703557677294615
1.17652246193767
1.44087572650084
0.627839251817445
0.498137007406685
1.1273231312469
1.03022366825339
0.719913021459376
0.459600652541149
1.1145091802799
0.563054447152413
1.63357401332201
1.46607455726142
0.930420889558501
1.33165722911794
0.659466414904063
0.0898867248789549
1.60868793842482
0.718613310664448
1.64626248491832
1.08323312334783
0.349599449853462
0.49817618545264
0.67478149008063
-0.297853282934462
-0.264631865888314
1.12802720185885
-0.371796135212451
0.0690251251109235
0.378536345716929
-0.191791516769237
0.363866991012342
-0.618217749532486
0.158642372263266
0.63418716056861
-0.458828716252332
0.112560950939703
0.0788267633898768
0.327550508313544
0.100108758538984
-0.687472679858249
-0.293629464573875
-0.811857651298471
-0.286354429490137
-0.13561061725762
-0.623079415403487
-0.807026908265476
0.134481304365108
-0.589869115527801
-0.116789027573695
-1.13581160288443
-0.363494336760556
-0.558187874853494
-1.11702671907696
-0.972747704595559
-1.19583881571111
-0.572477964712437
-0.0694159133318789
-0.408680638856589
-0.201644218988432
-0.10529845514077
0.925893646505979
-0.349948671172166
-1.36082308662903
-1.05363601172208
-1.18145684261119
-0.0746407349720558
-0.291751820791029
-0.0564143140512192
-0.749014752873408
-1.13663592756269
-0.796123974258825
-1.03115411628715
-0.677484098433129
-0.569297419525591
-0.39326349621354
-0.46073268829535
-1.4351298468093
-0.878310748738553
-0.697249848662824
-0.935640185993579
-0.915403605400847
-0.69702688014634
-0.818859271995709
-0.786376635033217
-0.891804921532322
-0.543424833488047
-1.19253534892098
-1.44892153045448
-1.07681330633845
-1.07632537112279
-1.01025430511086
-0.777180069572704
-1.12213584527111
-0.966112952659186
-0.898858848690043
-0.427289858522666
-0.803208378629173
-0.469082275637262
-1.46771133609626
-1.08085933551129
-0.631572119147206
-1.43596800036821
-0.956989023135437
-1.61765881410692
-0.304877258680543
-1.01817016424403
-1.02538389399009
-0.182611959460545
-0.592608229289521
-0.82181570360472
-0.667373060933515
-0.814816387130227
-1.32341804053532
-0.815906933063063
-1.25645805710919
-1.06840594889404
1.29654202569647
-0.916047214212571
-0.779195132250607
-0.206568139316447
-0.889447069413364
-1.34419309121572
0.977582338868127
-0.912048824624141
-0.370052486970328
-0.401360291874081
-1.10630798992339
-0.429002877396845
-0.629379626677499
-0.694876470670151
0.516356452005749
-0.892524966388551
-0.476210085700147
-0.407166034581141
-0.733674751252433
-0.86979249063325
-0.970643847944862
-1.20707232059864
-0.563591020578032
-0.872366822519004
-1.60249998118975
-1.09974214920339
-0.358548481868724
-0.258718452791423
-0.93369725671262
-0.620641109240531
-0.906260355048242
-0.686198177554545
-0.832220054543177
-0.93559685933337
-0.820683119443416
-0.899015708798635
-0.887318046574192
-1.00310438277527
-1.38045990832757
-0.856909826829482
-0.914627781537748
-0.861498582001856
-1.05975137072682
-1.13448384307696
-1.2142073453013
