1.4301022167424
0.77743225343075
-1.17944914287091
-0.524727910318963
-0.816776082850519
-1.36014449691007
-1.48150089334772
-0.88627862068761
-0.806407342670348
1.67229189876715
-0.249892641752922
-0.65283147172808
0.370571054933293
1.31086663649576
-0.048843096158394
0.602536500603242
0.601072561744391
-2.87368437955699
0.336089556064058
0.29144551490564
0.274288086092088
3.34412374023524
3.46426609797764
1.11402462988345
0.299896338728644
0.489071895845132
-0.201165087628645
1.30560929380097
0.404713553547698
0.533482821574185
0.386150301122223
-0.287725851928342
-0.269862070729671
0.862406102600073
1.33191564724174
0.532596312698229
2.02197328822936
0.645291051450251
1.21718697749086
-0.164595527240446
0.817023180734426
-0.977785784290829
-1.47981279791201
1.09895273187264
0.866021044179114
-2.45254204524048
-0.697561487252551
-2.20619951724967
0.0302181433614938
-0.222478253348765
0.124150499550379
0.58077148612065
0.695811219353931
-0.384254921787264
-0.104510799286269
0.915463233093994
1.12539382894826
0.492288921864613
0.186688119877369
-0.282076422340925
-1.27701720138743
0.137304646544534
-1.15455341347992
-1.50577889207634
-0.470885060618105
-1.30238323686931
-0.772590700269795
-0.253587145798896
-0.133139756490067
0.508360644760055
0.0798378789571176
-0.355176076577077
0.167425907047041
-1.18555060343386
-0.486081092629406
-1.19171396395757
0.103968382867878
0.474203686562959
-0.496273658941855
-0.838467643169722
0.343727156753706
-0.370990606705192
-1.36306199655295
-1.27634844823164
1.18542949309086
-0.0283223069408313
-0.747620381506649
-0.211739699286958
-1.49467664479577
-0.68065169388105
0.03059151465599
0.17032111634821
-0.16547829515874
-0.630726529005742
-0.0200173684725063
-1.30948991709314
0.0371665415497318
0.630118679454151
-0.019775694687878
-0.216875367888031
-0.352121411284846
-0.72299559687301
0.220170000500192
0.0186295674213892
-0.106011440503709
-0.336616053689088
-2.21440647780628
0.201530786431656
0.108209146758392
-1.22625331486519
-1.36147383673375
-0.394732480614372
-0.251858103112626
0.468863774658127
-0.920204659628458
-0.0696704252204176
-1.42196621502818
-0.636241946570897
0.0813648798582231
0.145426725590774
-0.549263020252871
0.547208797864323
-0.206271811620963
-0.15536127963551
-0.916042027789439
-0.246618036798969
-0.116803390082114
0.206772795250287
0.182363135612813
-1.08845953234098
-0.601427677808802
-0.460234027846808
-0.271773770368238
-2.55753306282645
-2.03341513280582
-1.94325197813694
0.791700622732443
-1.95957515501827
-0.698131375439067
-1.06542080853849
-0.684882539908052
0.611654008262046
-0.34904512082889
-2.70554526215662
0.97528431571207
0.0845112041305463
0.439660733615462
1.58715553675623
0.130152893604506
-1.4488194076349
0.276304181854171
-0.231445689630364
0.404000513498301
-0.263258752912162
0.015313205229373
0.707415307863495
-0.159077628989935
-0.20525950117299
0.0159574930855089
1.77577470915522
-0.878576984887789
0.552129841754325
-0.538773747154661
-1.72207904891595
-0.631041360595619
0.123973941364823
0.305871641579021
-0.610176203087286
0.161826290340286
1.16407146022799
0.224568404461833
-0.553163176037115
0.616221821504824
0.439035764245186
0.456898820307398
0.0389937516592994
1.22561248383747
0.933245923397513
1.19840319094946
-0.605598156344423
0.700541373573395
0.895442391184188
0.232425367834327
0.614602968091393
0.41787587083648
0.594479469067529
0.965857764656787
1.62021804833694
0.45769501325294
-0.259755795367682
1.13426849517691
0.273925335435066
-1.9085571191172
2.62909612617256
0.330491956584898
0.0140428355364154
-0.414056344085127
0.116639852580468
0.320941090025745
0.823152809412229
0.0770736205557252
0.848795026805787
0.907658161044939
1.95272306572957
2.24254250910713
1.48682377844332
1.11559654653732
0.892559922086891
-0.44327524096288
0.785991711448791
1.89250453879989
1.00666427157609
0.859051189302767
