0.153011962527333
-0.089149194542993
-0.279908183303953
0.0116293989020736
-0.331347580546491
-0.621724118422299
-0.59430214121191
-0.388727347867998
-0.33773024394945
-0.877582124932889
-0.0636819781192216
-0.110064866237865
-0.557990628411299
-0.140782183960973
-1.06913702680692
-0.0152976743300047
-0.99547926115006
-0.218358366266021
0.266340999176166
-0.389057874741883
-0.280777042958757
-0.331201821110388
-0.213858939921601
-1.57696083833672
-0.470797798334683
-1.08653372452728
-1.44031626566365
-0.821658784655462
-1.06688299497024
-0.866717523061574
0.0155303459742745
-0.0115734721274256
-0.494993009085764
0.0758348464805359
-0.394739388731574
-0.965784502238076
-0.879089343742425
-0.904648974450498
-1.03225870869979
-1.34033725696121
0.163740495472904
-0.204114198592071
-0.622514613944445
-1.76885276684074
0.426197140562768
-0.553221272523114
-0.246856607198362
0.242706178128734
-0.922829676313034
-2.25673497829821
-3.3701491588117
-2.05992882699618
-1.88662494771193
-0.411225449410948
-1.70000090648662
-1.06787107131351
-0.527903289124711
-0.846177005302138
-0.845442722577751
-0.778672439019015
0.324905149968455
0.822945724332257
-0.102334080711191
-0.2144556560244
0.54053872156963
0.676072425395735
-0.762686466995036
1.06073366537077
0.880987050941736
1.58403880962041
0.576528159197724
0.847130342363292
1.22806227393549
0.552039345906622
1.19753043140787
0.949653172826139
0.622607547537727
0.144962092319779
0.287581584759434
1.30908055444875
0.0110919916984378
-0.333175697458318
1.1363994013649
0.800624843100609
0.680457588084637
0.663219135715051
0.527404388621573
0.840768194318596
-1.56231123110075
-0.406174228588735
-0.567042339444214
-2.03125417445687
-1.67604378654768
-0.182722395899471
-2.28799041043233
-1.88386884677273
-0.200067070692643
1.17639777946845
-1.80848408069142
-1.55008643548572
-1.90312803659157
-0.820416483565333
-1.30002325473637
2.38381571796281
0.0523386144970704
-2.18542546798638
-0.0403695990710216
0.732822792194005
0.233288328006759
0.983093417497306
0.768671346361248
-1.47986855833226
0.628645711299053
-1.21943971580484
1.10219390897877
0.913246737387816
0.778397968066766
-1.79757732734072
-0.731705789807832
-1.03820357068353
-1.54886057011805
-0.856351737662177
1.46834361261551
1.48056124721098
1.55661239673311
1.18224532371472
0.905692051453965
0.847215357277779
0.790017185618248
1.73207552986809
1.31759086693204
1.48393703405961
0.995801036951765
1.62760617918447
1.47436971180062
1.60868211778414
0.936924630883795
1.388844093379
0.554482541714684
1.1774658203222
1.11185260083782
1.7103430857205
0.00218385722343799
0.160789589824555
0.643631780388639
1.81286696037139
-0.0683366924757896
0.668689810377154
-0.16376497427524
1.42133705608671
1.16710019898592
0.213379983086208
0.203959276239865
0.544530351943492
1.02746393052149
0.570617332368985
-0.23001336152533
0.512652577689272
0.172463470045571
0.00359559413195673
0.955403896266917
0.281584811382693
0.92526228889461
0.762978327683131
1.11868504249198
-0.0259563315206341
1.33821029348344
1.22596738535406
-0.0213126755037803
0.144625789047704
0.0440438440646244
-0.595073671521419
-0.583884613509207
1.06719586213261
0.125918872506435
0.938653156920912
0.721866497226857
0.17440704809224
0.325497788372355
0.437477993814281
0.357403514786545
0.0257582732935501
-0.0828824508050966
0.761448817319607
0.17295700345164
0.259036466866008
1.02663964519098
1.50795246355219
0.320958848958624
0.119835206207177
0.498971718371257
1.04436861773362
0.60578387913869
0.455745768999014
-7.11589391423854e-05
-0.604682570592246
-0.178112794656981
0.433191588543355
0.259911738057928
1.0776001856627
0.749840675994429
-1.07515616609016
-1.54819858451884
-1.74670768008603
0.280796543640228
0.902901489621307
-0.122219879419278
-1.46184779704081
-1.31561417781526
-2.11193350481662
-0.701258240431054
-0.269972798167713
-0.572433568665872
