-0.219903260980966
0.0982426909091587
-0.520108790466588
-0.24480316223006
-0.93742653536479
0.238415125283542
0.49124314556243
0.511555864728375
1.3829292784979
-0.527382387464001
-0.976245346210021
0.479717067307398
-0.934552319300521
-0.88596528442142
-0.736681815499679
0.220222251027859
-0.359348850108711
1.19998096125294
0.103325786550141
0.611432703939399
-0.814283099575739
-0.0765540102575501
0.288729514065383
-1.13244235706122
-1.42098834915335
-1.46759740960145
-1.35360601384009
-0.920998440594473
-1.74170070738341
-1.28457377405547
1.03449579079641
-0.669599732550604
0.267698905520482
0.248086268637171
0.560696709696496
-0.472900978490808
-0.313157954505679
-0.121570442918637
-1.33005984459624
-0.326280246379937
-2.16043795529822
0.908036521151857
0.274400641287824
-0.387689690764895
-1.66710022077086
0.069659475370085
-0.850797969907182
1.18042567874936
0.32651625695777
1.81995380259396
1.66775937681768
1.79483220233872
1.19744387326662
1.40528164580167
1.42901370374026
1.77476425080965
0.103445014632736
0.567755649372479
0.943350131109881
1.11029473916354
1.02812379371146
0.365570502857358
-1.18097195975344
-0.635542794367474
0.703493244461455
1.13839615125165
1.46346402670819
-0.39411848829044
-1.37782086447414
0.573039890895589
-0.748096976562162
-0.3244911711391
-0.0975223311101255
-2.01411680674216
-0.548011582679432
-1.02904859734507
0.0100787960325659
-1.06663590179073
-1.15466852227409
0.218965016043773
1.39629816543709
-0.544417604624414
0.830579269301697
1.42023557618475
0.358553896990627
-0.00647910681908288
-1.27634553980976
-0.960404150758181
-2.04795406732238
-0.657940794271984
-2.68638294174137
-1.5077598094309
-0.491940426934395
-1.58830654923841
-0.0649928669171412
1.57192745164007
1.11941616246188
0.254008571133069
0.347664204970602
-1.71803256715693
1.22137313864906
-0.791487063304279
0.602155435401199
0.119471868929322
-0.964181925948068
-1.54065854937997
-0.116116249763846
0.781105469082191
0.798460159201614
0.518831408930786
0.315458631370526
0.280200593808658
-2.0414845405476
0.868010487849521
-1.65273548784205
-1.22455998256357
-0.60933315885422
-2.44341276230054
-0.750396460821471
-2.10627790238564
-2.27569736646491
-1.61254348913363
-0.471021544146193
0.515669158742063
-0.641462353913177
-0.0251639540394871
0.245086309449923
0.586608579679292
-0.773567422153027
0.935198593159974
0.660692606984239
-0.584860538693339
-0.424832726749261
0.926017840334434
-0.949884234425578
0.410382965523757
-0.345000764797251
-0.798293526182632
-0.595741038013962
-0.91674279393532
-0.549440637433437
-0.223433402221093
0.189090818629782
-1.02660286350596
-0.123973560473792
0.403800368693448
-0.052034349991615
0.46931947927884
0.390001474712315
-0.322996000259633
0.00544060969953468
-0.319290479508524
0.681539357861077
0.350810757839705
-0.0171203417465618
-0.341057962749838
0.0466739746128428
-0.145381068229821
0.675864317816163
0.938085982018797
0.229609911450262
0.350402994180116
0.0108065363914757
-1.1930698490563
1.98395988308821
0.311460395982332
0.938182103505927
1.81646737137563
-0.276066484215918
0.794921087858735
-0.157534894909037
1.14115634005281
0.670994150624367
1.10933811418638
0.122926309253194
0.885305100457862
0.0926445881901652
1.32849647859829
0.39885435650622
-0.324455930605159
0.226593010473845
1.21538072594893
-0.319159726845206
1.07322891699349
-0.907347157269695
-1.16470644119192
1.50374204994819
0.50055624402925
0.92835761297172
-0.622876097139866
0.753624369928392
0.442179869844864
1.37984264120415
0.985540018846955
0.0168262069970752
1.43879666643566
1.23972395241112
1.32245009226605
1.82424514924967
1.69101002460978
-0.34158787489041
-0.961697352274557
0.255218399600684
-0.969459190493954
1.13136724222272
0.763868827301967
-0.426081473200795
-1.08441354906491
-1.26339448400428
-0.452047026039092
1.7204752761303
2.0211776282262
1.55284262236321
