1.52553668325778
1.50049438506922
1.29024218345616
1.14562831284536
1.43572080576717
1.59491307556065
1.60460464995853
1.52932723954055
1.29469208351116
1.4637985783312
1.30814180417108
1.37478689189023
1.51236054976181
1.38233659273998
1.50124736668442
1.44868422349541
1.51483869603912
1.22248171689328
1.41506039400199
1.60760580859737
1.22297750641569
1.3297248936539
1.29303720845113
1.57433761044239
1.54999410218953
1.61096147822046
1.58281325061553
1.56044317245521
1.5713572857942
1.52416213944154
1.45518065209456
1.29151862290973
1.65904036265923
1.4729539162779
1.61959023063509
1.49709725628207
1.57882015199018
1.27112389523542
1.51565059969293
1.27658376795934
0.498426918403642
0.207142717928826
1.09834017078183
1.39986733097427
0.40959677316027
0.394536790242671
1.04155626400446
0.620293801229797
1.21722384859845
1.12841349218328
0.964389182136812
0.827953146380123
0.626553354825387
1.05276502756136
0.698563120389188
0.885498584803501
1.2825495138396
1.10429542188109
1.18171660571157
0.911451271586951
0.70913989524171
0.468609902005965
1.31691027207709
1.08229295451526
0.630156765275188
0.854355881724177
0.313509913423854
0.0196950166083657
1.06105598888082
0.363535765552381
1.02555977956109
0.31133459776424
0.440786503341785
0.943400099838531
1.08443585997738
0.206397221586158
-0.0770785053057586
0.945755079097999
0.621015470927739
0.18228224256621
0.0127587208539534
-0.105462326354974
0.0329209460747153
0.414376476371622
0.075475402067792
0.306485999506902
0.431556138256631
-0.669645119505357
-0.859967308220204
0.028924080842067
-0.111426690687847
-1.39103725505271
-1.54629029108539
-1.52645748799664
0.063804522537875
0.146251113697881
-0.092789442552619
-0.668889079766953
-0.35629147577132
-1.47263435923604
-0.590768280878593
-0.687788262791325
-0.58833368067744
-0.228001005721945
-1.50040610435434
-1.48042326977322
-0.719322876962313
-0.539992253189712
-0.799286524870355
-0.712584017290835
-0.811618761941421
-2.11133126129671
0.989112641661586
-1.79088250713905
-1.53492138094253
-1.21488524776577
-0.786284332369437
-0.281180570043912
-0.595156075208332
0.0256255262338173
-0.991210459038297
-1.35808818882002
-0.674535545983876
0.0558617597352513
-0.827083085048697
-0.56771250765672
-0.428833272663612
-0.840303709317619
-0.440711664970205
-1.14438758669928
-0.935520571733108
-0.572766754108234
-1.20795759958665
-0.1103277919766
-0.520937735409917
-1.19636991799036
-0.519351657617984
-0.260216370272945
-0.70809002108258
-0.692319172647082
-0.21021849396337
-0.704579990710111
-0.540416256604819
-1.00908220911487
-0.655136429513025
-1.0061661637946
0.147638781737038
0.258002699878023
-0.0873258267685271
-0.758166703591468
-1.06360808384676
-0.818067808416298
0.292055704851337
-1.28387938121931
-0.746494802009413
-1.34026066826736
-0.960044711732401
-1.29136936923521
-0.676850737534871
0.216078917375793
-0.853451681733519
-0.537476767890411
-0.753432307012149
-1.14360275786592
-1.9305011250827
-0.807350578483445
-0.892591496874372
-1.06419591186749
0.653609390833021
-1.07674545198384
-0.584490915790623
-0.896694897417916
-0.527575045923028
-0.960442784387835
0.173861134191353
-0.840452949880555
-0.516553312667535
-0.421513089197964
-1.36575550929984
-0.795989810593247
-0.883332844400484
-1.0655199298764
-0.592870494484956
-1.56100992595016
-1.05811319849889
-0.750910890077708
-0.780281710077469
-0.805615450807983
-1.18669410661697
-1.63790525541211
-0.736622857143061
-1.08837259851857
-1.39015560514076
-0.675966632959049
-0.940871838319725
-0.958768421377177
-1.28207690017175
-0.572071156265338
-0.353288113630085
-1.34241474796489
-0.840962417647192
-0.0815808858156061
-0.448315007930895
-0.39712676822782
-0.343189156085632
-0.216294738616618
-0.310529371430692
0.0895361442317653
-0.0233993606553961
-0.214576334481531
-0.388967304405838
-0.311475890315677
-0.467545481557876
