0.633092927358103
0.658318979109847
1.23693524727251
0.947080940255796
0.796542092019612
1.22336098156293
1.24838334608149
1.00186848967632
0.511850996002583
-1.21921942809254
1.23612691144869
0.458857899671711
1.26251742277379
0.42718734604438
1.12511607039875
0.519488398195961
0.595182007709047
0.156754944998787
0.50069368561333
1.45793206897282
1.39860810685581
1.01457178095466
0.082038289107331
1.68214354399004
1.47618360762065
1.65831832855583
1.73751708018268
1.5381380931521
1.64191581343173
1.40627132068754
1.09165108468534
1.32433272703066
1.45556571228772
1.23201737161196
1.53957040068274
1.05361486716055
1.15414026749993
0.522944516129447
0.0947229817239167
-0.328647672605181
0.167924643697116
0.385870855084071
0.128253695602609
-0.0582727373741424
0.497864381150988
0.480763312497652
0.984068739764815
0.635191327762544
0.000309457559310265
0.166602588189058
0.00616590469048795
0.510073157145614
0.975416283445195
1.0164194401096
0.724303117198018
0.497492618069731
0.436861162309904
0.692395458018221
0.494745575700015
0.68854376095949
1.04951439430001
1.24063323554248
-0.106104993538776
0.508891972420455
0.294917406237982
0.91688555503106
1.25705905742982
0.884410745312065
0.188222289643157
0.471012753248651
-0.867304385833151
-0.344624897765063
0.726639392772591
-0.835251426467187
0.0992723996474075
-0.425936658127455
1.06603546753415
-1.81617938123945
-1.30986165778768
-0.311862248570625
-0.693845507860554
-1.23616723256357
0.341683586068505
0.618340912716186
-0.274921481292538
-0.227292220023706
-0.729820531627669
-1.93778731621601
-0.224884787310978
-0.0400460437692976
-1.99376778011669
-0.726876677008954
-0.317742158561613
0.30414321525693
-1.49995198947449
-0.916148655233772
0.0761034113266677
-0.152792608065424
-0.862936121988835
-0.123648240430542
-0.840915394628084
-0.351707488721858
-1.01206370282084
0.115238725906359
-0.341201164269875
-0.808666421221735
-0.755692968827724
0.632483383869919
-0.423640149441425
0.56651227624505
0.259872254852934
-0.341741441751771
-1.89207016319337
0.00940196938674105
-1.27381932632511
-0.388505453664994
0.265496319610901
-1.42356425536007
-0.0906198398224588
-1.00897167590606
-0.652844346515086
-1.03564099380815
1.05813133157955
-2.20028227349894
0.295056975948855
0.51626877407653
0.150157249656384
-0.341141140654462
0.830935654133646
0.400170160625661
0.370436177810877
0.464906504380239
0.894542821859989
0.763429879989629
-0.205196803860547
0.246041100797036
-0.614491520651745
0.695329875783264
-0.725032695649927
1.26254900019986
-0.83288710559257
0.692435135308194
-0.51358484872677
0.513201307413798
0.182194108942197
0.549848522397652
0.982868147174597
0.888192165847577
0.389098706444404
0.586117435329433
0.502820696567518
0.0375830253568086
0.927862038446556
-0.0449278544474796
0.530745666129719
0.305595185306937
-0.322523596388187
0.218002860454082
0.643149204384121
0.666657979761184
0.369834259509451
-0.218914444675896
0.77607274530925
0.424641562332782
-0.470081853994668
-0.660199594126873
0.301515165716775
0.0365169068361377
-1.7372512657519
-0.579292754381699
-0.690483452495989
-0.418475555578451
-4.15354074977607
0.221327261167564
-1.14759845368626
-0.33836162757513
-0.410830934250233
-1.53959656321209
-0.562183734456523
-4.56379634465588
-0.327970900200323
-0.238327283632445
-2.16137836897148
-4.04782734346562
0.277784251805201
-0.319149846754021
-0.203245983330007
-0.431842791690505
-0.209330758769111
-1.24137250364447
-2.23776550250239
-1.10533844361717
-1.50351884338167
-0.324331419697314
-0.128163607914928
-0.226909932830209
0.0248804191111836
0.166782167673855
-1.47367036744314
-2.0433414720032
-1.01492632363875
-0.282668625556708
0.459308060643036
0.25303722323227
-0.602644132625011
-0.801631049936928
-1.12647220874746
-0.397022926158209
-0.869849891927868
-0.284917257936107
-0.436494630718965
-0.147232640041428
-0.658040716826854
