-0.498925120930029
-0.324173779436063
-1.01092800096888
-0.213094686640541
-0.36193326975727
-0.624498404035094
-0.589569521876907
-0.651049235070417
0.196876105682111
1.18705465882602
-1.29995723098088
-0.574300137867422
-0.877407951304565
-0.591179665892192
0.0828500088951662
-0.169370543406796
0.233389757236415
0.690846092593398
-0.841498167274751
-0.389797298465377
-0.537958815030782
-0.0995508273161072
0.608495660370812
-0.778750728390713
-0.793771056005694
-0.832225887170634
-0.758369997179371
-0.72484779221553
-0.870080062189248
-0.87946064805652
-0.510659671313965
-1.0939644336203
-0.58447754681802
-0.861320148681319
-0.774576880692176
-1.30443719891713
-1.38769788740925
-1.44540333634583
-0.239938065656799
-0.501586132043592
-1.01291861633139
-0.199184917358021
-1.06044132330923
0.62900977712365
-0.282004081898839
-1.23098830347251
0.305998759177642
-0.626407943648815
-0.759189117898274
-0.31476857698425
-0.945245733151297
-0.326315096555542
0.445732302587497
1.19766083939842
1.00679812682952
0.25539037957715
-0.347178643824771
-0.110855432511296
0.562650257268778
1.06928253073721
0.30590476777977
0.335647649660627
-1.53331638492682
-0.0520904754967471
-0.0269569869859314
0.522406272517162
-0.206996597493903
0.15359577313753
-1.49606683917639
-0.534097495345538
-1.91870948332808
-0.746690011795069
0.187377021428707
-0.990828154989647
-0.740958212008651
-0.053251235779
-0.276639442329285
-1.48587714884049
0.606193451552245
-0.735923506696167
-1.77638911721656
-1.25694950365785
0.122764190328013
-0.0998429734491414
-0.577454256260916
-1.04711194721255
0.649842245839291
1.97931894628656
1.94625441032535
1.47987788573084
1.68345191171789
2.02415347858759
2.09496739857115
2.13985507071936
1.85264349433991
1.69579797000729
0.443949144026772
1.30930677987085
1.73228435819583
2.0625982299316
1.83540655775162
1.87370837661533
1.66127646651905
0.413652625564772
1.5310275188446
1.90773441660016
1.55951969602049
0.646999747316688
1.92184446798426
2.11705804091627
1.59669811677776
2.09510888938391
0.406813817016759
1.82864092019337
1.66425020720034
1.39668363816018
1.04895224254637
1.89557747428202
1.56789337593598
1.74698725706135
2.07699399623102
1.81384908619732
-1.43122688146829
-1.1516306681083
-0.316103411472606
-0.585754835925039
-0.749508610878045
-1.02311726635974
0.0692357552821797
0.0365632998273419
-0.624404402362922
0.795214743041813
0.147745184330788
-0.247936338452235
0.0263730391897543
0.267304709954575
-2.10043710346241
-1.62948848290674
-1.22103459324698
0.525330420927689
-1.61543903669319
-0.770783206529082
1.17906114517012
0.0221529051342086
-0.866540550596712
0.400586702619279
0.740960825220206
0.569185465206688
-0.0117738627693798
-0.117518599933242
0.341391049750545
0.0950646569944028
0.811138932220156
0.937811250075072
0.263032085736371
-0.488470501641112
1.06365327846687
0.137781727029079
0.356798921935621
0.114807292330082
-0.193935913856216
-0.935076550035731
0.518334856452509
-0.0236896051301176
0.0933049760058758
-0.494515090557537
-0.471857114334471
0.0198974313552481
0.0448090329309426
-0.215406612555456
-0.508617187148028
0.532648611279126
-2.15639680508292
-0.0694829679426254
0.401225392775747
-0.0067935636891997
0.0279430720327701
-0.175831505016692
-0.268157594336095
-1.06752007181967
0.00844964438557599
-0.0515612738782445
-0.0459501379344421
-1.21773141795332
0.142084224027534
0.248633629374098
0.462619820606718
0.651305345273965
-0.0872303805645531
-0.196464055956631
-0.655239765960892
0.252445507548109
-0.730263484631539
0.490263549936254
-0.0793268721846119
-0.134503485710842
0.0581048956149347
0.327759910768905
-0.535896964320522
-0.200952765652108
0.0915009299164298
-1.22594482799881
-1.44105682065686
-1.40340338205479
-1.40411468421892
-0.477790190388263
-1.53886643687602
-1.58379857493295
-1.46943817542416
-1.36117997909934
0.998120785695381
0.653093772458707
0.816928878742384
