0.122809191879154
-0.393042590599265
0.341046014177451
-0.657019972230888
0.0141779917625983
0.0516117845573791
-0.0113486549939094
0.338418868713312
0.385024751986858
-1.13671897486682
0.284904959248546
-0.415541798468056
0.572049086548173
0.399761260141121
0.542417021407263
-0.316189264399019
0.220490110628085
0.102129793470654
-0.241013295845715
-0.24489580718625
-1.00090465310417
-0.402675513984549
0.111523715353557
0.546692589911433
0.411579134884768
0.314884525597222
0.337709165841049
0.193551330067671
0.423968355339659
0.473621844014386
-0.483430612428984
0.0263348160906686
-0.269840170751144
-0.882495547559864
0.118227412055845
-0.619319859126706
-0.633332250456961
-0.276991003618976
0.54858969825995
0.0389335980600933
-1.40363481115616
-2.48845540960498
-0.345997504875878
-0.396550243528299
-1.11389170853704
-2.57290464194725
-0.599678869656342
-3.43866799135339
-0.410188205737617
-1.66432436278997
-1.60370780743155
0.390967241872105
-0.41736968574801
0.424269922870516
0.686975166839544
-0.0128923878290215
0.241539442745366
-0.0460168739661052
-0.39525750479159
-0.839067930463948
-1.69478164729864
-1.50818152906987
0.870559728429499
0.270051411825121
-1.485127970742
-0.290882211265312
-1.76630408636735
-0.659341243195242
0.6496456945463
-0.0590781265343998
1.15426588140037
-0.0121584471694387
-1.10783578125316
0.188351253256847
0.161488342269427
-0.858726827733762
-0.810208425481741
0.576760662982726
-0.255104953556255
-0.239966449251797
0.538240938358733
-0.156809185860411
-0.540702177007931
-0.758255452813861
-0.549527677122912
0.112358108658579
-0.506452958127662
0.0258265005455819
-2.62637792437903
-2.10682884982354
-0.739853018884309
-0.516133228513875
-2.49936505886181
-2.98853190240814
0.224911891878652
-0.0686438048237779
0.0975728157701082
0.969776499874033
0.237698998413295
-1.18309178869057
-0.228115617813669
0.0112827470789324
-0.895763683563776
1.29759993307516
0.746739491785024
0.0238719638300052
1.18051713910052
0.16108075424374
-1.97212792548151
-1.14370693145726
-1.40488346182207
-2.86399491993754
-0.182845021459333
-2.43575487992343
-1.34918433478878
-1.36335401475219
-0.0123953922793317
-1.82962985349465
-1.58449734568717
-1.44384264886343
-1.51079310586341
-0.600375190481155
-0.481793821785216
-0.598631233567628
0.519148987493864
-0.192606112848337
-0.196850211162133
0.19976106940903
1.15474184066754
0.10795474216951
0.310151265560861
-1.50566631856703
0.679679290581877
-0.156027903405054
1.27317491924359
-0.755375318617078
-0.857183748061199
-0.574730232584757
-0.606622541207171
-0.321422030663626
-0.172692986534963
0.782780549295071
1.27367063360615
0.694557557282695
1.62979332392604
0.999377197732814
2.337216182649
2.20126662762989
1.8453778446172
0.244470236745142
0.636461929407662
1.06497896909326
1.06870639296255
0.884453555861474
1.30274546722234
1.603815709724
0.740449349502222
1.26567714575176
1.52986943356104
1.67394900789999
0.878444713096886
1.09689403737605
0.0346754265970681
0.820700290625116
0.811726663030971
1.32089171562805
1.48268155626203
0.947361452698524
1.1161982107584
0.96269093341206
1.1860486746422
0.61788149340053
0.487499711538437
1.38388163291715
1.21367889159979
0.855176527132999
0.542026645230517
0.280235094388449
0.865605223356029
-0.363485340529887
0.62950367078211
1.06589647551601
0.225222235404921
0.671607005553502
0.343476480857867
0.661788906240925
0.956012232002272
0.886360701152772
0.798273893656928
1.11698127212018
0.403469418568472
1.28742056841291
0.972136585985161
0.887127736731111
0.369001418176011
0.686373684298621
0.638631994502547
0.822244409415128
-0.339850335202364
0.308091236448607
0.706497498848051
-0.0136574599699239
0.134106462309137
-0.0418565485094374
-0.525366194792726
-0.0767113581406
-0.434016004327626
-0.340688261174177
-0.235192872389317
-0.153057365852819
1.47231759676944
1.13261168412544
1.21989432002395
