-0.614844290242858
0.201243710366886
-0.359210744300684
0.898916829740284
1.20210882836914
0.458197919045368
0.316810654946261
0.210366806621928
1.30411772888357
-1.2654159051205
0.380057370527235
1.27089847692283
-1.51066349241791
-1.61241575081479
0.544466052776108
0.364693223424147
1.19355709525366
1.14305937483796
0.345534223856231
0.298055573200634
1.03252573829839
0.911854437777948
0.81625720554178
-0.759365202927469
-1.48684792485931
-0.851082840761697
-0.534110610920673
-0.93798260389563
-1.29915488050411
-0.057349684622829
1.8559835645925
0.394670137186602
0.973830459238705
0.517868617056621
1.90152858380488
0.950503619946797
1.3771060208941
1.05945672054762
2.08422372181408
2.28165137274122
-0.253493974771092
-1.27594120983026
2.7569668762559
0.394747994862457
-0.321260911838769
-1.18135499162182
0.872716502385783
-0.31658879656971
2.79830362915072
1.01167437333478
1.62435830946189
0.344978652557064
0.0679349663503998
2.14656169128702
2.8203118564262
3.04311543517198
1.85653012779146
2.31269639943827
1.216181251277
1.68210656429247
-1.02485058270382
-0.183275835985728
1.30672733193459
2.08108883986502
-0.123166342627653
-0.361133623846628
-0.792683328051222
-0.169039111802699
1.61111124092138
-0.523829183063532
0.0652854978048573
-0.667993247836739
0.150845084415959
1.20707759378128
1.75368989553335
0.792050096670685
-0.435244277194382
-1.17527585098985
1.94213036902819
-0.00960045674889327
-0.22419994134693
-1.43243554525564
-0.137094713052285
0.222521155154248
0.571409802042919
-0.578082549514353
2.17948593257135
0.342296681724678
0.568505808842115
-0.27964647422586
0.339230404146792
0.15020475285848
-0.0524445179259649
-0.657037390244078
1.09851229764408
0.905119189373282
0.932176130126825
0.786479089938534
0.454420707784663
0.787158307719184
-0.496695568692363
-0.163003393371154
0.0897658191473059
0.416856232440242
-0.00174055069424251
0.259420325846156
-0.671451687643064
0.341954493197728
1.62689410722621
1.38248044876522
-0.242961881010283
-0.330488248896909
-0.740756827448787
0.116121107484133
-0.714298050458777
-0.400192608382485
-0.224010990890347
-0.371029859447968
-0.426967385407363
-0.554297921646211
0.00185189489793293
-0.319591738523369
-0.0282552639701297
-0.7136129371295
1.00559943938695
-0.640275033648537
0.171430496178421
0.131834652349047
0.205597386165876
-0.0136269850399313
-0.0436630672106313
-0.0202463035556301
0.306513769644881
-0.369010898849752
-0.0593580213636219
-0.204920882923262
0.171030912894099
0.242348434498103
-1.96004681111453
-0.00451709192377308
-1.58731608408563
0.00218146432198777
0.168373678587064
-0.868160786106142
-1.05428743240809
-0.40216493915932
-0.777445707330348
0.681382035116886
-1.02007447000283
0.118166282035014
0.686306045666338
-0.755935472880468
-0.149336980991233
0.0503563606205304
-0.255539942234571
-1.13667162429804
-1.15950968116077
-0.79182648526611
0.60675108694442
1.76823599021966
-1.11593262310689
-0.745239363053548
-0.593816791559865
-1.12844744420486
-0.648410780168436
-0.393063475169378
-0.582477394683234
-0.662718201599649
-0.639523338161552
-1.19507066209776
-1.39001823295201
-0.797102972069248
-1.79873769033576
-1.24681794966402
-1.18804870580895
-0.887830302126818
0.0999000381491525
-0.11165938484666
-1.47884144875576
0.335855565699634
-0.643818114512886
-0.781876006892315
-0.541951471169601
-0.787281262097263
-0.385058899250865
-0.949542930469061
-0.91121775813525
0.30629248459384
-0.808685563100196
-1.06942069785773
-0.345510052799772
-0.380871030963803
-1.65434975040654
-0.302826752444438
0.322131491806924
-0.1097897585453
-0.348975092703731
-1.13545897051255
-1.37064440489176
-0.440720511682563
0.162185042881494
-0.696494200558443
-0.873063933545435
-1.10643462888457
-0.354370440159194
-0.365286501492047
-1.11798025028916
-1.40482582758412
-1.02101962807934
-1.56606830155439
0.120877351595966
-1.37665937985358
-0.793584062097668
