-0.156478648092313
-0.484492948853493
0.15174661021013
0.0835599115163649
0.995798803647923
0.555510004572895
0.262368080112887
-0.145460817967762
0.151105809076188
1.27952665263805
0.517851082878244
-0.156937290794396
0.0527725602769536
0.378569697151417
0.602002455135149
-0.583197058751787
0.47963013518265
-0.4775221961597
-0.271197709493188
0.335777062257108
-0.0350679737071548
0.0810693849926916
0.159098155830466
-0.420940122316812
-0.82897714164682
0.439298842843942
1.10113463721598
-1.20973229190101
-0.243530990510809
0.121419757998239
-0.411176058599955
0.139640969918712
1.0848427271717
-0.132745977716988
-0.703278545585533
0.174006073342724
-0.179575143197333
0.0249282427721029
1.55974520722743
0.390826941794194
-0.629089301062924
-1.09651749256343
0.316841553082937
0.923700564124637
-0.063734355224948
-1.38508458708065
0.0717812649858394
-0.413130198367053
0.328075237923261
-0.0549119389364735
-0.749430453987638
-0.255488109641592
-0.216242730188426
-0.296081222748972
-0.568465060233564
-0.21439279737074
-0.127545509328062
-0.470154338867529
0.0612057729031964
-0.887881110398313
-0.431074906005614
-0.888073488176089
1.67589307585901
1.27834714186009
0.380324019838949
-0.736958690419596
-0.85827922281853
1.68513252735282
1.92132870463916
0.826547818578211
1.66836020610702
1.84253336872295
-0.567979178090171
0.0120989814684375
1.55518048381091
1.0854628563642
0.409486632802526
2.00062848446632
0.864939979653464
0.551014473806024
1.61691743425918
1.68492016779172
2.77498719080799
2.44284462029735
2.91915067605459
1.82646591281583
0.681503357001929
-0.956998617362115
-1.59649581243606
-1.31227763828318
-1.27858630843908
-1.15115079389378
-1.69769574238162
-1.43413459913112
-1.1025864342028
-0.748186832637507
-1.21693922191807
0.0688454518083048
-1.09865714758378
-0.604209911447044
-0.477097789884419
-0.824278968669409
-0.443769904581043
0.775145418271948
-1.39404953835388
-1.37300585190517
-1.64956419014187
-0.213370382168212
-0.550160662800665
1.00924697287071
-0.673497585305791
-1.65334282748598
-0.870677430850688
-1.74662581704119
-1.80605977561497
-1.7026357322102
-0.55690315007738
-1.20260860051867
-1.61038055166757
-1.06029650219894
-1.20204320784252
-1.6199792883804
-0.762904153963067
-0.779219563066933
-0.817033171622263
0.354310061464387
1.53521457899274
1.66144154527578
1.73402502826111
-0.833446530751518
0.52539576320885
-1.06735964534925
-0.595746713508339
-0.00534033355526303
-0.228525704591163
-1.18091603516196
-1.02134129507896
-0.925481529502836
-0.670804674358005
0.345596716318692
-0.713654179148498
-0.923028893048345
-0.919042421166879
-0.874733215238761
-0.194138947569247
-0.33696325821613
0.329637274777199
0.689713858580422
0.0946395735081711
2.91770568746906
-0.80895805271152
-0.628662929433612
-0.438647000035763
-1.17339956922541
0.0299727809142522
-0.290033652535234
-1.00495988405382
-0.900028991757246
0.21897093241034
1.12781041215421
-0.950984081907843
-0.786763649234871
-0.401473220818846
1.92572754005737
2.07033083916702
0.745894575346255
0.109085279297202
1.6479547763745
0.164879135300949
1.59639061278611
0.485728138255941
0.368165036687919
0.431092584276993
0.470040143078036
0.876913534070742
1.32528846509846
0.062172649597898
1.05573610399755
-0.293468816572296
0.201287020802456
-0.349941274380667
-0.183447912643069
-0.122620368500826
-0.724940151421509
-1.31064200901012
-0.709825331946367
1.67049162418395
0.721232818626161
-0.536230693756929
1.1600543432513
0.105434420880717
2.23331121822591
1.5344407819451
0.41060391943324
-0.995225161780395
-0.547761184949588
-0.111877094132006
0.315445313135319
1.95671257270258
-0.781255211277249
0.476038834458547
-0.338546409692013
0.300344239164219
-0.0868287401832142
1.49549172528938
0.354224059411868
-0.124181142303346
-0.613960457140412
-0.137379505914367
0.0865609366423002
-0.274177564250278
-0.785892128460346
-0.861762731827799
