-0.301942286208956
0.47453952349191
-0.591718028888792
-1.27562723966491
-0.644259818179373
1.40162844284464
1.06916444162498
0.596260387961072
0.623969750898098
0.36909989996731
-0.43966640193403
0.119827323450115
-0.310739175315031
-0.510087384070281
-0.163576327700268
-0.576453161191114
-0.648372649471325
0.121301876896374
-0.592638483603754
-0.0708607679767073
-1.35798770243962
-0.00741373310012641
0.842814907932519
0.680265655233375
-0.377883524443272
0.298941732515755
0.421636050624132
-0.16865221437632
0.0752300478810302
0.662746686020926
0.0552827496430561
-0.188495165875753
0.534256277909884
-1.02572832255247
0.172030336160351
-0.528362014115653
-1.35144824769423
-1.31930802344454
0.937898575986589
0.212683519575742
-0.528692560357089
-1.93932396418307
-0.755067666660941
1.26618891618182
-0.324568308688211
-1.50168803936662
-0.685461462213662
-1.96511767878296
-0.616427855311579
1.36024745372547
1.29219859663207
1.31620089220588
1.07321663362876
-0.529824846988518
-0.656591858680042
-0.0193280361863863
0.418807065352388
0.453085568626622
1.11369471288083
-0.520335602465967
-0.668689108291277
-0.53771863279154
0.0378403680314478
0.230293030134577
-0.238172170530775
-0.201098098953693
-1.09058682170616
0.0768710159799281
-0.262672887250593
0.157446018130606
1.09413917314873
-0.665188454411423
0.14989634931488
1.99997416045519
0.380619543526991
1.65210751468424
-0.384319926957178
-1.30995473449098
2.6159004327457
0.156885398982468
1.10669269280748
1.33652668964774
-0.48310874492179
-0.307904157927346
-0.21684496655374
-0.160493709832403
1.99237699299973
3.29055216723168
0.228671207028815
0.0161572376649634
2.82771065919185
-0.0167628729163115
-0.255324992043088
-0.416524491646761
1.09888807936663
0.0985930025743131
0.933748209060731
0.855709411589918
-0.0202277889858393
-0.200647830340909
-0.510563800069741
-0.737289077768653
-0.615412620023387
2.05755160950817
0.187976416894441
-0.599321951260848
-0.393695468613626
-0.140184941731482
-0.0906153187006317
0.466027000176335
-0.333021110731056
-1.01196410128056
1.63905994303793
-0.662068832117827
0.0899062208533139
-0.00653516537090305
-0.503202031199799
-0.48977743579222
-0.222934795846091
0.514205230154225
-0.140662942505048
0.216847459438054
0.597477900183193
2.85380915588359
-0.575417093480733
-0.201514475705916
-0.421349675993198
0.361974145541133
0.115447822971742
1.34582563112955
0.265488129780075
-0.0703276387066742
-0.448181188802499
1.14474039329753
3.99902282368807
-0.222067358135602
-0.0468215544679103
0.280485174694232
0.127210798759093
0.0209505789389391
-0.542554714003259
-0.625577843689716
-0.28683141817703
-1.42487525759185
-0.560062590833511
0.413399049818221
0.359450050962544
1.06875158732163
-0.169003329928361
-0.05723531033952
0.944129439396246
0.0218015208036395
0.448150205045609
0.47452137311326
1.07504279951178
-0.319881766093167
0.186858119506276
-0.39889718806174
0.694763217561533
0.986964353320328
0.0355182083811301
0.178478876526196
0.564271295069419
-0.173020486019681
0.0088155282659999
-0.237912495239667
-0.288837213921654
1.10421212486704
-1.2017467895435
0.294966144530884
0.213959824591196
-1.73040497775351
-2.93230336068208
-0.616051006499215
0.0248148777199197
-0.696068200046872
-1.64196062243898
0.741381992073777
0.268798534468408
-1.90619032849968
-0.175904445523758
-0.403482215599
-3.28718697940534
-0.114452484018666
-1.30682696820457
-0.792320587729928
0.893237308580982
0.00651280653261726
-0.516897063908779
-0.774354833515484
-2.19846075220083
-0.59973717015185
-1.16832342658612
-0.619455703183501
-1.63847533782168
-0.945005324787806
-1.35323649629918
-0.317646231104395
-1.01528749643839
-1.44419101662166
-1.35607371170836
-0.263847565392645
1.35158433012086
0.507033999419608
-0.232147784317551
3.02104910408045
-0.263277672213727
-0.505468099053675
0.727876678828172
-0.0426116358105322
-0.00710541953756549
2.4806316155187
-0.157789939530616
