-0.569368410559676
-0.770283742941636
-0.701972978868992
-0.881153760915509
-1.29009386016629
-0.631519648514561
-0.68221859387967
-0.6348719658893
-0.723464353645393
-0.339256536279367
-1.02758758349594
-0.487988991953575
-0.907027704498941
-0.957550909840645
-0.21393903600768
0.229986852901961
0.419058058002238
-0.693052765124549
-0.397852376332318
-0.866138437690485
-1.90115200236234
-0.609547621812132
-0.824855447649308
-0.677035942484262
-1.01102161731041
-1.16430724835115
-1.07088686986135
-0.620808555682226
-1.05635190137853
-0.64501170582682
-0.622757575204088
-0.660140134470715
-1.71691731111198
-1.33143034143797
-0.744817291694419
-0.975590919221024
-0.242575001308773
-0.257820118999911
-0.293961816481132
-1.07025022389952
-2.02423281419059
-1.7778139903509
-0.202755533160831
-0.450248255991925
-0.716182803625562
-2.58416031273756
-1.12918552697943
-1.66394500208571
-0.331854405730535
-1.87605202474162
-1.76181521145503
-1.09660452167422
-1.0009344028695
-1.0078486032093
-1.05423105404787
-0.399710961740668
-0.108377012883002
-0.0597307971644941
-2.18061563511128
-1.56633270994292
-0.934078401879588
-0.323332120643468
-1.38607564952672
-1.18371779965341
-0.486629931999251
-1.11930156275621
-0.828165121200985
0.484610367055676
-1.05281631278498
0.39936180807086
-1.17883549363325
0.354270932051013
0.101182244121049
-1.25424392073159
-0.473133237129152
0.317871388080972
0.170725440249466
-1.89316372846144
-0.913983112802792
0.505048666987886
0.0595349978631905
0.221646991055091
0.487116501042647
0.537267900693183
0.151950528960766
0.0676506627543158
-1.18745050002673
1.29708709743084
-0.643277332931611
-0.331728180032946
0.11721866613359
-0.0116202004547305
-0.0869088683147688
0.526678401554028
0.143725263076131
-0.585610536701367
0.100408345498689
0.632688054362567
-0.439852654434867
-0.0878729676590121
-0.529103620823245
-0.781257476008772
-0.774190578095809
0.52012506931409
1.0260802644385
-0.515232901441144
-0.24052934278681
0.0426893742490663
0.274277435710424
0.712446093284582
1.17242939962143
-0.191744833022317
0.499975548315143
-0.113951618302599
1.18310492776715
0.757215353807194
-0.0239301673202116
-0.160294191038395
0.386121599708792
0.0826957689581967
-0.27324478632745
-0.202835288993013
1.33722250880749
0.96552398741812
1.28206673004128
1.3276580798506
0.750826915892046
0.602474532680403
0.571372505741819
1.38942373997887
1.08198934185989
1.30500615389688
1.05489133518786
2.57342824861244
1.20840130856381
1.47829412879153
0.36465320910662
1.8518312231517
1.34784825208334
0.704817302528181
0.599313132170332
0.721455140497654
0.0628761997204628
0.884301668076744
0.838662530972241
2.05800512994359
-0.503126103621607
-0.54897933757783
-0.22839542300219
0.505360401779286
0.527389523180828
0.568383469434927
-0.61385895369452
0.61686337152759
1.14986376537572
1.2841237097103
1.14504451628975
0.766764703629881
0.0954488499058554
0.134436289153394
0.743442548514288
0.559147471175692
1.07091705656784
1.88746343237834
0.614676841265072
0.63382875512003
1.16555502056479
0.652745730399831
0.16102715722321
1.13686774765497
1.26125244186629
0.616554505088339
0.342409602562172
1.40117869618083
1.38679625553298
1.64952757673232
1.18576009941231
-0.298972153833467
1.15594751041344
-0.140008240944281
0.955438894440566
0.975123585541071
0.531599193216107
1.39987438412489
0.668524738776007
1.16406486492194
1.48356641006115
1.45461351339449
0.783333424055702
0.941693627595526
1.31325762805305
1.35689075804747
1.72053472790862
1.17251872740294
0.105783674625463
0.387152048609236
0.599753643773626
0.75241411071128
-1.39038214600656
1.90691943783054
2.67048490897057
-1.46289128572707
-1.7430302704227
-1.20660044738619
-1.10536271071847
0.222832611853857
-1.55690944149718
-1.32252174698024
-1.52919491980141
-1.80198160449111
0.4166220475162
0.637436228151453
0.541736559552327
