0.431279722425521
0.976385827792714
-0.0547678993188237
0.520513426860526
0.0149768768475222
0.469510038636243
0.746726274120437
1.00995370009461
1.3331509408268
1.79912780545087
0.371009350827935
1.38770055288149
-0.0893397380520502
-0.0892228925875681
0.00894109278233332
0.18274076305192
0.8341168052204
1.36730840161308
0.472038713611941
0.242657733354558
-0.204150293415801
-0.0929768225736373
0.539196335394843
0.45340166532302
0.127132553875167
0.302540474375483
0.359435302245166
-0.0307653506776267
0.169978997149862
0.398802869632237
1.31818079640311
0.738474117552237
0.220529648116352
0.343879695951396
0.392288280933059
-0.236433932095609
0.0786593251402715
-0.608063882195829
1.89414924174156
0.175254809608555
-1.42509107265898
-0.231916117243205
1.62264061123512
1.44790049705855
-1.02506889613928
-1.27249409486029
-0.411740460175215
0.189861266065361
0.749938315972503
0.0843015163059678
0.300531163263341
0.470570625205832
0.207746330976254
1.04581100169353
0.472497955620976
0.86766536056576
0.479767221244406
0.873156407178741
1.23655559314036
1.10772466245201
0.446441500932541
0.3534009535086
-0.12831115094161
0.0379825370947786
0.461290575551466
0.143272576022385
1.70286569865578
1.07481962486205
-0.833283295873406
0.110927859404944
-0.99442055448905
0.595770448522506
0.134474567257691
-2.13739990274783
-0.575674356709594
-0.237565792409273
-0.136287005305374
-1.73627332835143
-2.2137256959409
0.470928222381269
-0.866776543781856
-1.94066621295741
1.21837050858985
1.124457863425
0.218114134086066
0.00119612669207315
-2.51214896864547
-2.12168209726943
-1.83961487318712
-1.46931592817937
-2.61863237089219
-0.769710138251415
-1.9948037643701
-0.44655640232879
0.52412512297732
-2.06994894053643
-0.464881330860751
1.10593719368235
-1.2157617609881
-1.38818558035549
-2.17476829394312
-1.83163484856517
-2.2111083926905
1.8599717399889
2.03529868554742
-0.682223592032158
-0.741557450454549
-0.283165662010488
0.245596610359998
-0.142536137918759
0.722971254719532
-0.555001236630688
-2.26917120609638
-0.970403656938582
1.30282838743703
1.37970102652414
0.335039605687131
-2.97884575027167
-0.83964115094184
-2.17709423604128
-2.97944692704035
0.120971954617462
0.165019836198568
-1.18449238054813
0.0704055281450812
-0.0447305179501323
0.341516827120971
-0.652455673834332
-1.16963272756705
1.49949154840547
0.911043922443699
0.669179236155223
-0.229684609524862
-0.240945343991296
-1.20792484409164
0.843437627988617
-0.858551797674529
-0.935951266342346
0.406579747537407
0.623400292296251
-1.25939330237224
-0.644725790797851
-0.175362823400933
0.885580680635689
-0.486913535141916
-0.0840530519977806
-0.0996528124975422
-0.532952041786467
-0.562796134603279
0.564724441805464
0.686188274345219
-0.0541134426016824
0.406217793574764
0.718151849211038
0.266442973422595
-0.0519721161157365
0.835320671729227
0.387517256454628
-0.0762972785199858
0.361482273184405
1.80930959069676
1.41539734483995
1.54109943787861
-0.284845721207812
-0.150934742428562
-0.335172175670648
0.189861266065361
0.215384643769011
1.97826278709311
-0.317246994186477
0.0301742960889877
1.34487711358183
-0.603473173478387
0.0183212623053296
1.66025726168726
0.275099237406287
0.999014309593456
-0.813689476179785
-0.099132798966992
-2.15774381472695
0.281889604256972
0.335520485241132
1.1392511195707
-0.754054476669082
-0.931898179832689
-0.602836470422274
0.453776852784326
0.0896730868387714
0.392179884796628
-0.0604057755495717
0.480908368080399
0.255441271420069
-0.781327824784505
0.796514683083393
-0.166076021644224
0.642237376389921
0.546134431681277
0.89615748121583
-0.79045132394896
-0.730401163487825
-0.292188466746009
0.685563790532
-0.376725717493779
0.301735664321679
-0.938321140641091
-0.124026232196544
-0.783499333759139
-0.430040855284824
-0.345276877586369
1.24139556582541
-0.0165030541987063
1.31453009980209
0.223994747543674
