1.08182794337855
0.851193709146081
1.01581662751669
0.449339869239503
0.912831234013525
0.778405625656524
0.912684640339021
-0.218755557626559
0.382806726309549
0.46748341230304
0.646682257152048
1.33827769085688
0.546733805893389
0.76195859150716
0.513066765871978
1.41353330561795
0.849575386748419
1.28509697733004
1.57257169796782
0.6635172693595
0.45818330092983
0.15003814127764
-0.109011931105564
-0.0479636279491946
0.377517928457264
0.119039415358893
0.082547725163636
0.389622737655542
-0.00177555129840085
-0.160426364542251
1.16829024525129
-0.211588434294897
0.211562951743552
0.843881945979898
0.519292592406929
-0.0635896983595944
0.765615412824172
0.158463047849426
0.689759127043826
0.546792093180899
0.908785986135863
1.38188722259674
1.44152244655796
-0.687673202390435
0.48867388933342
0.771068073286297
0.741557956561942
1.87045340664411
1.31752560605746
1.24982910952391
1.14502486294854
1.6797601360363
1.94114333040249
1.00904007883443
0.0301895291773966
0.371277252523168
0.0553204064182031
-0.214853830527537
-0.0841150969411
1.42599031541474
1.99867203034236
1.97036701593953
-0.679504723883411
0.2876204974929
1.63128324198549
1.6952017938299
2.15037648350916
0.710911845994703
-0.252892439808104
1.2808419100254
-0.704557630874572
0.280407862633376
1.85405252673522
0.0975447856521209
0.62093859948566
0.813629440406034
1.51054025086867
-1.15773185389619
-0.151922671454431
0.708212813553649
-0.80152915712683
-1.89227173066197
0.131637496705771
0.305919606558942
0.398896960606191
-0.038855980966492
-0.233284001171187
-0.772542762156074
-0.427616080962146
-0.0147903323075062
-0.749974282084268
-0.729655258392821
0.0187956841087783
-0.201533405323718
-0.284810942610016
-0.312139025322144
0.393777192820529
0.398393655908911
0.371806614574614
-0.658363687284359
-0.357111972311376
-0.264091483828998
-0.195736694030102
-0.074848122669199
-0.1486349538706
-1.48723322929144
-0.344049237473317
0.769401051296593
0.237191107521123
0.348047521334617
0.739785829780065
0.00278796634725682
-0.471728098584335
0.497575647350402
-0.0365691367622013
0.565813154701403
0.127444032785412
-1.10162732630826
0.151015332458228
-1.78414700779325
-2.34289837891786
-0.524211163560296
1.02341587669513
1.02582979730746
0.672353710515095
0.542949151261981
0.45083757587024
0.85774247324499
0.790007831572945
1.13217076235749
0.830089424724865
0.7353926338235
0.67860329676587
0.866392358396364
1.02018634655616
1.18248509637947
0.373109516698077
1.01677216422911
0.257072623636641
0.664976730221821
-0.0597618933757751
0.811878592905807
-0.0167686654023017
-0.939344596728821
0.0856931015040263
0.318388135134748
-0.883913279874477
-0.611600428169891
-0.614155270812814
-0.142890279086239
0.499364519082433
-0.171629755510471
0.359646032664362
0.103187588160136
0.266978713944542
-0.134039263728645
-0.165349471978182
0.0658552664385797
0.292995361464339
0.374732658601378
0.420597663340934
-0.199990417555142
0.274760472967442
-0.586385683618613
-0.884414959511836
-0.760256479100835
0.336662228472295
-0.254663482210069
-1.13782937562808
-0.713050717776995
-0.714118857162382
-1.60333951771358
-2.53230463790371
0.0335309086303841
-0.934151140730523
-0.241217671359131
-0.529674481441524
-2.36956955077762
-0.580020009406689
-1.7786743403302
-0.39058157615862
-0.911466318809046
-1.27369421641353
-0.952691880655285
-0.23251914827925
-0.485166608520642
-0.539816122765777
0.233575687709954
-0.516129142070698
-1.14801113016897
-1.01843790268447
-0.798911501122762
-1.01051157387479
-0.785057120139682
-0.616131376397083
-0.74804471938423
-0.847594536418115
-0.0548497544192219
-2.72979033141547
-1.73354649998582
-0.570862784571053
-2.50847197166111
-1.60023977671316
-1.89169712256183
-2.02144278790388
-1.29274808578223
-3.01657446533997
-2.54628339433017
-2.27734198698482
-2.11014155133308
-1.72284332989666
-1.86100327922982
-1.65185177476624
