0.0269084539999241
-0.391293678057103
2.02102831727328
2.50082060611018
2.55063781301867
2.30741166736542
2.92003039747122
3.16628092279401
0.889100745409718
-0.686064234194533
2.33840966806559
-0.269251622598396
0.7673322822321
1.17892562168646
1.29601129737679
-0.389004891083544
1.08875703154515
2.04682629461027
-0.0823373433564124
1.81463315448328
1.09414341451199
1.27543234162942
1.21514374247753
1.35537258697154
0.193056852160649
0.818469041237897
1.06725964723615
0.708359065830874
0.413873442520236
2.62758925579092
1.65561091003672
2.44645777629948
1.26473116379737
0.899096801348344
1.69993788081649
1.17514975732554
1.42281029786759
0.759445736874561
-0.329992722922546
-0.290243000840833
-0.924825332364656
0.0839716538882778
0.160872112637555
-0.653440008211538
-0.909314594089565
0.0838138507317363
1.41828215229554
0.259771944536102
-0.0154590890381213
-0.0937932996103813
-0.183608085687161
0.164651436252137
1.14868947985213
1.46266565862547
0.0888315293043198
-0.0533515610605518
0.459470748370544
0.0930766628600346
-0.282764641878462
0.204928694117539
1.80936714887641
1.11831118281045
2.12925336094538
2.43470479527151
0.879022673973106
1.03536121543821
0.185526205873799
-0.349076009122059
0.472611346489198
0.227258415952958
-0.0914902712465649
-0.504068680984495
0.805759988353475
-0.323581931805123
-0.0377640898313234
-0.490006151051702
-0.0711430239844432
-0.837567515809579
-0.904888885261758
-1.0402458779391
-0.0138037919598968
-0.0153627589024682
-0.932550425878837
0.986636932398415
0.260064162917451
-0.199606983800569
-1.14473639031247
0.064787915433075
0.0815415190060464
-0.80819068432796
-0.13138146836454
0.386468031865556
-1.14803470449813
-1.16359042602491
-0.161359494576172
-0.397443273516558
-0.637860523950314
0.257733823654725
0.0603971153299604
-0.284617773732376
0.091240095935622
-1.03903183707855
-0.43913724799968
1.78792503965144
-0.262581320672432
0.524479683560415
-1.74605110495881
-0.549571555559159
-0.711637385420171
-1.23258759167982
-0.571221099210798
-0.355902869489328
-1.18440278206325
-0.320146936075154
-0.823060997667803
-0.853423152079091
-1.02769990809751
-0.966250126717536
-0.896226352310976
-1.27288858006622
-0.667611002540414
-0.884796020515107
-0.781507656656066
-0.285643150720685
-0.0253595739108411
-1.06773467949118
-0.0779940535385273
-0.655786585694978
-0.0467584328439114
-1.37862517423462
-1.03632490488941
-0.6188014126094
-0.0388439440993038
-0.00239031221629942
0.135077916383774
-2.04305808388341
-1.53538909559243
-0.825985427326024
-0.914255198615317
0.0127093020176211
-1.10305576478034
-0.907586244563654
0.534780263735671
-1.40537735322548
-1.39173965890215
-1.28210287391299
-0.337325374267585
-0.272683220931725
-0.571482774064241
-0.595592467581247
0.358954702113777
-0.970674587080032
0.278659425677966
-0.76021686906711
-0.409994843708931
-0.754146463830812
-1.10124202221836
-0.730120224392688
-0.835312326247051
0.103997667753165
-0.882658865471528
-0.946311373237286
-0.459443588870032
1.77366819915186
1.88971643925987
0.459917574558212
-0.19672115035388
0.145988598499232
-1.05105217401782
0.97842029625453
-0.317339588574049
1.04690580234906
-1.28702130308738
-1.02693482493671
0.739695237344723
-1.0732812129846
-1.14589140083212
0.452407579592078
-0.737261734730711
0.156275461903891
-1.01879793509145
-0.380973816527467
-1.1894605675567
-0.231955215376591
-1.73199448566916
-0.515791162246119
-0.128007546866181
-0.108656131233605
-0.872738590573864
-0.778969881652227
-0.922781396352
-1.02315818455941
-1.67354674836224
-1.03551138008008
-0.918861712028058
-0.236842524675293
-0.189720796472204
0.385911374053785
-0.504869992846908
-0.652991901757737
-0.00365220914720844
-0.199588877910398
0.0355833588935976
0.401512213506599
-0.162131588725335
0.0048914192707215
0.144536693516081
-0.138557773503663
-0.326580063055935
0.0493713068661508
0.746376804294118
0.308332193749655
0.50429117040952
