1.30660693438225
1.39816523748581
1.11571107247583
1.37830980635898
1.42676875307285
0.880793241819996
0.91478204475862
0.86351251061922
1.0589903146916
0.365836223958945
1.16815894280723
1.40232168564106
0.944299648368236
0.940250264763529
0.823128710657087
0.870405617158509
0.772339373964933
1.30387092813904
1.29360579943094
0.978552206365054
1.15455475223927
1.16398566922566
1.21428752734344
0.718249464274483
0.992353302927499
0.864655447872167
0.845773773405531
0.827826022781245
0.920733324150575
0.789908342393858
1.03415482858655
0.95121464136892
0.863537225620486
1.03302928205974
0.942028091283792
0.802569327023939
0.908885770176054
0.853720135308403
1.59997656475798
0.867933403426544
0.844961601094147
1.17581602351499
1.51599018774169
0.897455677267251
1.26632330285662
0.581362204097363
1.45933833897799
1.08744654504993
1.33282598648947
0.909079590678001
0.277404078955503
0.520402850911546
0.350278215359279
1.32116749444244
0.960776306066878
1.14695102586984
1.16195790772557
0.995733264089203
1.17736424345446
1.48071841480147
1.12212981778479
1.14704673921079
1.20227106892849
1.45150812535231
1.17507010362911
1.06882313218315
1.66218539313469
0.950887362956476
1.62754628124759
0.469407806618731
1.29362721665181
0.601358261938641
0.711367895336123
0.0956492953081383
0.766944815234245
0.353537241411004
0.77573308522879
1.44681201915772
-0.244480641842323
0.218668616224025
0.138922939196114
-1.41327839577751
0.974273485811484
0.490654920141631
0.413651723324107
0.910365836280935
-0.29220527597957
-1.09062279143661
-1.73400033190027
-0.923723580432051
-1.01284820250024
-2.39450532693874
-1.60317186869347
-0.964697535378437
-1.36404135471359
-0.732699610234297
-0.702539847727784
-1.10515022396642
-1.21580733939554
-1.69935074738887
-0.428870168804151
-1.44256548893946
-0.160541507768337
-0.647506674464294
-1.5573009440354
-2.56735804246032
-1.78330144822101
-0.0343869293492404
-0.54784824299958
-0.426351996381046
-0.79815495385518
-0.73132444561954
-0.989049776735954
-1.23011592212667
-1.71665214776159
-1.25402915483764
-1.84826952753556
-2.05656835785416
-1.82998707112926
-2.32371502359
-2.65183193998851
-1.59811174816484
-0.61983162601393
0.579414820385784
-0.891789794807381
-0.682905207175337
0.0255299088585943
-0.669860356900442
0.134971322405847
-0.574034927553206
-0.366957392413465
-0.854187861198931
-0.368465759283526
-0.150851274744639
-0.0056905792180844
-0.436090156287716
-1.1583745318943
-1.14853281043061
-1.65527877668084
-0.490621758528339
0.118952666782753
0.00406970301961418
-1.42178780767351
-0.612478556986961
-0.34918737259306
0.403212535692446
0.0415728654075716
-0.129750924525319
0.065487475372085
0.374822166087678
-0.317044763010577
-1.45998228727353
-0.0966752747293656
-1.05960086470545
-0.490258880350076
-0.845078549747562
-1.44319359573451
-0.917340607580233
-0.406315902320471
0.872257353517675
-1.05222282166278
-0.545710484363664
-1.18537773460491
-0.190129728104462
-1.150179686978
0.129005553944492
0.0544168384038222
-0.20092737159376
-0.649443592899778
-0.940627002078024
-0.934401608865058
0.0116001255829688
0.596121682238681
-1.01885347314959
-1.11830291271238
-1.02804095830619
-0.91467085084614
0.371513663804544
-1.1869686610374
-0.901677730631418
-1.1170189342145
0.139201467345009
-0.783478010292139
-0.409694919781082
-0.996455683260793
-1.02518481273628
0.653581596190022
0.0578592452360381
-0.983175166999187
-0.768580040937304
-0.689140576637147
0.0714203636406395
-1.40201968594734
0.567181734683013
-0.396966307456413
-0.164792813567581
-0.790922305352655
0.362179086217637
-0.0310693715262539
-0.688618600535867
-0.66949267470733
0.524354555221536
0.211255659292496
0.490776101666388
0.29581627370569
0.571572984144169
-0.0520724896165812
0.423080041985332
-0.105258164618757
0.650656207957628
0.0305336484013429
-0.121374110434415
0.0319817716721294
