-0.628565365793123
0.417648272421967
0.175334960447127
-0.965098381653017
-1.79365717540277
-0.978503811108894
-0.620032690125086
0.219249947921074
0.0977199108715485
0.860942736985878
-0.969436001466127
0.176426516032258
-1.53385388192354
-0.693368568103201
1.00572359153306
-0.298241364618313
-0.249556927102727
0.163384876764069
-0.0044225871011006
-1.49082187267427
-0.912584120308117
2.29591747756054
2.07659706829831
-1.24489411574856
-1.28923484146021
-1.44586235771211
-1.89380906189055
-0.371632126603327
-0.998230670481056
-0.692041570773087
-1.01188357406633
-0.731026855823701
-1.37008903447429
-1.63408168347085
-2.19648320255599
-1.03048904580214
-0.521990872372484
-0.308064615636784
2.11365849198708
0.878001094572893
-1.51495913587636
-1.89473993637472
-0.26757428248503
1.17304081502247
-1.73267068918295
-1.5178795598456
-1.53198644932426
-1.3534495691266
0.382746994309092
0.075127624590597
-0.0914910517964658
-0.636043040667722
0.195797695906259
-0.401562241616297
-0.578134122243381
-0.434256740778337
0.624914144471784
-0.641407865537243
-0.0546452122367065
-1.28313674362724
-0.71681442453345
-1.52457781656259
-1.17977595508
-1.05376428168211
-1.33782425000228
1.62529202374865
-1.94895800237316
-0.84901177986417
-0.791378414646437
0.0168363095257086
1.01723842018198
-1.32491233125075
0.529537247587178
1.43277998520252
-0.201869301633932
-0.482735070776916
-0.601632247909781
0.779116774779803
1.55532461946464
-1.16083287747345
-0.0268018400105188
-0.347570480982091
-0.0931428965145392
-0.405940064589525
0.0408122817456001
-0.901887634695498
0.942238835352867
0.319160393069921
-0.797623245907122
-0.995115915820614
-0.403128845173537
0.196526539507886
0.147587662165066
0.0624023905800308
-0.0739040074378449
0.110427079131647
-0.11499611302476
-0.499995433304797
-0.659327188146094
-0.14482181048489
-0.863036122443917
-1.54055940447718
-0.673161141093343
-0.23203292586061
0.0188727944205372
-0.788838118010548
-0.451367219064004
0.181197320799601
0.137106205485347
-0.437633511919395
1.15157327956459
0.741861958034032
-0.591306799084298
0.273883058827239
0.0133759729829376
0.56015427506349
-0.775058296395797
-0.38081186597468
-0.442654076608998
-0.0604425477970176
-0.28676002059347
0.157720422541199
-0.621649007353362
1.50837596312435
0.896579191760115
-1.01719306221918
-0.842876208740457
0.23759181754602
1.67819793918879
0.269724795664618
-0.199015226767405
0.823822465847053
0.610891088374437
1.16502770505742
1.31102133692161
-0.197673141014379
0.515181346818428
-0.21715801736082
-1.58911961461748
0.796403149215335
0.432496961243099
0.0122350656713705
-0.963523854350248
0.436765374713893
-0.893337528919269
-0.133742752124082
-0.737071456727292
0.488077550607516
-0.312416989511755
1.44488863789739
-0.575052004020811
-0.23573883426364
-0.254690220578316
-0.541514135125394
0.0474897505505903
-1.54262794940773
0.305478020332164
-1.14148148553357
-0.437746585617949
1.35817027960377
-1.07939628125807
-0.507313028207689
-0.201739097524975
0.769227202960653
0.999030372431999
-0.666713369676676
-0.525385705947286
1.02479571532019
1.14645869416111
1.04434489007504
0.122752868650132
0.271604778647913
1.14711956376101
-0.569033791829304
1.44938875125794
-0.170320168173176
2.02998883880145
0.706548618828827
1.49179777303789
1.18894277356885
0.918046248603378
1.20189959927358
1.62553044418637
1.87788062169453
0.0858015388285978
1.20288696469866
1.05420819063789
1.54300020405076
0.730543065560324
1.33186276204801
1.70160447305887
1.71885715589749
2.29543279816764
2.16221924556814
0.402279525035122
0.136728472881423
-0.75673244609776
0.366869401455793
0.571400737873594
1.58608409519634
1.62793466652013
0.0169265037914462
0.294594522464793
-0.20356901283172
0.586828569989935
2.58265487593766
1.25420897638965
0.215992466545889
-0.380628162589659
-0.501156564558938
0.742158522183768
2.08403105276733
1.3973699467166
