1.22626234973773
1.14939857907029
1.07378559722613
1.12188356003453
1.07590287591815
1.11261332613351
1.08193885768864
1.05049509355354
1.08045393482381
0.587717918495998
1.19213359048863
1.07433387538446
1.16972940315218
1.17024867705071
1.01204382557399
1.06284497141704
0.979021807066345
1.10385211327768
1.14576840857844
1.16645231044782
0.844515184147242
0.84968291498415
0.96807909815524
1.03676091561256
1.21417197969776
1.10835309566803
1.06528609807625
1.1759487819979
1.13783032574461
1.04073687397405
1.13310455760226
1.09763643639991
1.11751868954524
1.14214182153272
1.11996998447781
0.916775462048921
1.00959968539879
0.570135488603729
0.248361236856142
0.879996427146573
0.786715374497495
0.914834817191381
0.961442861064354
0.515472404098828
0.539399514120849
0.946275439570361
0.916540650910348
1.1139996889977
0.930905809446844
0.879929419610483
0.937943242231988
0.9652229418286
0.709681742802246
1.04178793867549
0.809738724646935
1.16672220920972
1.16568019435739
1.08641384485829
0.645167859175263
0.778393150084367
0.796900253041559
0.781780503924924
0.565313494847606
0.663196705572916
0.916466090109622
0.340486833240742
1.02485071725109
-0.0432708818300779
-0.458108491092584
-0.850116456444631
-1.35072883472235
-1.02777391989291
0.385534097774722
-0.57424323388675
-0.581879211843788
-0.589545867849619
0.0662085009069073
-1.57985432138071
-1.74928849058163
-0.431264829720341
-1.87980541935184
-0.814134873125601
-1.35390695837478
-2.18103425207422
-1.53958739405214
-1.57875052543717
-2.06013670092301
0.451501875185677
1.11564460589624
1.07276698820945
0.987624327325326
0.99339234907213
1.06500374948268
0.773738073465995
1.03254522034386
1.08706378401404
0.461941178120276
0.187450077258421
0.632426710964827
0.906862993405115
0.723040304738361
0.70087454997047
0.913802445316025
0.401611198161155
0.0899810492720305
0.944738155983962
0.0992581023693216
0.344292315092548
0.942190687392527
0.434486865522962
1.02847514136986
1.05666899145109
0.555794483333435
0.999093654871477
0.081098723115287
0.860917100137727
0.128540606672808
1.00734118640861
0.871714681111355
1.06470938314476
1.1224638989648
0.842790472155422
-1.18187118539874
-1.40419517440342
-0.751833395026988
-1.01689736398933
-1.30600319945638
-1.14837030360601
-0.374100131987053
-1.01339425086616
-1.00179542101214
-0.26093895169628
-0.707600941167807
0.176187827502055
-0.238118395902594
-0.611426796107192
-1.36058932476697
-1.61403043217654
-0.355689624422152
-0.54419190926758
-1.99601859456463
-1.69074305332332
-0.44678759332404
0.341181768325927
-0.113178993246906
-0.149196553316619
0.10333290865388
-0.422291526835174
0.127619096138236
0.220141547838153
-0.713426901564124
-0.725354847132472
-0.134352215042577
-0.929884922561733
-0.697803558511923
-1.28432134868067
-1.01356178686385
-1.08198524797248
-0.198224258494867
0.62591566023514
-0.392079533543241
-0.42406488119224
-0.303565714270776
-0.241852940333244
-1.41814485966885
-1.05680099375498
0.017623342887369
0.0988588220745129
-1.70098047771924
-1.83765092606508
-1.27835649508547
-1.22819370124119
-3.22933139297569
-0.375766423714849
-1.72960541335483
-0.91200889459728
-1.06343690101562
-1.30811782914362
-1.73782070005487
-1.11409842305001
-1.04914910729584
-0.562782699158407
-1.28755448192963
-1.57605496644535
-0.444916162901786
-0.961440332234491
-0.267196751898364
-0.348827904716788
-0.89651475300469
-1.51259404113892
-1.29266522094316
-1.10580210463681
-1.88851777576098
-0.274125954051017
-0.0630087157633341
-0.523040685402093
-1.29375025181767
-0.603967185394707
-1.85202268706193
-1.40566401149326
-0.834214474740664
-0.0693377942752836
0.371066685872596
0.128381946126326
-0.361249462932671
-0.880529142536056
-1.11809346452965
-0.115758664356465
-0.0893233069117736
0.167838890500975
-0.994194033318327
-0.214373859505998
-0.656330220083651
