-0.261913010646013
-0.520641841636446
0.305695128133817
0.185728548877055
-0.179013019186348
-0.577270208233794
-0.371102184896349
-0.0942732464890299
-0.111806079514128
1.89902439250722
0.0134815354035306
0.498875499710817
-0.409278275010949
0.657562163770199
0.686870984769132
1.97504332387683
1.46109785228237
0.0855633885437352
1.01086887443706
-0.875525734225136
-1.10489740883297
-1.08990861659686
-0.591305583484159
-0.660939742854448
-0.546205338466993
-0.99757637777435
-0.942042943939604
-0.897037823982104
-0.644838741857419
-0.519606197146429
-0.0699308522254502
0.199470976745106
-0.645034581405994
-0.701819700929915
-0.952702532791066
-1.09681797174772
-1.32553352504919
-1.10222302201151
0.644253614476507
1.15101449397161
0.831427296016834
2.60441843520803
0.526717364178368
2.12220348765034
0.198223534435693
1.317104782987
0.106554447792268
2.30814660369579
1.12178850463623
-0.235437498388214
-0.373800829904987
-0.240590109961251
-0.336345826812921
-0.0157866625042311
-0.0804959977079332
-0.609119506725108
-0.476271428867426
-0.800606197302222
-0.907829916268503
-0.266387282717554
0.711191117374115
1.12891390534243
0.116083374495393
0.148029448085282
0.803198675740151
0.424362515550228
1.50101299198324
0.129649458027219
0.433282458679341
-0.172628102058484
0.204566839493877
0.775640030095464
0.49322486854583
-0.97919955881468
-0.538565830613407
-0.00374888179477857
1.35304102990051
0.0707283240109928
-1.04557046942694
0.853645346316222
0.16302183450399
0.113102583259774
0.322304740632646
-0.408454591782006
0.143820319280889
0.318269556035489
-0.300537128950464
-1.29472323730273
-0.105875083148789
1.1614386522107
0.18413403359576
-0.245282088216209
-1.87318978986699
-1.23185444369314
0.47914926447175
-0.12573891228578
1.54184163131545
-0.331381706903433
-0.464746850760816
-0.599411396427723
-1.20320471434613
-1.14835085038658
-0.962663069694875
0.345037514656319
-1.30131496162539
-0.172416008543579
-1.00057145219764
-0.893967024239185
0.281944921491759
0.256625462413413
1.02877399142447
-1.74673591537067
1.86898186931649
-1.11509078327764
-1.61987021819716
-0.714637676114915
-1.1771769323742
0.771710802413535
0.407018545601504
1.6528228584354
0.667050568263781
-1.32122203324534
2.43009196857938
1.12355153501026
2.01347845035231
1.6692118298601
0.88178645715314
1.01683214210025
0.926316919955749
2.0633874282703
1.93533725792691
0.589942168631255
1.44309292379124
2.45099540086701
2.26783069778411
2.38735418714998
2.59677369380862
2.57360164160846
-0.342178889023446
-0.193354947833724
1.80688178310709
1.84758612475648
-0.867446456858907
-0.807339555117614
0.78690654247
1.640267332707
-1.27813568667042
-0.665191994039429
-1.15900183325754
0.465334192538756
0.00864608303979507
-0.0263235017732543
-0.715258109073755
-0.941555392145327
0.530983730015472
0.695958978749623
-1.18406368343217
0.127630654901077
-1.21518168985223
-0.135589647224728
-0.590962151588976
-0.232836499485346
-0.676970787393484
-0.650865438208212
-1.4963098908247
-0.457470974421183
-0.359791906789394
-1.03787028471822
-0.308953669276774
-0.514114256955418
-0.136323184041055
-0.926124913560945
-0.165343473412206
-1.20632053552411
-1.43602430372077
-0.687928336060733
0.322050921829351
0.0834728013715312
-0.409481589941412
1.28231365140777
-0.964134027210648
-1.67857760118276
0.230615838130086
1.2114170293864
-1.7346676089131
0.131939731968646
-0.589243861130813
-1.00961100412617
-1.09865402778274
-1.00921223024856
0.787592984819228
-0.159319545036987
-0.726535944610576
0.0423576569950535
-1.1135051345755
-0.846220813822586
-1.23636154036094
-0.880434166083058
-0.69712817141247
-0.60392163488279
-0.663197907707773
0.146639480009691
-0.477347958921431
-0.399708421416497
0.436314620861172
0.154074190943666
0.421409640857413
-0.00702831512753892
-1.33619717542673
-0.0561957850925677
0.042824218587545
-0.219185712881501
-0.276809959437322
