-0.411479657454871
0.213805148190595
-1.86950938715392
-0.274957457891736
-0.624542937574134
0.486478511499471
1.14971666532107
0.798046254104785
0.429917122220014
0.69588943899676
-1.1164713950735
0.500542940452304
-1.46211478452535
-1.26045105454102
0.0755070812902419
1.34256486451629
0.568501922506552
1.34577692107701
0.570353111527497
-0.070309519393395
-1.95381508079935
-1.01264188355457
-0.149623898300515
-0.593669212559638
-0.64306041876308
-0.648533353728863
-1.25232784942316
-0.515068059970722
-0.870358588591707
-0.33891423630399
0.704057484476736
-0.525750435400803
-0.247698853103139
-0.543310425752959
-0.500194973831287
-0.861919536276582
-0.782034224525317
-1.51177576206859
0.737031580006899
-1.03207148034006
-2.1752506998179
-0.479912236474917
0.65047470303287
0.575197690912811
-0.406534430646627
-1.40505894069002
-0.234742309796032
0.434740819876824
0.458419601851903
-0.955421475131547
-0.772115672909538
-0.152653592034683
-1.11508882899217
0.236100984513178
-1.51110396306605
-0.668349273042925
-0.84752655745261
-0.570852731987197
-0.905297020268172
-0.862648508124319
1.19833376826385
0.724628679751474
0.416079841108292
0.315734577117576
0.653442690596029
1.22701185259334
1.28655458607163
0.645076323924668
-0.541074065663465
0.16432999554456
-1.0450002234666
-0.890291269957981
-0.353289082932395
-0.813518438835888
-0.292830729067007
-0.718949067487316
0.416049473721066
-2.46412415081721
-0.983862339851372
-0.858155865864692
-0.391156584124521
-0.0114489676538743
0.853411668641642
-0.477545661772578
0.871912591252679
-0.702463566426815
-1.30100014197714
0.832097140174344
-0.149066751813009
-0.860431742172532
0.749968610598097
0.574620199757548
0.416656765869345
0.251133717688335
0.12403182938925
0.47095866389591
-0.0808515124148822
1.08926327126901
-0.214757559775043
0.44263011300131
-0.394336119081467
-0.816181321845424
-0.137087737457447
2.70692100623412
0.0675462254237718
0.256941540355177
-0.816016696409253
-0.238141519316902
-0.259554724195614
0.605787694330486
0.7344615772757
0.176575212807648
-0.25298904733857
0.279146748261252
-0.628742552065216
0.0039901848583309
-0.848237087504245
0.439285856643358
0.103162449488986
0.461923201138674
0.898515313334692
0.177208611558426
0.454012114787913
2.08063976331544
1.11480547948182
0.589792276621177
-0.191533574745676
0.366188353739994
-0.120914145815584
0.382159927629085
-0.173967817863909
-0.154654786784624
0.439094936144686
1.58464234963982
1.91136232931004
0.789237449918032
-0.65249510641752
1.89225938963904
0.149250968966236
-0.629461839266853
0.453361963581718
1.31708450112899
-0.771495876575035
0.167387548550825
-0.990008425854369
2.41818211496414
-1.20510700206303
-0.915814375575041
-1.07545102074323
0.520749129699666
-0.574759543482261
-1.18717593922447
0.0184469704433527
-1.4067372574143
-0.512810868560788
0.0396549552242379
0.677729348367216
-0.457180683589197
-1.43420422110015
-0.734019050724333
0.308013069305742
0.171153355252642
0.0017051051554204
0.43417726129707
0.117239110260925
-0.946377465664815
0.432475910711276
1.19467524260002
-0.202970171443716
0.180057331446706
-0.321545852762392
-0.529642689279293
0.026555587333024
0.276502644194736
0.690085877004361
2.74758097813548
1.49832489494877
1.79789430942119
0.681788450851453
-1.22837309619858
0.459907360598451
1.40232307275402
-0.842542235885358
1.24232849885033
-0.580253893797781
0.556839526239391
1.44954856357959
0.972992209279929
0.0875624538594909
0.285177574229127
0.957626719677103
1.91678653457853
1.39635868548785
1.00373544137621
-1.78815430145114
-0.302352201218068
0.166226247016937
0.72670228028451
-0.678647992411283
2.84045299696184
4.62663206995517
-1.31424178517965
-1.35244033586791
-1.42248108586434
0.349990701431803
0.496381511606793
-2.52330357215888
-1.59174542602991
-1.25148574913461
-1.12887575158436
0.365602113763928
0.570729001448678
0.462800985991737
