0.557914214378725
0.912044386220657
0.805797507336841
0.798433536925465
1.0294971404518
-0.541762120444741
-0.688684003756075
-0.623298893173364
0.311574497958338
2.52753841079566
-0.152756193479636
1.9849842251931
-0.503946284102705
-0.00342389834259898
1.85712510192304
0.910933728428075
2.56273868149764
-0.270264497576715
0.515885529327744
-0.208997847263936
-0.413809593009842
-0.149666117595692
0.0703960740478826
-0.78723311769273
-0.594972795541081
-0.919912401161866
-0.831817617469479
-0.55151289320097
-0.589809068517495
-0.510440075488427
-0.0634297868056006
-0.136361485638629
-0.373296042107523
-0.37650241428886
-0.581757659744089
-1.09074687395313
-0.994191538645324
-0.411372162531391
3.8775985504179
2.81846994994713
0.956207423184797
0.355467916583398
3.43712806842629
3.21132510880357
1.16660051926568
0.700478519461352
0.787084016855526
0.43549823928464
2.94245184165357
0.498046562967332
0.253176541590212
0.555737024768382
1.13564715885255
0.124286570232464
0.213874218698521
0.797490775827202
-0.305533719176058
0.107976447962757
-0.738986138505739
0.11218111313783
0.612481583320656
0.534534890795932
-0.0968373402906199
0.873064216324074
0.930932989389473
0.239514417610799
0.0398212721375116
0.646758337840542
0.714097615047647
-0.488244028236761
-0.177180725597524
0.113643502118615
0.391949914977291
2.71533859064429
1.11109157228269
-1.26095192729448
0.391068312322784
-1.37964608374671
1.61134352225117
-0.760428344863138
-1.70128050186649
-1.84421228977434
0.00181468441551427
-0.923438619065738
-0.570973255383006
-0.878832441516168
0.745958927597744
0.465399367178555
-0.937445179582127
-0.983859109051145
-1.13542116056564
-1.23491951555522
-0.459041545145996
-0.740401656226522
-1.36868132861994
-0.253517510314684
0.158020405482037
-0.236368349035596
0.0195208116536033
-0.729186001166751
0.3021799511794
-1.52015258364353
0.18803799918563
-0.760355421644999
-1.3518203967555
-1.59764637551055
-1.79327531418543
0.779719309765829
-1.2692105646595
-1.37950716308448
-0.705477250089526
-1.04646683893422
-0.729141086529326
-0.264218325740219
0.747329827204611
-0.152610218087568
-0.961213476078173
-1.3562063395645
-0.855774017602444
-0.939934689059394
-2.10792836207261
-0.866850429700026
-0.108920973855037
-0.98973899250902
-0.359387146442355
-0.270564731774412
-0.182501323472441
-1.08609512669208
-0.257916954020012
-0.571652379532571
-0.47869661956794
0.265720187966272
-0.00549498754509886
-0.702187576401836
-0.698220022161175
-0.653418728302565
-0.892406840674391
-0.37097594941965
1.9105753363924
-0.245764385461345
-1.03436208870632
-0.129541445151657
-0.4547896620327
-0.019341044322727
-0.729373162951963
-1.04557346935146
0.214689278098053
-0.150215843464108
-0.112152873315049
0.388748842381833
0.419076734845606
-0.770331787173716
0.641010845450054
-1.29610856032878
-0.486786291079374
1.02813137479393
0.435169547828895
0.766725184589944
-0.190742398740803
-0.0309816390118162
2.04897298136413
1.8155849342007
1.63560277746432
-0.91868690385458
-1.03552513645812
0.331551407540007
-0.0978214390975203
-0.418996299325077
-0.47713082413315
-0.465283267269919
1.47722669366587
-0.71876077850927
0.651298306511686
-0.0800813506573268
-0.105411824043377
-0.665695983633356
0.165400226885244
1.25783490478884
-0.0703871394341976
1.5543361411213
0.0313623714462128
0.607683712863833
-0.0165839529114306
0.500058224363076
1.18877390819126
0.418162089894314
0.18351310663401
0.341215060146479
0.216340545206068
-0.564887608533024
-0.741066561828702
-0.0853070467063325
0.199822360875071
0.126098007110273
1.8389562476626
0.882020532037428
-0.433341319483982
0.7456502668107
1.20680846406678
0.562612241613816
-0.0584718114192741
-1.00849341664339
-0.737873729064892
-0.529069008984575
-0.204726076956233
0.25036858273817
-0.563291404649296
-0.974404795757024
-1.48397508248009
-0.994728955963535
-0.0713064136015217
-0.840919756722616
-0.0527011540431276
