0.799897595435813
1.64087046932164
1.76752612095301
-0.0709082059689717
0.768593152615956
1.00146434963736
1.56311471028808
1.317050669
1.34035604333806
2.18644782309912
0.525036312203453
0.327123946849204
1.01171160714458
0.850075985216307
2.36601026391878
1.22883236520269
2.3173970876825
0.927864807286234
1.52560338086965
0.682671129359444
1.33489468859879
1.05754793456186
1.30753314604478
0.367513687046087
1.07482105563438
0.520542098550483
0.264669268473124
0.7283657144619
0.499208401173678
1.19043695308556
1.00662438968277
0.604894242021648
0.727492716442165
1.33910059886291
0.7604246511138
0.57105087994211
-0.0428833424338019
1.51597271765226
2.00289194195617
1.72437333641615
0.824451218244308
-0.964665227663429
0.189072635474493
1.45970614801392
2.10684193824928
-0.874615203547638
0.0853297956602232
-0.218349341609675
0.825479747821181
0.211479615201546
0.680428940346676
-0.411493264037289
1.10712906138021
0.389619397185595
0.118162247002767
1.05561817216749
2.05941082530802
1.78487826064622
0.58294872938801
-0.549119355771501
-0.802066133428675
-1.13867322517382
1.29855433382096
0.935272434432365
-0.423906407373581
0.308063466785468
-0.107640683995621
0.758464000034394
3.01603011716081
-0.975632062444717
1.57706469230445
0.692365096454216
-1.05786375159163
0.306111214329797
0.167402196835247
-0.987800694460562
1.32103692438454
1.73308234516007
1.15647505452524
0.507177248465266
-0.580778140670171
-1.81098547954384
0.84053456028373
-0.822671058040039
1.222330698655
1.454099186695
0.216491258992733
-0.0737826408281775
-1.54669535069616
-1.51227786437869
-0.635470497625985
-1.22070874816073
-0.716708091475669
-0.496279189942776
-0.729390629524306
-0.98603695172151
-1.70386313801528
-0.0231530048323386
-0.39490250959463
-1.1338738930932
0.48564176064987
-0.806398758429556
1.85457511818376
1.5662198945986
-1.05257800518763
-1.24471893340174
-1.16441267221826
-0.268709838103191
-1.60949257856278
-0.431535642481452
0.0630883268732839
-0.897935972210672
-0.99543895425092
0.407106586880815
-0.919320840576756
-0.898231205892274
-1.23777341955258
-1.3520932335624
0.269527016571161
-1.28711452927731
-1.18970441813263
-1.06106794998214
-1.00785698076775
0.631500864067028
0.079572196353784
-0.835165279518988
0.437792057536518
0.594891876323431
1.205257127865
-0.612608621678982
-0.550699927710929
-0.378647660288375
-0.256911903076982
-0.091449849308292
1.18047993828459
-0.39146981699515
0.370752564287734
-0.904198933472926
-0.295423101816505
0.498189226454265
0.0157127652290188
-0.730948137811351
-1.02448175982674
-0.838901158958959
-1.18631696469902
0.209791459924669
0.113426227275554
1.27717715147371
0.195159756708033
0.279325078469195
0.00825326501794464
-1.27354642861132
-0.0884417611240582
-0.911199400488374
0.0397085018086775
-1.59686501676175
-0.67607304258438
-1.07371097884358
0.15875375155494
1.44810143960823
-0.544633329680351
-0.304008969516206
-0.340947420854811
-0.467924517141189
-0.0374140153787995
0.0204874266249364
-1.07672632919873
-0.0499151622609756
0.943228706100573
-0.72998363551803
-0.922271533594437
-1.61275189587423
0.0122529909520778
-1.29499726157485
-0.880512662403099
-0.405440263342584
-1.37839934562042
-0.881831502006345
-0.693706693854806
-0.797522822117214
-1.38861794723791
-1.03519134225545
-1.36364338226487
-0.48661185827191
-1.44504450487049
-0.969990253263776
-0.440237033760611
-0.128525310050395
-1.38474499585154
-0.808940392491909
-0.728825128360097
0.198008726552759
-0.061626417230239
-0.520854251369484
-0.0713640207490026
-0.414812866593697
-1.17870252850757
-1.27025282040219
-1.4565753691571
-0.561387060425413
-0.511505419927949
-0.146381970563061
-0.713723620654383
-0.0573342573227276
-0.466569675803832
0.428943286879749
-1.06082433698797
-0.452599246732227
-0.248541239722439
-0.0012653710408401
-0.626112021168905
-1.17295482228344
-0.982658302591994
