0.432624757220207
0.394617392691639
-0.303260452886085
0.296613927033366
0.0871077878692528
-0.206990076056243
0.0129030070310644
0.314391290674601
0.250320999516844
0.209863209580813
0.301744679966567
0.135882354766566
0.248211910616027
0.223212173765986
0.5174268405154
0.441769675921457
0.621632177778944
0.421259165138708
0.436455899985949
-0.317202172632861
-0.240590332892658
-0.0728618282093188
-0.196118801973048
0.888920581651301
0.80989336733503
0.46440946615556
0.603278776888858
0.0965040092209949
1.07428632415286
1.11657731184872
0.181083949997458
0.845491810376192
-0.548532292849281
-0.564302798273234
-0.474507928750101
-1.14296435664277
-1.10448400540722
-1.28390855286413
-0.193563503401612
-0.166343367836246
0.8650600102979
0.403645850579661
0.157580568649279
-0.427783774603424
-0.294005130167779
-0.705267238901094
0.607820730428215
-0.289649696147502
0.332291383948218
0.831375374195173
0.482581496308656
1.05949930635102
1.28910036280065
0.515586935982
0.586773010664321
0.336009353769718
-1.35365506455817
-0.81687429748219
-0.0969293979362316
0.604639637469643
0.772465524301044
0.166880530954997
2.1828679162369
1.21215482407182
0.375716914701925
1.25815273117228
0.995083941728342
1.56877370548709
3.05872425234781
1.23034668672873
3.31138874231019
2.40712148231335
-0.0141783212187804
0.999321775787926
1.60279735842126
-0.645539194164228
-0.565170223289861
2.69377493589379
-0.597977963561569
0.820126359232194
2.03846734622466
-0.278489119243323
2.00038037849445
0.136178991729667
1.9653719179249
2.21559225534688
-2.17570445463099
0.894220981706282
1.28576968104525
0.666415938247451
0.576762067729392
1.20934014945409
0.507826895469787
0.703430268147184
1.15095773471248
0.976538061124163
-0.455628319651225
0.224219011417803
0.699793938087397
0.897753769421522
0.642610263196155
-0.744584227988589
0.0893477310300404
-0.348081004418047
0.971254889049826
1.03502016033974
-1.29943000155047
-0.471143497638416
0.382273714093931
0.594405982196111
0.530558789971995
0.932509969752139
-0.442780812149952
1.17842588455212
0.0172717107871905
0.737198833075313
-0.618832539590371
1.2096977376047
0.825231638080098
0.473564562272237
0.863114519399595
1.24776063624398
-0.855565484909301
-1.63796059072399
-1.18709947910833
-1.41916697200566
0.119122689303928
-1.63320226327879
-2.75475356749394
-2.2413962914192
-1.75445154799394
-1.1536451160577
-2.3930204074345
-1.5434700906112
-1.57427910749329
-2.50345517177383
-1.00013015475946
-0.319407303151044
0.0356707653080333
-2.44505790818978
-1.50455709630125
-0.618254826099587
-1.10748180411004
-0.953706085536339
-1.41781448085285
0.353595820388285
-0.83085336311642
-0.698544544099335
-1.03488921613869
-2.34009104735454
-2.11675201199968
-1.04517877786379
-0.67192770942571
-0.675994322383653
-0.89526807076236
-0.526756784588972
-0.299068543391193
-0.738138963771984
-0.711878150908486
-0.327821873279054
-1.04636595461912
-0.824457042212241
-1.04715716247229
-0.313125181193172
-0.723228360335563
-1.3691907663709
-0.592836812112864
0.091763033598826
-0.22870910404722
-0.202091926484956
-0.0945420997790459
-0.73179847584193
-1.58359899993343
0.150584804696918
0.33622008490279
0.739065497257387
-0.14601941977461
0.0184333490223165
0.0880544823108147
-1.58861429923654
0.0634488547574549
0.165056511839071
-0.63320360788805
0.272199184827828
-0.72827777448725
-0.25117777193984
0.451148829387747
0.377405376424993
0.0952455183022068
-0.0954937113291981
0.27229571013508
0.273405054244998
0.453349490029237
0.478430853680201
-0.776432372539143
-0.389462229695017
0.0414422552568127
0.246750959595566
-1.34563988762681
0.857446701861632
0.441439268150656
-0.0153573270253385
-0.63418522233789
-0.330390526288616
-0.255601477658277
0.0735612233915669
-0.382582163794403
-0.20338738570309
-0.0148679777589615
-0.144668654565259
0.0551024723113394
0.386053526187462
0.111134297069791
