0.0565123478825691
0.0145783895466653
-0.458667889704329
-0.810401316632421
-0.52301686168516
-0.601312098933143
-0.437874038019245
-0.622115041920597
-0.0239967266752947
0.608332219941383
-0.489096882790587
-0.139574277428155
-0.259190233682051
0.0574160560206434
0.0426877732428801
-0.0619972961616325
0.676510984236145
-0.628740843028972
-0.569690152583683
0.270284577548712
-0.0976216920300114
0.355661798815286
0.07266373393092
-0.742137789532114
0.205432636065128
-0.728068770219618
-0.633185460040958
-0.816390731607935
-0.333787650798633
-0.923398933469943
-0.47898062348998
-0.838374627525064
-0.414841771595851
-0.260375835777602
-1.84374937201339
-0.988397609135364
-1.71658301075712
-1.13796732794745
1.8490650034036
0.284800431561511
-1.87438889806346
-1.25514450046821
1.06335673558621
1.46457871710688
0.396865563214877
-1.98344599395897
-0.641690468916909
-1.34418982314328
0.547740735989838
1.10092717996009
1.50670577269518
2.62946562486643
2.23912124114605
-0.870068457310214
-0.907381615158523
-0.595803909374692
-0.73836060820009
-0.796913869595551
0.215082158031193
0.00723838265563789
0.0743243457834032
0.295990006270751
-1.42510084744222
-1.075370447109
-1.03952855693836
0.650011159192777
0.977653942864747
-0.362025620500315
-1.67394791411841
-1.26225061180833
-2.24827217968048
-1.84776984001317
-0.760143923241227
-1.35980199315958
-1.33724067592682
0.358530184524441
-0.584741923695004
-1.46940926470944
-0.467415017342291
-0.201685240846604
-2.53323194435838
-1.60169141624282
-0.938134698557999
-1.53156734306766
-0.828661758125976
-1.57010001992384
-0.0270623578008742
1.53716482490302
0.689964544487096
0.240669291011618
0.153172663560331
-0.163350107549865
1.45445836026171
0.789849319781431
0.751696964942027
1.51358334825628
0.39407689667643
1.01971223167211
0.140321856485936
0.767809430882673
0.074121220815163
-2.23428804967564
0.0985734695213722
1.78459180769943
0.666719240450603
-0.808023048124272
-2.46399410302317
0.426732715265524
1.69621191607261
2.58667843611397
0.646238744793619
0.920431607223665
-0.875629421185576
0.2780053562708
0.298438983835093
0.588118848355018
-0.531372533897013
0.973084712530064
0.44622678887614
-0.737054611639155
-0.312042468332767
0.342207637503184
0.208085260631682
2.54599869650802
1.56583808434275
0.619751269073609
-1.16819528639531
0.704103556087738
1.00789366070436
0.830006440987372
0.270970177903864
1.00341291588362
1.4753647665133
1.84617245769917
2.56303833758478
1.15641013585168
-0.672582933205785
0.0343769503468611
0.282131411194312
1.55477810116292
0.16399412638215
0.80416890369268
-0.735370798207571
1.07088940533942
-1.35184529657368
2.66782254457744
1.01564156744665
0.332044980138965
-0.786504743643013
1.11782789144789
0.612766008410661
-0.72875849147908
-1.12754873161244
-0.376760602271007
0.22653417348926
-1.06144639302629
0.905657601169404
0.205786334364198
-1.30920449425926
0.955522159298373
1.34155018384878
0.530612855999787
1.31874541114956
0.946768536688484
-0.296945101361372
-0.905377470826702
0.433575107182429
1.07563818877217
1.15011187609734
-0.171622652635566
-0.442557995095111
-0.387952757968108
-0.26199256285043
0.671799411606577
1.41006131579554
0.985419511555911
0.733210269803185
-0.0754714297998032
-0.484447931889306
1.27490540963198
-0.19515692854832
0.183572483695218
-0.0643931528074092
0.540791516216681
-1.28367143594654
0.25608259857299
0.526381870267104
0.781922179022715
-0.359780932690066
-1.11934675101024
0.0370103957445007
-0.497013135238409
0.0934288397692908
0.00494098901510452
-0.650918481596434
-0.754229768573234
-0.437668214129392
0.63360032597501
-0.92883951683056
0.692797316831702
0.265517958013411
-0.285383232013015
-0.450083220367354
-0.369117691497642
0.3926279843145
0.49330194611162
-1.01690041523486
-0.417864126943171
0.431861307360333
0.172472884180604
-0.10224504855439
0.195539371100521
-0.486606210393666
