1.57152803511291
0.991968907020075
-0.338215946596787
-2.41669566650295
-0.168080201922078
-1.79285246172983
-2.40845718043482
-1.58638427844882
-0.541550304548245
1.423287887563
-0.958506828913552
1.2522943632385
0.361800962010117
1.60760783574335
1.52070599850594
1.66226722003642
1.92695214367362
-2.86054785542839
1.27478099691581
-0.0553232373685056
0.965273543977815
1.56349303457856
0.763622544455747
-0.570171560205229
0.207202068870532
-0.872301748711895
-1.43831212355739
-0.176095237685569
-0.573169943137661
-1.8544090400034
-1.65803772146867
-2.05496278320233
-1.87742987178805
-0.449733174243161
-2.81057926749806
-0.631765339189033
-0.253044898311967
0.695198503309901
2.52600859616424
1.55505958784601
-0.191903175407435
-0.353638332471354
0.685363201320555
1.74068624201516
-1.43364631556783
0.69340288714329
0.203955564076239
-0.337103546169931
0.829419514201647
-0.25644395192824
-0.250554922447669
0.177132410458454
0.181280627266865
-1.43979742189962
0.159674411088105
-0.475613309624001
-0.471601253884075
-1.00602303719605
-0.131880134883647
-1.19644517147637
-0.15029500355769
0.00886112250447836
-1.28588261172134
-0.0024329468870478
-0.505638676686153
-0.534365418800924
-1.37388679558572
-0.935464445430743
0.628350841518606
-0.134643879383132
-0.159891361606637
-1.79248047857717
0.0769744790222748
0.240010405031954
0.299107394018282
-0.999229710718278
-1.38218208972645
0.155309573108197
-0.526012908416964
-0.547272136305016
-1.10112197917382
-2.09993935484587
0.711666198754965
0.0543318765524781
0.592515403919936
0.178974693221872
-1.05676907605779
0.522882419053436
-0.539806210457129
-0.990456874903521
0.84266902226287
-0.164392469188063
1.20040897353821
1.01401294992257
0.417831707903151
-0.77526501699826
-0.589783976044653
0.984163690697349
0.505326964984294
1.32527890570936
-0.651334182247989
-1.44713946877401
0.125602582717892
1.06247867920072
1.21885574208257
0.144267186590137
-1.59949635754146
-1.23561535667858
0.190219275274083
0.321467963432693
0.214099434311281
1.03500933026792
-0.435735309438137
1.58590701379181
0.423547217720973
1.46242437601503
0.346047678420339
-0.172968686610114
-0.27428542656385
-1.07127987307623
-0.372590297493237
0.539219792075602
0.322654825972775
-0.948202812590024
0.436817634069396
0.0573723034432351
0.674534466040671
-0.0843922790958755
0.616198677026395
0.674437914927312
0.403606556712756
0.929976413048096
0.721629333322071
0.619257857955449
0.335379677140144
-0.080311057849394
0.0255284919777768
0.273912860676111
-0.861626344398993
0.668742928772125
0.739336704562979
-0.243895464501337
0.257545674384122
-0.441256216127913
-0.911012546515899
-0.511295062671777
0.0303162141327926
0.233459642372157
-0.183462760848226
-0.0540750462295538
1.11781509746798
0.144715664844257
1.03600552617073
0.138575611989291
0.416957301553047
-0.936844275180542
0.0315740712993925
-0.470689120989879
0.429738440931807
1.10937528777641
-1.07847646616378
-0.805888773617836
0.366822525646526
0.159044418593
-0.149349282166234
-0.399234111018961
-1.03165321202407
-0.248165807906897
-1.02629977694222
0.523253119454524
0.663120209385301
-0.951924665727518
-0.673808669290783
-1.4456137308553
0.579210528451068
-1.45903596021733
1.12455566783303
0.377381114294434
1.0304421510781
-1.02003214760124
-0.374729559108154
0.398523614897877
-1.16903107258024
0.451683205541291
-0.783704025017895
0.887900890665927
0.165833779783539
0.988005719422181
0.540209320323104
0.129549456159243
0.0195176176428801
-0.450520692794466
-0.695026871790065
1.18357670998185
-1.10472161552197
-1.26053899302257
-1.68103911145259
-0.482705179526071
-0.291775245123531
0.624227440533094
0.240510495533327
2.00940204901446
1.12132736832956
1.7187898146455
1.60149278249952
1.16021070261776
1.75362422404152
1.7046353126031
1.34435247497631
1.83196492207964
0.571149072735622
1.54676683814369
0.878934874123223
