0.822450075388461
0.813494618649776
0.70546164899801
0.392934025209041
0.58630332463508
0.491879691320834
0.545548716867786
0.556499520002
0.212830914036018
-0.552628563238041
0.45633658371466
0.819330057117572
0.781340961009804
0.641388819299952
0.932975373635018
0.558238075348818
0.792367398440619
0.613180707416932
0.567758739391
0.700722271888761
0.199591528509369
0.462661344869434
0.640839369790046
0.748359269781325
0.859673984322016
0.842778872505397
0.595059992454791
0.737455297602076
0.843888009518521
0.605760883527185
0.273090704261357
0.514990820876736
0.358417578560017
0.610362794801254
0.362136465998909
0.260933677917765
0.210754374898405
-0.195441225487462
0.217773923037635
0.510406611959626
-0.165018863099586
-1.03402810309703
0.660481121423339
0.416283431658954
0.305161603256097
-0.288498826398559
0.681866788883853
0.21986026494046
0.532626628621811
-0.0655473733082933
-0.223568478188745
-0.196293253643826
-0.49604155825212
0.844235742423343
0.69001363716964
0.495216882318171
0.21309600875789
0.410160652020899
0.777974298166959
0.337868343858857
0.388616774032839
-0.438978291166826
-0.243343635029484
-0.0891616987356019
0.166247158770224
-0.329837119536473
-0.896338270711019
0.135756720448509
-0.90570936131638
-0.536557524716474
-1.67225402308465
-1.89329577032246
-1.06083215000533
-1.99823423925841
-1.1235579966529
-2.64672553982171
-1.48756250733271
-0.067933774317705
-3.07200896730157
-3.08289201070965
-0.231801770676923
0.0382876238835167
-0.490918010399724
-0.485407885819675
-0.406693523733579
-0.642830485501037
-2.97225363999688
0.803388679326576
0.870440593982369
0.691012741414585
0.824162244063394
1.01697472618776
1.08449458531666
0.815625776626399
0.767276761066638
0.926786658497415
0.237346372299856
-0.320236181327706
0.370257357698586
0.896736701457318
-0.23648737363796
0.870154148170124
0.471128033390957
-1.26838264846102
0.598117591164571
1.1753471643516
0.107633072865763
0.0513237705463321
0.43178906972007
0.0968030275681258
0.687824674654203
0.942153544027066
0.670004394592622
0.969622403289868
0.586179528005212
0.966294311642881
0.561516993775081
1.33242862430814
1.18209311069609
1.32628564255317
1.49675572680889
1.2343774914607
-2.20375997402636
-4.23537209134627
-0.413599561150414
-0.711114143336287
-0.747529261184834
-0.122225070527474
-1.15302306518985
-2.48837060375932
-1.26289392280366
-0.319382701520736
-1.86423217729525
-0.19233960582124
-3.31790563171915
-3.58600316082312
-3.11278475814647
-2.65761192116209
0.599580686137676
-1.07640759014987
-1.96755999943418
-2.11177352292
-0.117634177458022
0.064731653072292
0.0604667278157063
0.135141897479822
-0.0896260068373709
-0.736488849692421
-0.299757991731358
-1.2787923589184
-1.34293948180767
0.0236204698576731
-0.616537836658391
-0.210831749823305
-0.31181248912086
0.114332445060734
0.669950880618855
0.256353445072352
-0.267264456419108
-1.33882216130377
0.152563042925436
0.371936906617828
0.307671847124405
-0.292294297452182
0.302649150374983
-0.148024478720753
-0.0990026998257692
0.200942265803926
1.02372654150223
0.521730637064053
0.430367172989863
0.4305257814848
0.567309581253927
0.2336462745673
0.479083749193536
0.637471236915846
0.395052693707974
0.398783171027738
0.619605001773129
0.748576291704901
0.454134814084524
1.02811593585174
0.808343297959104
0.833859568152738
-0.102410373385297
0.507862010798515
0.843985820572429
0.298346257022628
0.618798851685999
0.821937897678118
0.647049059436356
0.486495409472519
0.819893450785621
0.808407292131181
-0.300921263228388
0.650631712561634
0.611649695617831
0.476226353257095
0.204157739563646
0.586699379718321
0.914659795003394
-0.738274253992607
-0.542752957852199
-0.402823495007475
-0.819666108731073
-0.206217643026728
-0.978827474219614
-0.866774280215045
-0.67995337191869
-0.260027454219352
0.680632192603673
0.583884002394741
0.75601080094468
