0.718222493611417
0.429712332850499
0.512381096029135
0.618221834277498
0.341929182886997
0.443482200174236
0.417239716013796
0.18868065780917
0.488906217549167
1.0495290884101
0.263726659510858
-0.27150569158974
0.653541195876548
0.852706224056087
0.586037752198941
1.20922355995376
0.78662335506036
0.997911597851577
0.93773733630833
0.465656932008238
-0.230209831771486
0.0295199497860799
0.175675935867802
-0.239263084678667
0.198284508206862
0.473613018767532
0.893612474136521
0.148086609912001
0.0787751010069485
-0.0642329640198112
0.417131335753211
0.183347591303941
0.089123409639283
0.165920441050047
0.537079878548606
-0.253047651376925
-1.1102730000495
-0.894150535841435
1.174411884848
0.58943967530977
-0.47154769101156
-0.684397285233159
-0.400832581613587
0.443811581369196
1.31100414034682
-0.588081007298676
0.486165005279984
1.19168011213533
0.00706033585073842
0.506370777062616
0.128365849985035
1.42756792273149
0.746525292433632
0.84308954128189
-0.570087817886069
0.0311344629250892
-0.649681604494519
-0.11115328904273
0.238332107558243
0.939157080019591
0.935714982424518
-0.00273830466573966
-0.674180196452144
0.321545470152928
0.29390518971209
2.41867337239595
-0.286180247245183
0.316068912406576
-0.205836528787125
0.482993914575563
1.27066048227349
-0.935581011024908
1.54999727630354
2.2340019938082
0.187939455046383
0.49524628837666
-0.316987220426882
0.538575934136379
2.91465478449067
-0.18255905192294
-1.04912153960905
-1.60825517736351
0.491210396718316
0.665719696482176
0.478026195701092
-0.216919328500047
1.17999744724494
0.610063391638026
-0.00888241629286296
0.223361524505095
0.0670278324874952
-0.0387433949519386
0.198805634974695
-0.144487736401103
-0.108904548537275
0.397459777453716
-0.471203644748473
0.928090036590593
-0.773756086386329
0.0397966082440837
0.115206808189726
-1.71470755699639
-0.571830247686595
2.89613817259291
0.00880046329413593
-0.20087254813645
-1.48307964140923
-0.226326724115905
-1.05285498240967
0.334759076545327
-0.454464797454828
-0.396065900804408
-0.332867483466624
0.33438516545817
-0.971496970025509
-1.04701722680508
-1.1944774688684
0.789259371858051
0.249491552234565
-0.0593368127789351
0.420546632133418
-0.381935986577359
-1.04492826791663
-1.13970465108348
-0.992203163081283
-0.732513246608978
0.0914663440336451
-0.320357106788507
-1.80381505836263
0.358147540596148
0.0388309345160743
-1.38962159244192
-2.34730343826346
-0.676549447431529
-1.270438912616
-0.517770821227977
-0.480468840099518
-1.30879268191151
-0.859608006940362
-2.67155647213186
-0.470020910773351
-0.344999253972544
-1.44421919058503
-2.5378876645385
0.53481483263112
1.12164823473847
-0.767149880457665
-1.36448407805046
-1.18610703008646
-0.671950794230611
0.488972098305454
-0.739840673238281
-1.49240946315252
-0.762037192029161
0.512705572525819
0.0691702636685162
0.511008280358069
-0.913541553140605
-0.898328135672714
-0.336478983472154
-0.277190167010021
-0.63553938163006
-0.690500926924627
-0.100037690470695
-0.595846701344032
-0.703789515479253
0.740100797282267
0.0470514433779215
-0.482394268621275
0.407435502174483
-0.751591445781128
-0.0751774079669413
0.0907262098454128
0.68008836908982
0.682735136581807
1.14228546757707
-0.146435140668978
1.81050345278621
-0.745912077331872
-0.857576604871725
-0.57826493847184
0.817958834018648
-1.75373192776311
-0.368335848361135
-1.15673521971737
-1.41221974798068
2.54689229685414
1.04289580220344
-0.401048536809997
-0.781523069518781
-0.248504609836675
2.20656167247223
0.157348788532687
1.31621831051476
-1.45998885004149
-0.185437219872543
-0.0596574033650347
0.679396809410461
0.277822777782726
0.626346619619971
-0.558764016692616
-1.97287727187871
-1.89357922593512
-1.87424206866371
2.47986856287595
4.06779368528699
0.802481173806491
-0.220009386749989
-2.30405512802417
-1.64392085380339
0.760103328681756
1.37461301583602
1.78223652466438
