0.1372103691561
-0.671385736658663
0.453344632927801
2.79015612299957
-0.144408245747839
0.961403625631361
1.95505608470956
-0.188576475478715
-0.782185962545038
0.122891844174604
1.50829962621133
-0.863192257082838
0.841490425169234
0.388765754579295
-0.636281581542794
1.59380400481737
-0.385406163114081
0.372363994053311
-1.19977377743159
1.63785725888697
-0.116756644322632
0.179718502914791
0.808886434028841
1.65366898146474
0.263040481160645
1.29702453088343
1.09327189090128
1.19468431104264
1.01094472886518
1.26254097401223
-0.00313009667832007
2.38743566375125
0.157575855612443
-0.0317243284482329
0.314987382211445
1.3899168945189
1.16695791146806
0.873142679650915
-0.0872489345645542
0.651285929362312
-0.982994892777147
-0.869949841716652
-0.880680145994014
1.82301049149413
-0.626516845884177
0.135967126375648
-0.0348343870552992
-0.398468377174136
2.47449277738633
0.0354326670759879
-0.0782508766686991
0.335337610386919
0.662059285013013
-0.164746732420046
-0.39728412680123
-0.0897659660117705
0.454287225696635
0.426033463178977
-0.706516179542862
-0.723579162291095
-1.10457403624503
-1.18954014542326
0.880409231543282
0.537751088298134
-0.183795726234481
0.305116842376709
-0.72865710138211
-0.222285180024527
0.829034059346095
-1.0984592718295
1.29446970602062
-0.763397640332695
-1.11991068638448
-0.724388972747926
-0.428261507030023
-1.09556678151521
-0.690398148413897
0.769750732104417
0.233491555395779
-1.18746715308006
-1.03084398792502
-1.26758328879535
-0.582958326210412
-0.953001091115497
-0.374596661431171
-0.134428603554551
-0.297905889752395
2.68228498111549
-0.0815430524702465
0.532924995597898
2.32322755487862
-1.01662975428252
1.02635124955018
-0.0275693687907071
-0.0224184491161326
-0.212845267365466
1.08577284906726
-0.929616747373147
-0.324725366370336
-0.0376765743105986
0.850255378025406
-0.4164038173149
0.468446080313268
1.78322922950922
0.183848295792719
-0.424731304469155
-1.12963016964724
0.138906673118138
-0.790070345055955
-0.930850013972258
-0.326948923579229
0.00429472969877877
0.49280399033653
-0.583199290812201
-0.887937173011514
0.0455717030506085
-1.20512596381108
0.311361549828978
-0.92155690753342
-0.258863452479109
-0.579556282459544
-0.423128648287449
-1.26656169734877
-1.26354595454937
-1.28646983222174
-0.356590657900866
0.302313986127087
-0.732670101732628
-0.465094851589761
-1.21864135451011
-1.00724888072953
-0.644698771114255
-1.19399214135044
-1.0038293111499
-1.28683971857743
-0.212378183334223
-0.264258292912349
-1.09824906256242
-0.606352847872014
-0.499438376664403
-0.218599288454313
-1.25043286530319
-0.880179207905836
-1.10475327653303
-1.09418065449266
1.16953184351338
0.169676014570977
0.624311851705255
0.115307822245348
-0.905257988214449
-0.00243216780371289
-0.629682890709367
-0.325359504109713
2.23876863548441
0.157680401395726
-0.827645121553895
0.392983575340469
0.474043522959177
0.000578888901899977
1.93568977778726
0.585135903395512
-0.666253645085535
3.14620132161213
-1.28489159690652
0.982246325491434
0.114132254960184
-0.8976523982768
-1.16046465659892
-0.44314436988002
-0.604084278404259
0.0990759713778205
0.0147935365774534
-0.169859032714866
-1.07026958261606
-0.986929125129778
-1.15319231367338
-0.423566857193359
1.2781262344671
-1.10101118876735
-1.20166547752384
-0.256371260007337
1.12631328058194
0.0282591310554302
-0.863003232918564
-1.2544235844944
-1.2036963850605
1.2474311007718
-1.04144890449658
-0.791990237963233
-1.19511187676329
0.656665559868995
0.608594781993619
-1.2863246753841
-0.227625726211009
-0.454534587041995
0.162074207090119
-1.04902855160559
2.56201565224596
-0.219850749828915
4.34463283031109
-0.582667532998754
0.347529676752631
-0.772489634634518
0.97538592695798
0.354535638404451
2.07249817697266
0.17742816439764
-0.458905088749636
-0.103781224340896
0.950452360540046
0.870830671953049
0.159640431956199
0.303790109854955
