-0.840980922715547
-0.993016746735522
-1.61248521359584
-1.27396682680678
-1.38522342085226
-1.05407949115471
-1.088082874929
-1.29107675966632
-1.14605006278584
-1.07875015005786
-1.15448339342297
-1.56831754472911
-0.481337105586571
-0.729231858243488
-1.25221948186225
-0.928712187219494
-1.26753928386516
-1.30311102255497
-0.949150151853555
-0.791003126264189
-0.725079843381471
-0.703861916914266
-1.15792640164157
-0.704032010685584
0.0955066035763877
-0.929593377947767
-1.50493105185851
-0.440188422836675
-0.374645067640547
-0.960627020892747
-1.25762796546486
-0.653542833491841
-1.25832355545712
-1.0467807459277
-1.51690229891151
-0.797284014589621
-1.74137711861197
-0.414804046955648
-1.41820381897283
-1.33622625826515
-0.848156990924259
-1.20195203147164
-1.27028049343641
-1.17468622921696
-0.667652866529444
-0.994576201076058
-1.26822823792339
-1.56588433053932
-0.745367458833269
-1.08229467210235
-0.651027833313112
-0.455656392584732
-0.649491856752919
-1.27867416957357
-0.959117356056544
-0.713671639584926
-0.561561294225995
-0.234242268409357
-1.54750032820805
-1.62628853208298
-1.07807147416852
-0.490347211940331
-0.426503707943724
-0.97215686910486
-0.97186673679476
-1.11308679493506
-0.731795539550973
0.297454739712367
-0.306945827426677
0.367716219461312
0.523501776412603
0.226081709085333
-0.710065567037373
1.88471761408535
1.4288379271347
1.66213116609006
-0.446193403084749
-0.659969546845658
1.8602673406206
0.640270550398181
0.958906362623722
0.848247662129921
0.526214699575967
1.48668212307931
0.699423004478728
0.575954370303069
1.64408126934188
0.744436713184318
-0.059688951072283
0.535851354202488
0.510022005110248
-0.973383803402525
-0.281266251965171
-1.29726758227831
-0.57942383387809
-0.567043689805605
0.418531900104485
-0.50630919334331
-0.0872401466677396
-0.785456996431199
-0.690603338297962
-0.648665332087272
-0.244889302636731
0.554087682638024
-1.02542833772908
-1.15709938164175
0.38225691251979
-0.532622669956861
0.323300041334581
0.118780310472135
0.304798545562073
-0.913351662553575
0.529634774357564
-0.303551482151315
-1.54721966919828
-0.934284482619559
-0.647496019131776
0.531425625252418
0.250380503678019
-0.678673733227761
-1.40190013628198
-1.82564965390802
0.680010711440533
-0.0630889318448944
0.561201484570166
0.434317113473179
0.777958326815016
0.913960324999462
-0.212491474438078
-0.0533394545401529
0.363161816863711
0.171639362429653
0.440859713978418
0.428169692638089
-0.412953287170175
0.240578770529991
-0.66135037127335
1.04313843169071
-0.289159401868438
0.443104279212217
-0.840061835289598
-0.388108634826626
1.0308685984546
-0.0385380968368411
0.276864702198786
1.00058371518319
-0.613903733995726
0.0471459022554271
0.126460650838667
-0.571094383120376
0.547071124109974
0.520868287609498
0.445411473620106
0.600188109993447
0.760345531354868
0.260790506225945
0.488988371675624
-0.0261884205889937
0.101581535523461
0.0757247984369647
0.383994098039337
-0.0371602528585267
0.716926059605118
-0.462658751034146
0.0151267048208738
0.0994871176375864
1.20133441608284
0.747938717585296
1.66847843131139
0.588867585875663
0.383865131098322
0.955256324730407
0.170587983273807
0.998049466232967
1.61521132395132
0.696192047130663
0.955113763198972
2.03289858785086
0.635901046286509
1.5774550329792
0.767478712590465
1.14758795381236
1.15580973915577
0.745892282996329
0.804365952800805
0.967057664258825
1.49830349562347
1.03905062109656
0.849075617736659
0.65683275952766
0.548071844295445
0.965886953802181
0.423919418033323
1.16888159544579
0.727288606998709
0.80621333430399
0.767501306814046
1.20430660995784
1.50588231157646
0.127493015542789
0.894657045638406
2.2680811174565
1.78457675277703
1.96644719956935
2.53732560729022
1.9031405209488
1.9539145763712
2.05107975779351
1.85619820210547
2.25782133477987
1.80471054092093
1.53161701756126
1.05305378705844
