-0.153047242981037
-0.0558973450352739
-0.0186857703420891
0.257613196781142
0.101072029330171
1.22998064577464
1.08178924597152
0.755631159231443
0.280115162296332
0.59115174761427
0.511900608692799
-0.225925443204539
0.42209809202602
-0.237497936088765
0.430383277176848
-0.592457768283432
0.524740097579384
0.219558212200502
-0.590348049907715
0.53958603648362
-0.761539865402266
0.311958979690635
1.34159338325463
1.74031763444803
0.778293883476245
1.3791506438077
1.50939304744616
1.10425517409274
1.19244251745701
1.34011533805926
0.353077021558707
0.478862299231968
1.42436950073939
-0.304909750995614
1.50383407218958
1.15864672163352
1.54125508282507
0.702994497936459
-0.24493123476934
0.157325467470981
-0.0283237239353895
-1.08696796941363
0.210658355870853
1.1717975104314
0.725283407441519
-1.18621204577761
-0.336102745853372
-0.992471017754578
-0.205022458903871
-0.463525946848048
-0.831982287866898
-1.40482941861477
-1.3271182303772
-0.0315763428541403
-0.0053120883667164
-0.365168303256314
1.07475685689524
1.30257859939098
1.18105580083161
0.228337895700982
0.331338480828691
0.565880478083244
0.363796963843646
0.0869568378605258
-0.0557444358230171
-0.45881266061892
-0.60169582718835
-0.539779914891717
-1.59859309384373
-0.901445996305824
-1.90068759870165
-1.73365353624296
-0.0563224966112873
0.644417472607123
0.383514720787408
0.710872875293366
-0.597543540857052
-3.26701508126718
-0.141798365809523
0.135760556065705
-0.776955687195884
-2.61184741942491
-1.27327321545733
-0.324946118092585
-1.67435946879299
-1.24074761133062
-0.562027656129727
1.37835360023788
-0.355074620239209
-0.701401431228382
0.781628919373748
-0.434691652964442
0.301374142750315
-0.163084601537899
-0.254118531809669
1.07214068394483
0.110319216446786
-0.687015384000291
-0.995221963210652
-0.0523926672014737
-0.841824237976977
-0.229008646763828
0.147147053971253
-0.291534807314259
0.752369108098474
-0.114183282318523
-0.407704723376099
-0.256408659118538
0.472663950990656
1.11695212833636
0.993173870379729
0.0848547435554864
0.0661732139755254
-0.127403080380249
-1.57032403330071
-0.550384899963069
-0.417939219524632
0.733825407838285
-0.198209332658508
1.23393821344823
1.35726441178137
0.0659809143671454
0.44523871834126
0.859993723945692
0.559488723655808
-0.2084695609654
-0.15820128742832
0.361455468069868
1.2741279909208
1.10363651362249
0.591020722388334
0.485908210637185
1.00825920254137
0.935638747644235
1.12623000982295
1.21544147707057
-0.576626901148006
1.02327930081726
-0.60384245973358
0.400554741929648
-0.0209067802472395
1.39393006448904
0.0115955270670857
-2.12290498554211
-0.51318707154394
-0.0994983400164379
0.405588105654131
-0.279014765698181
-0.0120620216544513
-1.1097852030513
0.538262155120783
-0.758221966274033
0.221319479993937
0.46709320942642
-0.04128542634092
-0.638092324470713
-0.971140896644562
-1.11247626407305
-0.341645122482181
0.948281980893879
-1.47876763128727
-1.06040046235087
-1.25790481271374
-0.388579417971398
-0.0467168754662486
-0.50810666644664
0.147686278329901
-0.0912162605558306
-2.87587621909547
-1.65110571266692
-1.33936248923631
-1.43339736437156
-1.07896010569879
-0.0816085667865347
-1.34012028196505
-1.85970536840551
-0.328661323755774
0.965915723207078
-1.01739269782252
0.525910678296976
-0.616240557097079
-0.71004464907255
-1.31353835906801
-0.146563156767753
-0.169488514570466
-0.719681576942548
-0.24059978574582
0.822708758028534
-0.549672912722211
-0.939891020089327
-0.72606524273947
-0.314312189400708
-1.34573845601301
-0.547036902853124
-0.576021390513621
-0.583537611928113
-1.03509643304766
-0.57246036144102
-0.0743600919562829
-2.19437597479337
-1.14729463685438
2.54580660629893
1.11224638398297
2.10452499387991
2.88900541308193
1.99740838225548
1.7288544633109
2.16336434423703
2.06627670781492
2.43157551376036
0.361401324117615
0.957705581236943
-0.603114449964806
