1.54200792196905
1.39305611632688
1.27080792421147
0.903076760355544
1.35965065418362
1.38777620736897
1.35548877521307
1.40111715615958
0.927280895080028
0.159296130689315
1.39328564945753
1.58314494906959
1.57053845137201
1.51804161106279
1.41879129671081
1.36185957558007
1.26691970928304
1.12483852036479
1.50028636675141
1.23914764786193
0.936762088883267
0.907814553949189
0.982070717770534
1.35812005046829
1.41962889685333
1.44276408912655
1.32269332232497
1.35157270529353
1.44672792276018
1.35680951950548
1.22844914108844
1.27715919882926
1.29998158960418
1.21022796505747
1.2726167496247
0.958165719688145
0.744090108921083
0.529061871727405
0.705095309407516
0.502354235897962
-0.0756661359692742
0.302678505049118
1.53684572599701
-0.139906662492625
0.0719225946473752
-0.604052602913315
0.0719225946473752
0.659093786878817
1.13102914880354
1.37507883306992
1.44830550181167
1.41088333596349
0.659088323465282
0.560404421460209
-0.0699772494162364
0.197042128364388
0.681648670390862
0.58098452813635
1.50412578930914
1.17225343545619
1.02360712256117
0.673540100808191
1.25847740636423
0.930008652744461
0.634068989480119
1.00060120546855
0.938967758476455
0.272265485591639
0.361855640270942
0.589460733120744
0.111748427487815
0.340287255822277
0.649653628851768
-0.729561053659155
-0.205706125944696
-0.754519842296757
0.412081519500642
-0.445317691044137
-1.52273651252463
-0.0120051990651583
-0.293683480588698
-1.1136911212138
-0.00222114190815009
-0.537345683625183
-0.328422218891805
-0.139509811840557
-1.63310174723125
0.0696960654642913
0.490938301206643
0.382925992936312
0.27112903421276
0.681096442164722
0.221287648530785
0.0681729635975026
1.24634687558977
1.06655414786016
0.267634178686053
-0.353480996682844
0.500204130027678
0.437824837724573
0.250617957446081
0.156294487857779
0.172053403051425
-0.400170803875073
0.944685741891353
0.721371446583287
-0.391623842715046
-0.0350513983907177
0.803782760284233
0.193582937946753
0.662120765536992
0.693632128017153
-0.183517830240975
0.719844671477889
-0.789639511490827
0.537247383711276
0.131186638026276
0.775091134792585
0.669778866550692
0.733750690537097
0.948757336211577
0.755422014159986
-0.562103143859876
-1.14794718355241
-0.494137040913642
-0.843840384048078
-0.467633826280686
-0.771057041270393
-2.20374002076478
-0.366597864013359
-0.754651256403873
-0.801137933835883
-1.12138274970344
-0.589422964430887
-0.335968971290611
-0.289835538034115
-0.828218483810957
0.194959608549316
-0.761976104827708
-0.864250183993107
-1.65773614650923
-0.624072197341866
-0.431907847321973
-0.775673234181352
-2.0458556111494
-0.832868605950993
-0.276103626626302
-0.218740732424696
-0.646254748410975
-0.303344938307476
-1.26404150550683
-1.31545437515789
-0.559513778782007
0.344836457181674
-1.2128639318971
-1.90458272898458
-0.601611362552952
-0.608387181760166
-0.541185583725521
0.518115098686972
0.631449543556016
0.0120795701295034
0.367736150148896
-1.49369646702083
-1.69168639677265
-1.60220733823585
-0.818898611956946
-0.979873869149159
-1.17040104142032
-1.50031924036411
-1.50943769613188
-0.901116312690141
-1.68435953520918
-0.649924936724434
-1.52811320246466
0.255425746025053
-0.825033802153727
-0.820399353891027
-1.43245267762397
-3.74915090140811
-1.26508280146498
-0.0358486566639308
-1.73241227804609
-1.73723246321775
-2.15159154216277
-1.36999827393778
-0.082067586305314
-1.0992003953101
-1.12549757275469
-0.88589172168367
-1.38898967172353
-0.464322510652998
-1.90296591489098
-0.395274954725823
-1.83259254736652
-0.851261230447791
-0.829892149676009
0.0816396866251758
-1.17131836620591
0.606143319953316
0.216466953588559
-0.626404167105313
-0.657473833184302
-0.575098845258423
-0.680041781309575
-0.532909167278782
-0.655770897860234
-0.867957298646709
-0.735918644568179
-0.597491882523884
-0.293758677422446
-0.396716704854689
-0.207331030268726
