1.2321799894203
0.533805941381851
1.43702325662274
1.85036638478447
1.35653170629812
1.57296568162695
1.64595158979572
1.55481096962128
2.07502016279953
0.218159107414612
1.38785147006589
1.42306859776429
0.719711673399858
0.713507097792371
0.896823771573687
1.68103382804029
1.39865028299848
1.27141324788292
2.15205451790126
0.773269114698243
0.0900271089644619
-0.231368395068974
-0.451258575145523
0.690672890449049
0.60200770157954
0.911470757562683
0.859376889840238
0.567727127632324
0.843241035516867
1.25541208935956
1.51316310431237
1.60955877364821
0.724760098601351
0.411558089675969
1.21537084309859
0.238774507536383
1.14946406839404
-0.0571503315856324
0.589538370136253
0.875242899948691
-0.507570785859432
-0.43894631836676
1.18461358762306
0.0639494097329194
-0.146928589694123
-0.987967739322523
0.812593338981267
1.28845709757932
1.57740941624182
0.305182063045439
-0.0158841220172697
0.947257148166966
0.161122039388549
2.40669617691958
1.46429331720624
0.448144363089038
0.145812250878815
0.0820911260901212
0.214119963242064
1.32610457997619
0.769918495383918
1.09061381275715
0.409097897176773
0.866384074013135
0.76504852689472
1.34281940852819
0.787801288672177
0.426669896481457
-0.194089907896326
1.06332587392568
-0.308239191032797
-0.195790592948491
0.788179706603418
0.152347881255565
0.227788474836768
0.210828497228574
0.52876081922004
-1.78545979539451
0.174435160548061
-0.0958509467475737
-0.585068605009358
-1.4074286322625
-0.415420133074688
-0.420933717079342
-0.174977778061689
-0.566514166950785
-0.71942129062695
-0.0498120211756365
-1.2597556872577
-0.212239157662024
-0.986777684194565
-0.449364859197776
-0.511057481523051
-0.101596329222516
-0.224304093920017
-0.03192430101354
-0.0667259450263741
-0.317171446319569
-1.03379923376552
-0.966351120259242
-1.18891861404716
-1.02480383316639
-0.857292910051319
-0.197018119366788
-1.11717805489187
-1.00716481004436
-1.08217166587881
0.371889020066129
-0.481036765907227
0.511738832019451
0.136364406774784
-0.600220013444554
-0.617010805634961
-1.16675005974269
-0.59985661499088
-1.23840704268199
-0.439306039317707
-0.895013255287989
-0.893081621322585
-0.634851641942178
-0.5605083343138
-0.671739571958309
0.625398218792866
-0.0558775103887117
0.191963455691172
-0.489250738543687
-0.17287593848264
-0.483380645904764
0.710431835110501
0.26742722017712
0.0118170436475924
0.297355905443108
1.03621665443097
0.734852989485357
1.64084808269581
0.893266378571215
-0.60888235342527
1.24485299889464
-0.268393037006247
0.383674246807223
-2.86192786612714
-0.37909195462503
-0.970123344454579
-1.74969061364662
-0.738083352564695
0.21994563335276
-0.230806701789817
-0.398892179573962
-0.701453502077979
0.0711543294722821
0.405163294417512
-0.689005495293194
-0.907030845715609
0.40078249427733
-0.0439461184976813
-0.406236424471766
-0.718299678313038
-0.421425076195429
-0.481586206153225
-0.417072925589869
-0.412515338397628
-0.885780866232001
-0.058286296071601
1.11651724838894
-0.527163623012475
-0.99160174943725
0.319316382224479
0.41864411460039
-2.46519148551205
-0.32138154007729
-0.611541005814526
-0.93105148334374
-3.82529482813899
0.639703685217184
-0.467339974039536
0.12063352614224
0.467850628153732
-0.208606468110121
-0.102872747288692
-0.745877607015665
0.0295211461117412
1.2517155003886
-0.792173305781723
-0.253717158030175
0.924428956138189
0.24277110448762
0.666965896537469
1.15013789635488
0.63447307781645
-0.802487685636668
-1.83411422756262
-0.0430516805127762
-0.654004716793547
1.21807133157832
-0.0861694081833654
0.268421528560012
0.107275245392705
0.906279597922309
-2.66430659857731
-1.94109710104886
-0.0635340396683983
-1.84183667691816
-0.602405057637558
-1.52405098619286
-2.19500600110632
0.305113085979491
-2.61575398989463
-1.75965967298136
-2.12799907553634
-1.58722296833475
-0.211680064126116
-1.33988240445725
-0.138944342961372
