1.2073650514307
0.695934235867832
1.31692442402764
-0.22698761550789
1.19980324393963
0.449306490751723
0.659104092035726
0.444034328243535
0.751285200519268
-0.219266012593898
0.903297320933148
1.60508641950354
1.01020276860873
0.950523716446742
1.52467264635184
1.52154812231077
1.52426132142341
1.16212452053927
1.73505661612385
0.230753889936462
0.164405503424763
-0.114485058590862
-0.524740065918801
-0.215134196861118
0.159035806868034
-0.49929868245307
-0.0960005531395157
-0.849154856539572
-0.245570312184477
-0.217770780783936
0.729896462994395
0.0163811917154497
-0.0473760553115123
0.120301741416615
0.693274505373906
-0.347717509487925
-1.09617069311497
-0.600624609027318
0.151878602244493
0.786187328510494
-1.66638096592411
-0.204443835005546
1.45658161385243
-0.49186577345045
-2.29353609141551
-0.389446223965043
0.266935473110819
0.625790944888955
1.24328338545062
0.617459438188578
0.334160198760354
0.0564019288558857
-0.510387189572622
1.05766126361501
-0.222450908304402
0.347090056972067
-0.854656582511114
-0.0873551917895679
-0.769492920120315
0.307006562845681
-0.0766718753312004
-0.646616903647581
-0.16176986897002
0.0723191715613067
-0.143077347291738
-0.0826701416546205
-0.111566165902922
-2.01298494463919
-0.522201056054827
-1.63115270513649
-0.65893428398677
-0.202419944974807
-0.935873200979768
0.16815342681554
-0.107555472319346
-0.0712642978109284
-1.16385573088202
-0.506607342614548
-1.05498246630159
-0.912013324110656
-0.980018394723542
-0.0767352710289173
0.0450258859053616
-0.42608451272813
-0.657839880736977
-0.87680789804411
-2.0759284762432
-1.25712303519784
-1.26909442669191
-1.61356523119649
-1.06921428006932
0.436992808476966
0.497329795746497
0.448500047511235
0.343888991422839
0.134632843499761
-0.630660257121222
-0.309670970870735
-0.363525341129724
0.222343096156752
-1.29161495680621
-1.77527967298582
-1.30897457764534
-0.178335196413242
0.61845732735101
0.594930618395339
-1.32906857009647
-0.967803233975906
-2.28471584927273
-0.718972920258873
-0.556319552570886
0.298191244124052
0.521486053598386
0.166592725860959
-0.204178495763331
0.0483536439449615
-1.04075208154825
0.0930167436486772
-0.171995479388939
0.263174233091717
0.238415682006119
0.605144282976938
-3.0701360592717
-0.741459863060204
-0.938141792047725
-1.40087477672177
-0.934008465612743
-0.171789050457244
-0.932227818376678
-1.82863643622024
-1.08181766477717
-0.481253789761873
-0.248901780070796
-2.8719802651879
-0.841610465786553
-1.95402330301148
-3.27248642926983
-3.28176869094052
0.343728982244171
-1.08009257128116
-1.19214364984659
-0.718804872617967
-0.978250234990833
0.244657973586556
-0.190376321089124
-0.624755282200481
0.528717455593185
0.574867668082727
0.0498896024956028
0.00810133288911079
-0.974219050585265
-0.602231854233526
-0.968043892788077
-1.01279500581889
-0.609697093418367
-0.00312034816018402
0.325184938003925
-0.0766481028365512
-1.07556909665763
-0.568551953690696
0.15318615189499
0.356962577600202
0.265360423117841
-0.302411039426917
0.166920454295922
-0.130418248098004
0.0439692719731325
0.370823624818843
1.0790225440157
0.376711512537723
0.0295160945977703
0.534715665257752
0.654662550034892
-0.217869209914869
0.850989089524679
0.581730271089754
1.68917321413871
1.3325160858772
1.45188533023493
0.277679496847223
1.36199035066919
1.58925290100392
0.0143240807359686
1.45776858458696
1.01034887307695
1.34051137742689
1.66834883052291
1.42048601919587
1.40750365641353
1.30813688471595
1.10085813855024
1.44437519975298
0.907067811789792
1.83543712751764
1.06746808637922
1.45092634762377
1.46049128029088
1.17087457868421
1.21475282834972
1.26261572027845
0.958293241843994
0.964615224848344
0.231319339175116
0.579264041719013
0.157242537253879
1.42638667233039
0.211721594299509
0.377360310159135
0.740234184488628
0.840189055448048
1.52701003806828
1.39753491192291
1.56627561686863
