0.624543430579113
0.0698616821208581
0.538262805696043
0.996457672463436
0.686720893912416
0.352508122206546
0.524084792623967
0.547701952407105
1.01026795309547
0.362233943804438
0.824581186029724
0.990557695008162
0.474750134646248
0.680379573204763
0.0449856053719874
0.813633346989494
0.332315422310938
0.910412594397853
1.18415704468085
0.344589278746586
0.147430032245086
-0.238470031478032
-0.781847056619395
-0.00945112672769577
-0.0262913991452527
0.0915799390091039
-0.163055374918555
0.0745056674342636
-0.135107756598544
0.521402169528382
1.01431668407228
1.10127921191591
-0.0679628040778976
0.156868810499058
0.500447416856521
-0.3715042947535
0.167651825336684
-0.502835762957311
1.38537921529171
0.58088727887342
0.328326562441776
1.7589473538246
0.764865022164808
0.391795586700881
0.788748075788549
0.41563927211501
0.628798568844737
1.73040147907538
1.04641153249266
1.77828218732785
1.63114398374088
1.93051356671808
2.21701061909135
0.48849361108456
-0.00982385709711437
-0.028207629666445
-0.745122784579964
-0.667854087474063
-0.00227863296669516
1.61365988593995
2.00980270397014
1.83362925640969
1.38230373101886
0.843111261161897
1.20733456906778
1.78569644723887
2.35570015740869
0.267533626304147
0.781594326724201
1.96276672969581
1.08741940217432
0.482409163828524
1.22732180807554
1.46604796641512
0.664580713432231
0.32659732880269
1.36494096435819
0.292642688801312
0.0291319919926681
1.2671606694897
-0.62709210287795
-1.34548109903517
-0.806106806214324
-0.83588823751228
-0.276171600931691
0.213082127498612
-0.195068778331904
-0.449059118035699
-1.72130175196566
-1.09946724649317
-0.851431166506013
-0.209157257437458
-0.796995071598148
-0.964313991588459
0.877484023801931
1.00644730828098
-0.277677375605061
0.287758218323649
1.24146727368529
-1.48779080397553
0.456595176873805
-1.58950641449104
0.328490088986239
0.307030702760162
-0.686686547019699
-0.88865769185084
-2.49035116502266
0.501462398372712
-0.306534408403571
0.340012980637321
-0.563766091025525
0.0740992189539272
-0.612817812619482
0.822481871463097
-1.8905472214546
-1.22285658766474
-1.02761883390283
-0.0675116151148003
0.318511117834051
-0.901146277012536
-0.358968993191378
-0.543164683427702
0.200272542723578
1.86022528996374
0.76973061069591
-0.0786897151354159
-0.370896139587128
-0.521834570679905
-1.03560678877018
1.14544249506891
0.473792011523109
-0.821730174871632
-0.814170703784138
0.105906777013239
1.31185090274233
0.869837742702666
0.473022331416117
0.567707748213903
-1.55503066263091
-2.12682598874808
0.879059083706124
1.60735901930363
-0.264221730340985
-1.9619811864977
-1.50160891487708
-0.989297534371296
-1.93513422591461
-0.826435921619991
-1.64045703327026
-0.314339923255614
-0.473513583482188
-2.02999394049183
-0.725902605770396
-1.13536504668968
-1.32208235942104
-1.61673904215016
-2.13251016168756
-2.1458437818921
-1.52053658139696
-0.401348734807883
-1.76462376776515
-1.14593657972962
-2.18382588160114
-0.0343652751229392
-0.00705915343523452
-1.0625479949735
-0.581000893810537
-1.15128460440206
-1.04823663429003
-0.731633236368758
-1.39790837471665
-1.10029767484649
-0.308642992930342
-0.5715405611168
-0.54918691017398
0.719422914626056
1.37041709017753
-0.144176104416368
0.145211094020265
0.669052901669823
0.229341746990176
0.346751055411361
0.959704603539005
0.554592809271131
-0.392935238026255
0.247600292535958
0.316023296815602
0.888990778834438
0.109451305893281
0.171057978575774
0.849391455481085
0.414737154244294
-1.23555117539497
0.620359168630398
-0.373060408937073
-0.166924880820996
-0.34528576087644
-0.135644312932118
-1.1317901486621
0.318091888523863
0.992139874655592
-1.29237339444843
-0.356356955843877
-1.43004991901578
-1.34761268548466
0.2095260503564
-1.54839143849926
-1.21733400562197
-0.495515404504914
-1.53573587318031
0.285789365562835
0.0548868912985646
0.174689668725518
