1.23953149990683
1.1625108772761
0.945212770947399
1.31109510796804
1.39054805875261
0.632425977193344
0.569119981037198
0.554173285294603
1.15699277795781
-0.904438587547453
0.640360196013603
1.82109966308914
0.442562450133442
0.761768501174721
0.820619414865026
1.43597487082906
1.08774936351027
1.5377645986548
1.45880398980706
1.00488792788019
1.26165635696129
0.694061589254955
0.37693009326024
-0.463881982189871
0.208533662477941
-0.189991890590712
-0.374710686364214
0.200025090812111
0.0620884919514958
-0.34500901639371
1.17514695185926
0.211029302431758
0.941362590480069
1.28925943454052
0.998406335355684
0.637295378442298
0.781686883900434
0.45352824073768
-0.134764953951597
0.61440575483291
0.555606555631512
1.12579247526038
1.76692396649752
-1.37165711164813
0.883286769378467
1.0944840684053
1.07720821226643
1.86416326855096
1.40557794385346
1.45809716899301
0.882205659138013
0.921018842092665
1.22981705211404
1.40572587591612
1.0296826615529
0.68579977564531
0.516047437919719
0.425005618552096
0.733448874683306
1.52206981378107
1.40241046055712
0.904795283448854
0.876032769498691
1.29672801619055
1.24245750658913
0.684099740036178
0.655782632424661
0.661439509901634
-0.00111453939490339
0.018160732974826
-1.26678965058083
-1.88295671150374
-0.151846662717921
-0.183627924425151
-0.0365400320656407
-0.293447294464598
0.0515704666501147
-0.42036520789167
-0.890827287110412
-0.138012707470647
-1.13472288997911
-1.1797272731887
0.629777014252567
0.0879723457010609
0.45923865693412
-0.463076126097334
-1.05062794067899
-1.18590105417662
-1.35040125692545
-1.3375363409536
-2.49432309258331
-0.53899272951384
-0.00762285797663027
0.767123166634035
-0.316029912723801
-0.201738954565986
-0.764775631509881
0.585378664485964
-0.164809556502075
-0.34130494562305
0.276686626290825
-1.81643550178216
-0.181293801008763
-0.230213591579517
0.261870519520201
-2.7887194510838
-1.13883159826434
-0.0558676396436679
0.518266194441563
0.752620332422371
-0.457362102808884
-0.0363744458490619
-2.60661659390909
-1.21163923328226
-0.170467973609914
-0.790011261068372
-1.27149284098116
-3.11118470514995
-1.29505371624335
-4.57534593976226
-4.63459394657764
-1.31513798540022
0.336179769148269
0.953818293151845
0.657424212010162
0.244675143606335
0.478850571413919
0.431279957432859
1.37527621112075
0.632260424002001
0.333170312470026
0.875874987788336
0.903239913978164
-0.202402522258248
0.987210850385008
0.187613378091791
-0.344273062457199
-0.298517876160069
-1.25682374726566
1.03829195028738
0.0426720315683457
0.377676548963114
-0.918271588469997
-0.63619401842796
0.600892048627458
0.988651148660449
-0.364458416769513
0.0225889756008691
-0.67932078520635
0.622157755847365
-0.0696302738259337
-0.673792745384158
-0.568477493482008
-0.154215997821846
0.506581073666315
-0.434485834630228
-1.42698246192746
-0.580241996503911
-0.405500917773932
0.125519560538301
-0.154641186244895
-0.201082234121891
-0.466327928818506
0.512333755732176
0.423375582690305
-0.0984752182964267
0.531275176705327
0.938507497638691
-0.564783362500809
-0.512421781454185
-0.692090644448672
-0.632740685333188
-2.02000115044684
0.172148154781609
0.381232879623387
-0.357039683925701
-0.277679492807272
-0.924221007262949
-0.881053779543517
-0.00447357222118544
-0.210378085823606
-0.153366126953142
-0.240507838911817
-0.106841969727374
0.487353000288959
-0.38829971790633
0.394422490495729
0.766179094249028
-0.00137625100174385
-0.760155664356168
-0.120622915334014
-0.359820356485789
-0.181394904196379
-0.0505806066609539
0.183157743209113
-0.276829461263259
-0.974579419947475
0.329646599265654
-1.22076970340123
-0.604897528618573
-0.63772166330259
-0.334262945022062
-0.491681940523039
-0.472347110444557
-0.968355001193291
-0.741337334955596
-0.978917287562191
-0.315148909966358
-0.386553364760794
-0.346504559738339
-0.994958599323138
-0.865252501276384
-1.18222887005497
