1.16583833566641
1.04599008593524
1.19853186526357
1.15491976434838
0.986750915690735
1.42597620701777
1.45559750922494
1.46470404197376
1.21803423141924
-0.584381133455276
1.09516669706093
0.610060497063873
1.17841078578331
1.08120156971333
1.20358745111081
1.1521239590255
1.07343333503176
1.34672438835412
1.09752250769295
1.27309170133571
0.866745267899261
0.846167634152449
0.780110737458296
1.35821954025889
1.19890367511375
1.2617364507785
1.35617027988006
1.33980536133704
1.19373394790357
1.44534142977065
1.3682991664787
1.30771684624113
1.40640146401708
1.15423427425388
1.44650376403627
1.10694176589296
1.13989671185007
0.622494321356825
0.0268235788216413
0.768845608854643
0.52766793561124
-0.153526959695267
0.294695940342795
-0.387259908683543
0.727586464930783
0.527459890620209
1.12912954356926
0.305328166666436
0.666845396296168
1.04016398848871
1.11466534457055
1.41110428262083
1.31452613654707
1.05974431064605
-0.0569389158365288
0.12825712127597
0.377368521496228
0.0524941816392014
0.679003215052784
0.558675903524558
0.921087318581163
0.453596236204769
1.14393558211815
1.04239215113546
0.630316350729121
0.91237739396558
0.313155733803966
0.00938666095900634
0.54538855933123
-0.174300470538444
1.08957781601411
0.352383294157341
-0.0514267494999276
-1.29479739650601
-0.99161850201925
-1.54316941631401
-0.375829671325503
0.764540858786066
-1.82432628163268
-0.726013639979069
-0.245997160576321
-0.288607641911401
-0.149920961990453
-0.524137700172377
-0.300005413479018
-0.0301622969716641
-1.91943947924871
0.343937892962964
0.947480941415634
0.645110579987296
1.00946739723742
1.01675277011419
1.08149382897228
0.818843253532233
1.42475042622414
1.48186189687481
0.491598041662827
-0.261575754250181
0.712766789731366
1.01905726807178
0.506278306104787
0.539475118614482
0.76901881417614
-0.419367125853215
-0.118841998548194
1.04718325498527
-0.668600037015662
-0.244057499551112
0.806429417710144
0.600039974960168
0.708625472207193
0.926637251927332
1.02223662249883
1.00554795697055
-0.983279982273603
0.280619271882506
-0.362791304323504
1.43037484345715
0.997222249227471
1.51757857569774
1.55464134591665
1.10736853570872
-1.34558942150452
-0.230867560597628
-1.0728859243222
-1.00153758436281
-0.930982967170289
-0.930567674797847
-0.55019503299411
-0.719694421606281
-1.1132924864637
-0.955519308247929
-1.52902878654603
-0.729874553206797
-1.79945407454746
-1.14629725593345
-1.09943062067155
-1.81699728596765
-1.33593995847816
-0.481721405006896
-0.287373148589035
0.425987144221922
-1.28737790615796
-0.6223860464843
-0.803961960411556
-0.744961725914368
0.293790421326831
0.147753795307959
-0.140462914897495
-0.70663299851661
-1.27245566454474
-1.19315788087646
-0.672259226474257
-1.87386875590287
-1.06922151380371
-0.352564526916687
0.0870535639556889
-0.825518491727359
-1.20893388057475
-0.0277662419704247
-0.184126570810478
-0.228044158325035
-0.389959316698409
-0.402034574214744
-0.849373690930539
-0.535147818522726
-0.0949464184823631
-0.365274529039232
-0.759290292988418
-0.595281387968474
-1.2176260666093
-0.885685898705916
-0.352081209079523
-0.404441359871273
-0.675562749508988
-0.381921436343043
-0.666175804555087
-1.05028284181736
-0.649109772229801
0.322800567381687
-0.910790998423035
-0.382918832719448
-0.663516194969012
0.265556486216558
-0.992669878733149
-0.710157268306466
-0.467413294519606
-0.738365301287975
-0.979231295492884
-1.1613474581582
-0.384572263996212
-1.04187116105403
-0.191120417599113
-0.58835558673
-0.548654251814889
-0.643940679235443
-0.269490621302876
-0.316253949473357
-1.10581588238427
0.0938830577541657
-1.11351669933674
-2.16339842352603
-2.26247846591569
-2.14105236305559
-0.945971441048473
-1.1995031458562
-1.76925036217904
-2.50638929177542
-2.85199776033243
-1.74533838516317
-1.23481126795482
-1.0981321634187
-1.39099149944787
