0.687324022127361
0.152663784583301
-0.0470744504621012
1.33620384887454
-0.103101560510061
0.356408621808773
0.0555011926966155
0.411352981352613
1.07370677234295
-1.84921805357312
0.559561224366039
0.51973588797744
0.400868217054511
-0.153686619958626
-0.433589175799772
0.0759618140486587
0.0410239570374409
1.46755130330243
0.5284244512234
0.320330162774855
0.354535505969278
0.626092958241601
1.14350457589925
0.22664711406908
0.452055945026534
-0.31724839086848
-0.286844587207719
0.83986350831934
0.388877794644146
0.300787309666142
0.878437837702692
1.04193218000375
1.28632850205162
1.27250953582889
-0.106462520594425
0.518266506138494
0.142089151579864
0.35790826180159
-0.510398527252024
-1.03453009396327
-0.940922415431659
-0.817433488768332
0.066672668159669
-1.55151875762043
0.641203668350291
-1.05998172696401
-0.0584900937161138
0.148300369233919
0.320868563238128
0.184743719196794
0.189740284801184
1.23265599990695
1.07621707649197
0.815024229133247
-0.165432520078243
-0.00392806708702614
0.294737801511438
0.210031555153581
0.456822158108492
-0.0959396062874972
1.03356585637742
-0.34844956491968
-0.940922415431659
-0.045065725326722
0.452592077483907
1.26926137302709
0.462185946960927
-0.336188773172953
-1.51997620143702
-0.609939331627229
-1.06009844374159
-1.18716607575312
-0.41962587176075
-1.08466498080056
-1.06344764469852
-3.12390890107317
-0.503050268799005
-1.69483920226494
-1.56341450897105
-1.38704051230197
-0.978435910352531
-1.32166179512626
-0.845663641181916
-0.546595456818525
-0.952800902995282
-1.05806674044264
-2.01712864461109
0.0442733302420872
-1.25677922711141
-1.88420636681768
-0.632029001500244
-1.23253153276411
-0.306144930145176
-0.138474375653202
0.0113674399618621
0.460292568029861
-0.292752761017687
-1.08633287085962
-0.51368227189467
-0.756598154209754
0.875748449540865
-0.206967517012238
0.087987020336817
-0.327962234900624
-1.07006754348783
-1.32955404211048
-0.180929410571672
0.490943694508398
-0.770511087982545
-0.411058281419683
-0.523270228198326
-0.984507943433507
-0.973097336842876
-1.75052195154101
-1.64391714361002
-1.84180759923495
-0.20443259442507
-1.05723141420894
-1.43306564067792
-0.420779043580022
-0.586693221904577
-1.62516066565407
-0.409549522713964
-0.562105869225599
-1.10481546551259
-0.773051158813994
-1.44422756899033
-2.15176138494683
1.68247012972368
-1.42191474750419
-1.69556672644927
0.164540937685539
-0.0481314552206884
-0.221418019319535
0.217710913825626
-1.73820403063013
-0.48892273189985
0.102471863006672
-0.348190690564396
1.54835010806981
-1.38139654051178
-1.24524582513031
-0.641663100398857
1.04748949429714
0.0472586638596612
-0.684297354890331
0.0415728422463052
0.104181022153076
-0.00611879161151143
1.10439538201697
-1.40709347102453
0.460769159828947
-0.806000464406201
-0.382288949550239
-0.111558501849833
-0.88609855450319
2.35456617362392
-0.0212843661889091
-0.490670151800212
0.220461071489917
1.15330004079318
1.05009295434388
1.64160757557164
-1.02693580906919
0.510117207869799
-0.4231282027461
0.660106330677415
0.31049063209091
0.211009181568034
0.596453800847156
-0.540704181805427
0.389543971348368
-0.663733728661889
1.13271703978651
-0.753714540159565
1.65809003982817
1.40759449619459
0.958438501279495
1.04426105606011
2.25954841064436
1.18543589591065
1.94785573154572
1.18140694149157
1.88242540711491
0.780249629515475
1.30812972618707
1.55707236743647
1.69975809715221
1.16828089879501
0.575107077829754
1.41220762805734
0.978567387499918
0.719218153764029
1.28420706664549
-0.146406953776692
1.07194798493504
1.72442723859217
2.11838071714708
0.389514274612098
2.4382457402871
1.96286591346736
0.0180865461885221
-0.501523558513988
-0.214438566008154
0.360493952414962
0.190824399693955
0.107399892991697
-0.437984636323314
-0.0923193007989567
-0.0842329313839715
1.48784102768752
1.19277772995438
1.47768920950906
