0.726204485939072
1.01117862861408
-0.342789462735887
0.520050848434159
-0.181934837157462
0.898904366146288
0.774615430067486
0.872912033042484
1.2633048004213
-2.45762200327553
0.0520818164569963
1.47525122573654
-0.0180235806581024
-0.0595921604142619
-0.524260966491022
1.03793092967518
-0.0534240114198483
1.27772540731683
1.34922067032167
0.720814496809869
1.5252210623937
1.14056851661734
1.08807608779723
0.035249539417874
-0.135997281853492
-1.56239674890672
-1.51374128024811
0.425761434772593
-0.611085780603259
-0.134511789681752
1.5180899470318
0.34601108418317
0.917491043809523
1.3795130416942
1.46484041834932
0.715952129090083
0.393348015468065
0.689311815974687
-1.28320519119937
-0.988573009426714
-0.163543881962083
0.54348648735486
0.886566885011284
-1.53488945232444
-0.631438651713876
-0.12811258990715
-0.174663818813311
1.24032528559087
0.0239754965639922
1.28079434236175
0.0944646438610259
0.998660772754041
1.32336513656912
0.921165619242588
0.630864524422635
1.85577300228366
1.09815684560925
1.40068761324289
1.57041782365393
1.93769795095122
1.49806973834782
0.89423410232166
-0.813486325688434
0.141230413808601
0.660244985553776
2.03800868313557
1.54653104351981
-0.793566526586873
-2.06611292265031
-0.305182147147391
-1.41780315464772
-1.19975950368616
0.136061854365378
-1.05252372056886
-1.49337471012829
-1.7663694577281
-0.745532774482855
-1.73244034599448
-1.87056904835926
-1.00202079903352
-1.10478236399767
-1.26432741176092
-0.811353460613638
-0.718945876167037
-1.09433606795154
-1.32106740065967
-2.07871589406908
-1.21745441287444
-1.06729169249724
-1.2431523707115
-0.583437897424687
0.013657097611688
-0.601793449273137
-0.542476737309356
-0.202968282247653
0.563951146892299
0.565681498661794
0.110071672158026
0.211520458885251
-0.399914587190693
1.09530286320215
1.79859413856066
1.2337496025956
-0.657518373839552
0.40677726149975
-0.387508590435206
1.60632483728616
1.52190905420421
-0.49239086775109
-0.393000317497246
-0.569172493155136
-0.56888378907465
-0.561375030160837
-0.619999761856146
-1.57884715965327
-1.38580079870835
1.16865879448813
-0.239402387596126
-0.56208413146297
0.0806774287064971
-0.0583140500619355
-0.332032267552339
-0.506769999899625
-0.354111654816853
-0.13519040580421
-0.456481042457954
-0.74785835333043
-0.964858681351019
1.43665928435572
-0.55661697380885
-0.697013811148449
0.316443778457765
-0.306228647861658
-0.338931972587862
-0.394910114514068
-0.604125411780782
-0.840208252441607
-0.725782010811065
-1.35713376691167
1.53827384038108
-0.766110365308072
-0.673720778816843
0.788083824400276
1.49684178731522
-1.02885883899279
0.196298418927386
0.370043853979739
0.427785753269592
-0.345969183809075
1.32875577118716
1.26071150801695
0.531367389249145
0.990216235731485
0.98690356217355
0.35012053115672
-0.827238035361772
0.903192893739186
0.906325321504289
-0.0555757526313897
0.252530294222343
1.023760283752
0.9396314736952
1.16092401328049
0.591150977301527
-1.68410826012764
-0.208121318777958
0.408402000782878
-0.278021472138046
1.59371586367418
-1.1804499367064
0.116308351986177
-1.3487455137143
-0.121693512938437
0.468667501885036
1.27306313641067
-0.898676503975538
1.03436555432329
-0.983127139532722
0.203098552392183
0.801325663859751
0.578503858820393
-0.756522709281514
1.05790798910925
-0.127430199619698
1.251369610253
0.934736135636359
-0.435122927581832
1.2208607552809
0.141399997296379
-0.900174887087258
0.468643869988719
-0.377253352128447
-1.25276842423501
0.137562559988052
1.17157807347404
0.953827958217829
-0.838347444070645
-0.607688216156506
-1.51872170101715
-0.132932562838265
1.30240365818646
-0.578112660261387
-1.33567490559175
-1.44839933374191
-1.69183771669221
-0.0230984559139939
-2.06864134783888
-0.0371158262170981
-0.293668837888897
-2.10117142663379
-1.08753435582981
-0.309215940283609
-0.90608346620734
