1.55218849881767
1.30762823243707
1.26168849899353
1.32745298334434
1.22605947429921
0.886237151705374
0.964208806034924
1.17477716974747
1.05427118326419
-1.43692793264791
1.26712644534386
1.4199575104086
1.38689050576818
1.30553182862966
1.16843273337506
1.43043131510186
1.362239850584
1.3540326946162
1.49112464965702
1.03227466245552
0.687957434806579
0.408726944233717
0.3732255450411
0.950965222385653
1.30243396026726
1.02505736408922
1.01773614912686
0.853602753703958
1.13276288255092
1.16647658151988
1.06338838997594
1.11168396753323
0.526664957071165
0.711917019248562
1.01517915807555
0.443588964936777
1.09314691224826
-0.0341376911605879
0.24991102732385
0.690466245604056
-1.41174893909385
-0.0778346888187373
1.31471282592906
-1.24686301017318
-0.379669323505854
-0.600356476226699
0.873511878208271
0.82536251952509
1.57075555680801
0.775988438469494
0.602047641090147
1.62411070445236
0.818467463857385
1.28973903068476
0.781059055440973
0.578042499420035
0.290582621253353
0.0288057627352968
0.410000416836682
0.775392480392759
1.52972871580769
0.68471408806301
-0.309591120721406
0.474027546324482
0.621068300685242
1.18306174603997
0.675569776147973
0.0940300359849487
-1.16928125293708
-0.217825952465456
-1.29381288330703
-0.461812274557556
-0.2883705529001
0.534255800602978
-0.00909022444008123
-1.6990423645525
-0.423236025017425
-0.830673558625421
-1.22997537507249
-0.506756020086754
-0.911490343822305
-1.57706840367253
0.664704759847548
-0.157178447984563
-0.39832186289979
-0.818416956471342
-0.8072407059306
0.691991125336866
0.178208814575414
0.189411999926827
0.877572291292048
0.895553124612409
0.981183393713357
0.834249590756743
1.51062591705649
1.31945571365892
0.169985119812725
0.177644062967742
0.0695165178612188
0.748395114663558
-0.0376220202925792
-0.531208675531191
-0.364635164593897
0.784004657547893
1.06672298128554
0.501597399071131
-0.889859100579649
-0.282694225370043
1.12256579257586
0.986440245564074
0.958974007974863
0.761435142008139
0.331185719739178
0.573113189529619
-0.104856977262408
0.81106263330424
-0.95220302036857
1.0872754243754
0.627312106397969
0.877906806505876
0.924768181859872
1.2397715834087
-0.622932267316703
-0.949384600116595
-0.238990173010737
-0.516645880225056
-0.485530391005591
-0.529394638683076
-0.466754191306807
0.397945444494968
0.0207962245711361
-0.255055093757349
-0.731021943435599
0.323191795195587
-1.39794960303152
-0.172785903624082
-2.46091249303731
-1.37919933637855
0.0607900023636687
0.0713501952942237
-2.29667634537706
-0.294918492923677
-0.722967795580403
-0.618273176084184
-0.663887497223859
0.00741137054122332
-1.40153444450757
-1.63181616402177
-1.42765935431362
-0.828107265424674
-0.782986592331461
-0.729399272832453
-0.980952165047449
-0.57643150399297
-0.263878979642698
-0.362833308930758
0.240175116110065
-0.685646638556393
-0.827061231810577
-0.954968376287611
-0.171185974085135
-0.239426417640245
-0.147928542659854
-0.598848486830535
-0.857603605578525
-0.883676766743656
-0.287577288755392
-0.504835264263377
0.101647338212031
-0.299872454742013
-0.310954269322797
-0.920054327353319
-0.515136595126805
-0.148380301560045
0.358410882628717
-0.287074677023637
0.327249008080684
-0.682678400309386
-0.0136008652125669
-1.35329238424307
-0.0123918434880684
0.255094436554745
-0.751805037210883
-0.0377075605679486
-0.47315681613255
0.339579396304728
0.760147997633012
0.385591312614866
-0.120444111139892
-0.12230278037185
-0.336072954407778
0.333505742554588
-0.0370628077886597
0.486787763504372
-0.704857275877177
-0.225328987475464
0.098715802480323
-0.00659405990034304
-1.5335289791046
-0.181426302405813
-0.0811162854584104
-2.65030436575087
-2.73537344494455
-2.44623867321595
-2.65155271974035
-1.53784022186077
-3.3847695044272
-3.00600207982824
-2.37269104171684
-2.1552062069629
-0.224069327339909
-0.735195875423695
-0.221981250556669
