1.43009563102126
0.925974156072399
1.02734157225009
1.00352619284225
1.24115317984369
0.864522317553501
0.837579122775405
0.807819323239246
0.852106987194144
-1.48377838481815
1.04733375260018
0.757732664662919
0.773128670079376
0.453730495138451
0.232028546250955
0.671805069090816
0.29306561216578
0.605996936860759
0.412578400580887
0.269584376834014
-0.84747104780076
0.427974259273088
0.527893489752565
1.00536654324728
0.523097186929217
0.861084241159487
0.945886884605899
0.626661472907049
0.864711080446632
1.02015681727659
0.642199451717343
0.61556293036425
0.801833239435043
-0.583256553620659
0.786945477576937
-0.192951654913391
0.530150670011365
-0.394819963508849
-2.1562469160599
-0.86010291102126
-0.655878284895187
0.672541240526441
1.45161361096435
-1.08755076069473
0.446718411986675
0.940662018933224
1.03912042329612
0.0842819261308094
0.997794279266895
0.627856000683772
0.893978089322748
1.36645626659376
1.24069045347244
0.683801068721516
0.96362011587694
0.8104721685425
-0.193381496694366
0.0440104511348514
0.606431307690716
1.14808685991425
1.33336200233004
1.18084632669525
0.46785687577509
0.715701679671963
0.771271694040304
1.03461045123277
1.26034759823432
0.874782086081978
0.310543110538658
0.894214275391586
-0.247985909401402
0.134517912025975
0.835975048798626
0.140545689026485
0.440016166721082
-0.902518233366922
0.466550433600925
-0.304473105452244
0.223615318468359
-1.02793844091651
0.0279891111095031
-0.550459350114961
0.419614897142928
0.614320384114874
0.784383636477775
0.0801001472832503
0.268681617938383
0.885447426624524
-0.388242221883424
-1.23709031499561
-0.021198457819618
0.698260663024818
0.744421258675728
0.758587666953991
-0.362046858025815
1.17861655923586
0.28308524357406
0.606921632075539
0.945801721442084
0.837031820981263
-0.222555143947616
-0.100018879225227
0.217660732823427
0.97453665433709
0.803072962852229
0.488663983256302
-0.440638576399998
0.187197594789632
0.73698816718347
0.900446170408566
0.682539003346734
0.427717713201831
-0.352111449693646
0.172306818422898
0.492148679144262
0.58826100327259
0.267359109149342
0.279219529191743
0.592661470946659
0.587569171864042
0.816526680518737
0.720917425335221
0.870542838747967
0.333755182594972
0.759402924387529
0.288160575695854
0.430945180708793
0.0349471720850858
0.384562721546053
0.905771434523688
0.530222980498082
0.736762562878892
0.74894141352902
0.77039501696971
0.49219275686609
-0.143393812669844
0.437807984188516
0.558273843881928
-0.970972325783009
0.384593451481278
-0.245348829067789
0.819785429709982
0.649325454428637
0.42859287543927
-1.1559751814524
0.694468194675537
-1.3987013342011
-0.652801281214076
-2.02760605033606
-0.0634954710975401
0.812942090838282
-0.36825901363075
1.06559894691012
0.709347272786836
0.506446169485053
-0.493050998167966
-0.0219079590204932
-0.776690834654634
-0.0978958890880624
-0.196099093195005
0.0324225315040841
-0.130795815561946
0.379409907046463
-0.459313716898214
-0.125927031643198
-2.55160700229925
-1.17304776443605
0.0587647744044566
-0.326614466966116
-0.199407364169942
-0.443065311587714
-3.06386873826116
-3.45294153695331
-1.57379384616637
0.68431656076891
-1.47854723302465
-0.742172609117674
-0.774776412951308
-0.203642324455441
-1.71334526940015
-1.25953486714253
-1.19522572038957
-2.46456151175313
-0.203367610109612
-1.94646173989322
-0.322672916149936
-0.500721447141113
-0.621568686913009
-1.37426488888757
-0.558269962423119
-1.73281144533518
-0.179781107552461
0.132505290255486
-0.999969792240861
-2.83823623962946
-3.62162792292515
-1.76947782855361
-1.59536618274253
-0.979094356561778
-2.04738082137046
-0.131500323134933
-1.22151754873385
-0.832760328957985
-1.57080157953252
-2.18850605183705
0.227046484169347
-1.74295196513861
-2.11393768444734
-1.18139101098172
-1.69390047847459
-1.13027409852078
-1.21309685156319
-1.85801239137726
