0.6085433582912
0.558173244209503
0.750903491774424
0.85506296014459
0.519787677560221
0.652880315330625
0.827858851636401
0.840385905421964
0.926437504740292
1.07511174121723
0.491389367381441
0.750883896052034
0.52773756868987
0.713108874642342
0.971123608807514
1.10872364836034
1.17735582488914
0.915845853442856
0.743848976435362
0.414434550819884
0.538710506595563
0.517079283701295
0.810226962036747
0.399942251707935
0.312615415591502
0.493014382249572
0.317322613586482
0.352879350853346
0.334213115067203
0.524128008354986
0.995910960956481
0.679100473325929
0.546458929125172
0.439503116059601
0.714391840284194
0.621588602321715
0.758203378211554
1.49417981446132
0.183082508218105
0.759683345350166
-0.185989801339639
0.986355525381825
0.832962584698055
0.702201956389237
-0.343614965544807
0.472461862932303
0.694900900575466
1.39695553043488
0.949424651388202
0.395376688747015
0.00595625667290296
1.10372635942436
1.7962138157365
1.09216059710642
1.30256213870199
0.528289268687415
0.30509708954848
-0.193650320210379
0.0123322384425206
0.598389836665914
-0.363384086813638
-0.524700250933011
-0.482470702208173
0.143083546236691
-0.120256105971846
0.0510298016857255
0.350498328521429
-0.753987834786868
-0.496807056869223
-1.13344454357173
-1.15029114150878
-1.18606491152468
-0.932138915466328
-0.324195233084309
0.276350667778865
-1.2590931723327
-0.680746580481214
-0.451160856312596
-1.05463628200639
-0.976728298206549
-1.26618173065082
-1.34549045845887
-1.01917601131463
-1.14401285427818
-0.627295347181754
-0.75953313514021
-1.00404376878359
-0.221567635265025
-0.433910458614321
-0.752865503052684
-0.433306618880001
-0.535137382180487
-0.763293045308806
-0.638752192066054
0.185513215306109
0.295910918454415
-0.862179358849609
1.23182487280576
0.423666520250621
-0.217379104282566
0.887726551096996
-0.802008611694563
0.835075118969157
2.25151214498469
-1.10034512150271
-1.24833477207021
-1.24487812934279
0.0203423582366517
-0.472484220272642
1.24258847848293
-0.642516553245949
-0.720738419679007
-1.24125420089833
-1.05192397541249
-1.43870133542624
-1.11522377116168
-1.24716030887142
-1.04893115946265
-0.982725914417632
-1.14214587699479
-0.925016368274358
-1.23125595654947
-0.696235325938457
-1.18228365686995
-0.940111291892374
-1.05355658416057
-1.00689648956295
-0.930434963647046
-0.813224243325539
-0.825364731902664
-1.00085720713364
-0.920201787999419
-0.876559513261954
-0.661201835333576
-0.927976448435356
-0.720294889548037
-0.630178828287938
-0.414447533674694
-1.58466616258564
-0.730404961214707
-1.06709149942909
-0.823937382430839
-0.912170361481552
-1.2623590077067
-0.930054817727307
-0.549689958399211
-0.737811687279679
0.0414026174162167
0.218467343215892
-0.483298869531601
0.0674492617536788
-1.10140601050148
-0.78061869443023
-1.00503566813356
-0.666675071776037
-0.852834900408075
-1.18644839754184
-1.09125388097158
-0.822423770048794
0.670112250489224
-0.992863843565259
-0.910134632539656
-1.05821190674794
-0.826815831159676
-0.888512762571637
0.0733371765667457
1.09609761049183
0.77628640951423
-0.0290575325561311
-0.960672293029656
-1.02797565966594
0.753166644083458
-0.879211416008986
-0.429177165751938
-0.83665761468473
-0.604246356535927
-0.0852597034459102
1.99685276265966
-0.742466826994541
0.0418498628055384
-0.444799343851262
-0.125013266522066
0.0671621295068235
-0.199015647878012
-0.209703642701319
-0.292968843447946
0.267983675129814
0.312911568400711
-0.455148459062681
-0.543047314284196
-0.0472537551508405
-0.0141274889729098
-1.16064166631971
0.238311406063464
0.0581559008306414
-0.00911208982533603
-0.473964569607304
0.790415546985765
1.52383469997372
-0.200009674919487
0.00876238853766759
2.8967147329742
2.58338874067375
2.6979525320616
2.66070740634339
2.53557440283307
2.80079318776963
2.76781156694546
2.78463966682266
2.90332892375864
1.67278880328363
1.92737271566024
1.10125226332948
