0.726999109412605
0.618429299369031
0.9997367619641
1.19570371068773
0.708471825455578
1.16665592257843
1.34665241606888
1.4397157006615
1.26575340368009
0.909762429137111
0.554403846008772
1.1433690944046
1.26098356626087
1.28708980776018
1.28603743665152
0.664393366731856
1.39582191360315
1.58589013025491
0.89228364110066
1.18832581889759
1.56182656858073
1.13187058604401
0.468759356270041
0.633432989876305
1.34903789958054
0.460596989861632
0.235400892160783
0.906074018035081
0.714221526250887
0.743111849287107
1.19797915980008
0.849314141306127
0.878174562931809
1.48990036869618
1.01244635680029
0.309081946786312
0.214593510768189
1.01935844888064
2.23067863825657
0.948362125561666
-0.593341473214694
-0.283581672233236
0.974623178955265
0.51434348758727
0.0874035768025778
-0.285172740080777
0.835272857269644
0.696540331084611
0.567266533097691
0.955775625976541
1.11669390590237
1.25906283105417
2.19725046356986
1.2747546838565
0.107188717876777
-0.675832705184877
-0.144580049723558
-0.748275570434627
0.735315418362046
0.423121661894273
0.376098478489055
0.309182785823988
0.603089633785877
0.842001120057138
0.210793300396821
0.963329992789918
0.883522284117517
0.37380328160044
0.872225874998125
-0.521265941134027
0.273667709517799
-0.161049876752322
-0.481120874394312
-0.418274513810346
-0.650707391017741
-0.319350863867418
-0.0313930878579439
0.15042242501153
-0.361044596334514
-0.336468235735828
-0.989478304528439
-1.1724765388893
1.02919290770687
-2.49624984034461
-0.122909351692257
0.331881724715799
0.108783685025537
0.122929713119003
-0.501214014155403
-0.349004564794694
-0.293214620248575
0.198469651377385
-1.62393430115015
-1.86397476611644
0.599818660712007
-0.21325886102641
-1.21717457666207
0.433288298435597
0.645835871370291
-0.132150050163224
-0.631670353878935
-1.34800644739215
-1.23070784302495
0.0629647989414476
-0.0528071869832518
0.590366179539158
-0.847215978143743
-1.11428505806323
-0.285519836011119
-1.05655807417563
-1.56468737928343
-1.16707426393152
-0.32346448618319
-0.0681281807079517
-1.85195502106012
-0.603979883072339
0.0420232558307888
0.185477494251236
-0.52584209924006
-0.094906243043316
0.181683858614799
-0.214574402202337
-0.787833041876219
-0.761378570160141
-0.90526038412878
-0.343743275654097
0.0109870876216097
-2.27788145679929
-0.867378459086321
-1.21579827388111
-1.33914143924766
-1.00476240937599
-0.0396033266650424
-1.93433811291548
-1.50509886790075
-3.54649212520751
-1.92902377681464
-2.67684460863505
-0.00692694249173571
-0.456510582694179
-1.23367635198598
-0.950015456761873
0.904620307014975
-2.96290201234064
0.361821027027433
0.251290607173591
0.738450244316847
0.578531925131465
0.35458856752128
-1.3330064959831
0.290940163030603
-0.170324101806007
1.2485524866819
0.654386016846914
-0.468704570820884
-0.0430436665027739
-1.01050110943816
0.218705637291061
0.205042093524249
0.885583653458503
0.0804311809707506
-0.00175705323626471
-0.560887368110199
-0.908469259964114
-1.87642845089394
-1.17727681167409
0.47747513888512
-0.0846106496721444
-1.85164721164839
-0.0715966377723709
-0.0699070276813741
-1.2566210863083
-0.0698548697644756
0.616604965410189
-0.649267676242075
0.259150848257962
1.10087024177435
-0.928710777559029
-1.0649200788691
-0.934840160460033
0.443877773989012
0.96790087136819
-0.170784809807909
-0.983505664378353
1.08242985280378
-0.156438004181011
0.461447547714991
0.399790398948478
0.697478264227961
-1.51037492094442
0.413471746145334
-1.43975702127473
-2.96287882322669
0.806894204919458
-0.265097831168379
-0.466262810848156
-0.410286512069777
0.848975047745829
-2.49542881054469
0.124793449337785
-1.1532670820435
0.943559682457398
0.41624536235587
0.960120304923549
-0.320594565330431
-0.0030587311860217
1.10262865887209
0.730735131968432
0.24274493573854
0.72855156158312
-0.58827329135029
0.514834738226651
0.92019641412157
