1.09591021243903
0.702817002608199
1.34410290652473
0.918440952603429
0.85615769689862
0.496854102437191
0.684708017773012
0.70721202099715
1.73386312927333
1.14755942279978
0.915196488617368
1.35347362956533
1.16958402164328
1.63608895863187
0.845276851133615
1.52439894366088
1.17536168836035
1.2049639673294
1.68231511481725
1.1831727256301
0.830816539030495
0.607015225750965
-0.0715732134812265
-0.224575001300244
0.88697691804515
-0.171460910709416
-1.31556056736106
0.696812578864432
0.910703250413605
-0.0805364538824355
1.08948897529739
0.254167109947189
0.736973771037419
0.61586433110729
0.759286634118479
0.810718228740755
1.17253823558249
0.492982082472149
0.44370610669838
-0.00904438975661627
-0.0874841079552863
1.08460043869356
0.857917364944232
-0.417594464809801
0.697224785570015
0.774934239130959
0.893666514616943
1.48078857789056
0.523502830219024
0.396428645473617
-0.266300820040718
0.582489339535991
0.661133666907329
2.18297734153809
1.08006142112143
0.237398630313189
-0.197182938255038
-0.239143771133883
0.176281199034682
1.25492350288617
1.85802853963036
1.31900470296546
-0.464379622371061
0.999838308903637
1.58996516804674
1.40018064724057
1.95444398237584
0.741475153050545
-0.354807434788234
-0.0188669018779697
-0.409237405880862
0.234067063697251
0.0191462104457365
-0.467439441237415
-1.43371534435971
-4.45496649582501
0.285687784294937
-1.09373142356608
-1.13571328259016
0.438607632118223
-0.11800864103371
0.088866956080773
-0.246177907045139
-0.989706091295618
0.0098435219652074
-0.125921866811683
-2.2891514505325
0.163501284934014
0.179651728914673
0.175784471295315
-0.75848519837358
0.172685488531298
-0.883213464245401
-0.558399445616241
0.800241906605782
1.08587562819674
-0.124419021384271
-0.148411751989416
0.0918057336624337
0.807731848208562
-0.279394207598557
-0.145559380460284
-0.404324657003412
-1.5433007555511
0.55492515425647
0.470801110828757
-1.19532625988348
0.0879990374534343
-0.528086859245992
-0.233184294754439
-0.662178053462446
-1.78063663135916
0.484256115043149
0.626965009906375
-1.73310156499316
0.28792318271919
0.211700801153714
0.870808491884243
1.42100937373344
1.45554058043508
1.19161130844287
1.32263470815208
1.79555550701026
-0.60647342796979
0.454452861532354
0.244195708022334
0.0640415955383099
-0.905028012746352
-0.0853952581049446
1.54260553093327
1.10411825587852
0.0533511663526493
1.70568254024529
-1.36450054922379
-1.34573672114792
0.694187389327103
-0.304980601988774
-1.59830729306956
-0.594393413791616
0.211315870995198
-1.42686660701648
-0.174422398537053
-0.590321498618849
-1.3285791105361
-1.27205965711865
-1.44466561572364
-0.502899368347199
-0.0286454401328197
-0.837724442588058
-0.415439224372504
-1.13796679788007
-0.725208485516805
-0.595399972470881
-0.142135250210859
-1.01081848362353
0.0975435467368474
-0.544544026297372
0.0909667138525969
-0.619917280195947
-0.104716313971167
0.444652120914985
0.615641228988416
0.710490544341093
-0.83613800719167
-0.892531808756249
-0.167493770596467
-0.218511665526377
-0.617001457725558
-1.67785695112453
-0.821927603053398
0.188351970789713
-0.578841183903028
-3.52054493632828
-0.393531486698757
-1.50410348384057
-0.710923877715876
-0.148782972547033
0.342257509634952
-0.399409899586095
0.0454817338655959
-0.575726104298177
0.0868183448005368
-1.586376892963
0.82288082087187
-0.313899240087419
-1.24604342996704
-0.895211924344003
0.324425766778539
-0.448570576547266
-1.07513618902973
-0.979022258869411
-0.844839488132534
0.0284751046607915
0.561744187644718
0.675021307604629
0.498098570621881
-0.488598958129787
-0.119603757312391
-0.308601774504715
-2.11355016979509
-0.857074412764538
-0.960808924665715
-1.3058057626285
-1.18726263857976
-0.158909789161134
-0.483191128584803
-1.02970346684523
-0.550878884183332
-2.48823489206165
-1.65117462073745
0.886854435116203
-1.67751106919361
-0.0608731039547339
