-0.561228420751413
-0.59303746118084
0.108949725160867
0.374398534866192
0.63369182159946
-0.15182229230358
-0.182316817689935
-0.293221899433353
1.25266878002316
0.0288839001680683
0.0553839741784219
-0.936212985128382
0.211008862807912
-0.288922456505129
-0.741184914641763
-0.527021804759811
-0.842779546928341
-0.167715990496754
-0.339305366218795
0.777309410631689
0.564821995293229
0.69060642415635
0.537915233280112
0.895756125798181
0.899773757434231
0.549441589904387
0.387427660315629
0.996561601420534
0.967134953571887
0.222894616207822
0.392082747483616
0.0540198600727731
-0.109765550204551
0.589682525591515
-0.138966549675236
1.11024908494906
0.741832732848951
2.12283053576718
0.262739895515184
-1.0365788043463
-0.0265622925734352
-0.0168361030211931
-0.93825980059189
-0.317408612668965
-0.457707239372351
-0.452649753154011
0.343840137259863
-0.66737844044596
-1.0384605447582
-0.345753142185214
-0.468672005946799
0.237119323688738
0.133547994492687
1.02098950685203
2.30260291732109
2.20663887928616
1.26846709832676
0.828552691180585
-0.011450742293567
-0.187983995767208
-0.113039667297763
1.42483158769776
-0.138204158149573
-0.0623715441748357
0.26866620948956
-0.261435566229272
0.242889323454291
-0.276978865934501
-1.04219488765905
0.290001230992904
-0.166144967277624
-0.218400055176142
1.25879719193327
-0.775794335610835
-1.1176111235869
-0.942934926218653
0.139724530380175
-0.609492426674559
-0.96059137526169
-0.641312953510061
-0.240957342290944
0.388985029268443
-1.07280614950717
-1.1378164769382
-0.988891226899493
-1.05638335647125
-0.949785785308706
0.0277494590408326
-1.11693960247146
-1.0648801515954
-0.870269456796172
0.275594708141126
-1.35057052169555
-1.05497602819781
-0.00405185666726125
-0.231746247637289
-0.24992957977103
0.107913461220245
0.481740978928309
-0.466531436200016
-0.270185341460833
-0.528714600002071
-0.494101031972832
0.289515819976869
-0.656308873653894
-0.854352726687278
-1.01205869107781
-0.1976334075232
-1.27942987464845
-0.842529891472864
-1.495753565402
-1.51757937311522
-0.48395908954011
-1.34732063626417
-0.835829291290286
-0.214252818910394
-0.592506897914952
-0.487652948333825
-0.591016029806155
-0.627168912485247
-0.688800875870644
-0.279374984776428
-0.256680295864189
-0.623608538057034
-1.26696980501988
-0.768233149354579
-0.892562877424259
-0.528358491510085
-0.176889825555775
0.592732933175459
0.24170408592643
-1.12647730727896
-0.97830252025872
-1.13379465746369
-0.772232384433788
0.488106055449557
-1.18257148150577
-0.104586732353159
-0.924414237332466
-0.358015829895942
-0.677588537154505
-0.968481183348968
0.322777637716301
-0.794466760692507
0.835971902912897
0.446134583694659
1.20680744265993
1.96630429619873
0.882969095480629
-0.092491887984621
0.171349516627774
-0.715807857413293
-0.234063315237016
-0.532007509139065
0.9056771323051
-0.881626919962259
-0.582453366993039
-0.621484163826189
-0.0941332008230847
0.556639119247854
-0.486105096484752
-0.486644427894034
-0.571707779605435
-1.13761909230013
-0.885281062364984
0.102721452994431
0.109019190183037
1.39592026859577
0.16816283880831
-1.11946256611957
-0.844042604695816
-0.956315690549994
0.0594246673909562
-0.902191659153161
-0.999118102704052
-0.462434246644516
-0.925533416759486
0.583012011090754
0.446727531967137
-0.251170282110116
-0.277916458890975
-0.757029123184085
0.725889307044173
0.629592875727942
-0.637371870342144
-0.856838184331205
0.632143147604906
0.476529688826832
-0.620621301445633
0.153911711802802
2.04917762783197
0.309073611877751
-0.484058192608995
0.89845292399873
-0.249755365662864
-0.817145880927088
-0.295888740535921
-0.32930910658768
0.0922257054483503
1.61918067059155
-0.944516964548573
3.19630128746176
3.20105743188264
3.28363239846607
2.57053284729187
3.04547932399489
2.43630447485705
2.94556694648695
3.22385462480496
3.20735807832722
1.62782405030499
2.22571532031531
0.906955273442355
