-0.233120483185321
-0.342938189874573
-0.39855656773187
-0.520622027821975
-0.670276155661729
-0.607735210132497
-0.39368273895419
-0.43645629898502
-0.35672363080357
0.0256965892407297
-0.46447739643613
0.731121900682108
-0.383016969462413
-0.0622866806465212
0.195813072212557
0.704347410397966
0.607137853475947
-0.587105438666703
0.500058648470499
-0.812234705656683
-0.510778280211435
-0.0699803324146994
0.512642769704135
-0.547610117401568
-0.509093416550319
-0.427169439520273
-0.570845144184924
-0.480783741850141
-0.474982389553224
-0.49953214997275
-0.63356314703727
-0.539133605057996
-0.587849471198774
-0.635494354017648
-0.75786966703651
-0.739211719061761
-0.962147756071753
-0.569962133200103
-0.217122446396601
-0.0147105394061492
-0.443262468585928
-0.772261877189561
0.937156628233978
0.210542787700528
-0.512637244873637
-0.836743766143922
-0.297547108593767
-0.79206840578037
0.915372121219953
-0.519522738762521
-0.569571273075081
0.363283376107693
0.394271972740283
-0.318958068379325
0.699686645549708
0.093473508129043
-0.0276951210119676
-0.316412159941023
-0.237913334408427
-0.588067103507484
-0.640222033778678
-0.639353981556471
-0.480458293177838
-0.476128131114241
-0.580098023315207
-0.399542367098121
-0.60682913834633
-0.60290040776478
-0.648331314640898
-0.36162749226844
-0.504827086297007
-0.557657892648967
-0.469310101514197
-0.258297149121898
0.266264478073457
-0.618333748862979
-0.576194333712804
-0.459605206556565
-0.713139320077545
-0.366943756453999
-0.393045282682175
-0.207085113573405
-0.651772384717388
0.28337025234563
0.310600384503197
-0.672547337804283
-0.569465219216988
0.718257248801306
1.55191577598884
1.36296180828111
1.47127893754317
2.61969135352311
2.19515210515167
2.06734195508538
2.42384043974832
2.52090717797168
1.38298858853639
1.61601719696585
2.27772354568076
2.32819311924839
1.99126259228408
2.18605740498858
2.09050505317195
0.878222537032324
2.2125852262775
2.6465569991234
1.5060406668268
1.53435597217613
0.255833817922286
1.04848183969178
1.52688405543669
1.99937179710635
1.25494669483419
2.32470747451233
2.07811045499988
2.35521906961935
2.15933338929877
2.44636248107008
2.40119130948093
2.43102019062702
2.64804801367826
2.6036250393884
-0.692666511313185
-0.574618550086142
0.698455979888352
0.446968508830343
-0.770536268555943
-0.731778215412932
-0.547442307860493
-0.841642803016627
-0.857564991667632
1.41107842464414
-0.184482951848518
-0.219386635728095
0.0244078380759771
-0.800851572675141
-1.09207530601471
-0.608442034497766
1.11001908186633
-0.672779364462556
-0.569236419577213
-0.452827890837305
1.11462470208569
-0.90416195424833
-0.689832901333929
-0.669345313870132
-0.507873336466496
-0.285846659004974
-0.506849661680077
-0.494472055253365
-0.0349292636586887
-0.0222460873960011
0.30215639421996
0.940474701931587
0.27842514265316
-1.14274186620589
-0.852296322493164
-0.831827272195165
0.832769338702256
1.42882884785319
-0.412383974401654
-0.7384949873803
0.0774962706357918
-0.856140962920374
-0.481257385538359
-0.703057777611284
-0.557279166840378
-0.325998330893998
-0.45155773273252
-1.06786915461112
-1.00281058018567
-0.949502199056097
-1.06448419116344
-1.02787702131298
-0.563224573282722
-1.04278848063501
-0.981392585444297
-0.702803647302688
-0.936177065366166
-0.958315263007894
-0.742624945134696
-0.437890420621722
-0.9648530076051
-0.95879056464177
-0.783312539328946
-0.828506825839276
-0.0655189683408742
-0.189190416212059
-0.706995510201126
-0.439341381402557
-0.886388511642322
-0.047627772250371
-0.843654037420249
-0.117291758976325
-0.876633968202857
-0.772394446604048
-0.825765579089943
-0.367141569876447
-0.682722958725804
-1.04426186927437
-0.071481075224723
-0.30862257257133
-0.311849839040778
-0.171779466743808
-0.253161883327047
-0.103199663645589
-0.677643385272389
-0.241772932874417
-0.166996653654866
-0.326380001844515
-0.700948805583527
-0.646986857337239
-0.884189045971428
