0.106043019188812
-0.0201388562257473
0.434904407889905
0.786658887023414
0.212622640145747
2.08111643893942
2.05393722154461
1.90764413465249
1.92863984956614
0.543996676809981
-0.191402685532021
0.0156347033988337
0.672298745104219
0.599582480495281
0.998452841095599
-0.0676070262620129
0.702210668575216
1.21697353138979
-0.786802989528973
1.82395661213664
2.09005911157745
1.70169272178531
1.10158723176439
1.29431765183574
1.37572758662844
0.034922228059241
0.235295698393448
1.59874056415752
1.03313571781688
1.2680947028548
1.58834251258351
0.767733919735786
1.78456009451005
1.89317964327134
1.56572836197881
1.32795109763052
1.03093200380132
1.46564574220903
-1.35961792183102
0.315215435579548
0.0489813921116394
0.472587359646278
0.275597770962958
-1.1155120920842
0.893584333047704
0.733108563341092
1.00215341503483
1.48409610082462
1.36583897284129
1.54279532207534
1.56175551936347
1.82115882003126
1.33477588384017
1.99108148750289
1.57592611167033
0.843705924840563
1.0024078864932
0.185414926709268
1.35254326338785
1.508175243088
1.50036888402434
0.293471596499592
0.394873668740895
0.638979991274024
1.18602300750517
1.52366179998861
1.16973161136298
0.672928874700224
-0.344572178960982
-0.697378580410912
-0.424283010793912
-0.448127843877255
-0.568442623211293
-1.040425240142
-0.515095079877263
-2.29957938686134
0.474495525140694
0.212818990140701
-1.64087142740668
-1.54313466985766
-0.326250603999396
-0.466176999640652
0.14145572173854
-1.95933270905664
-0.302592217947804
-0.405219972267209
-1.46046678166467
0.577042159753685
-0.920074876762354
-1.32092548883029
0.168775081859913
0.602532580288306
-1.14067855723921
-1.47132393267026
1.31097856640304
1.47348748492294
0.597184565127071
-0.343611025786973
1.11039440928804
-0.527499632359523
-0.0341037411771331
0.131805536852734
-0.300115315127513
-0.462690393406339
-0.162612714492287
0.46631792147006
1.2646607536728
0.477187278065822
-0.233379228818752
-0.450998954439525
-1.02368796604489
-1.01585058916636
0.544163102087501
-0.926640536961452
-1.54230183293107
-0.696060073051429
-0.0171777639889726
-0.457978224564555
-0.638306937993847
1.22868762022158
1.03861263187543
0.367153497740196
-1.16617099546615
0.293513547431135
-1.04206251578613
-1.08865886021949
-1.05332734999357
-0.336851422236111
-1.04949000195153
0.456277062780172
-0.490947664476703
-1.36190518028982
-1.60223351540957
-1.40233757529538
0.0389617472908113
-1.40698556587456
-0.339854189313664
-2.03295821739104
-0.377435912626937
-1.32923655220794
-0.851903076084151
-0.542010554291906
-0.00892639564323565
-1.50453765464345
-0.843496562149647
-0.489968108481631
-0.673732843931839
0.498206554555812
-0.0109165004834848
-0.984697592346375
-0.787093187679967
-0.512268940142579
0.0419748198310959
-0.672882025755191
-0.878171702579712
-0.0672294401532709
-0.211194054907333
-0.14879496779646
-0.543704364997987
0.487053853397955
-0.337232938370791
0.0557523024867794
-0.951504555424311
0.254133657671054
-1.68810931768094
0.268656819471036
-0.737536836078696
-0.912588190559926
0.177804416325219
-0.15563134187382
-0.151507821812716
-0.135895355338549
0.702500329171697
-1.31087128754406
0.468736795833024
-0.603733470327439
-0.629317090642364
-0.441904363410713
-0.119622185006602
0.299769664765083
-0.709466389942523
0.39659706991824
-1.87066010303519
-0.55207746718067
-2.74214015558729
-0.597146696298031
-0.12338248347614
-0.292327006634493
-0.543032435605724
-0.636272184361952
-0.921494767026413
-0.558096756687575
0.0223534585725081
0.0101325884270811
-2.04367402306515
-0.646297608707958
-0.0622598247797557
0.0645992371623527
-1.79424123379043
-0.99404146627752
-1.32741200267676
0.399361672708562
-0.0838790637201748
0.245213268560017
-0.275178047751863
0.312850845961971
-1.02986125400872
-0.640694841695037
-0.972298005577816
0.700928156936711
-0.277543698161099
-0.453554111006955
-0.512875355959866
