1.3024191457688
0.415686367628312
0.984250681864051
2.48884740656289
0.810975160815253
1.5319834276278
1.82674255572043
1.71469293342443
1.65876476899261
1.75265457922142
1.53424855550026
0.747317144039817
0.470996038578386
1.30497745769822
0.774472149734036
1.74441290474457
1.77908743773627
1.81131663189948
1.17477831358199
0.905394577103238
0.579978989202918
0.945899437139816
1.38522673725552
0.867236537583063
0.681792392997026
1.01896532757909
0.892789926946954
0.629225898554329
0.202930134013814
1.83481228165648
1.31521643414335
2.18620997847969
1.10810487238002
0.885158215744344
1.25523371669261
0.252559633499901
0.581544638749245
-0.00995349945632905
1.96922498024539
0.531974483243952
-0.812249462038562
-0.419854021084124
0.467805854869676
1.35946907770046
-0.634725778971697
-0.557391021731041
1.52208858007534
1.57502062675194
0.387336108494523
1.32357728154798
1.2700939737668
1.40121792148406
0.826875483119035
1.93566888390815
0.923536310405952
0.651525578727424
0.391184074655244
-0.135588155415533
0.621049776808585
1.53293351965703
0.738958965373343
-0.597703411768713
0.917406661274721
1.56428700245946
1.65495709032136
1.56404310829722
0.119070580522918
-1.53707822073988
-0.723317264890446
-1.30929430873417
-0.604929535676502
-1.74781604560685
-0.524902471270184
-0.522985543157323
-0.793793997071963
-0.806608793815058
-1.08405589566602
-0.965246635891999
0.353012658901208
-1.28879944314754
-1.51025366719345
-1.78368406936396
-1.06124167699706
-0.288857823141362
-0.378118551691834
-0.881228636037255
-0.0218974327410887
0.0472475845278554
-0.787154327089113
-0.879714491624226
-0.341249123201005
-1.38699864007691
-1.23562803528335
-0.67598027694307
0.684759092188785
0.138200403773054
-0.0223721964096688
-1.18161390262274
0.306273416781084
-1.33786437227973
-1.62302960273258
-0.793059893306953
-0.592420644894037
-0.515070785508256
-1.28505190749844
-1.26633663203525
-1.58862453358915
0.450079867676525
-1.54594248385137
-0.955684147912238
-1.41092598767388
-1.41503206327835
-1.49820643785226
-1.68998964690464
-0.543526821367185
-1.12781712251639
-0.697812511616238
-1.38859191463709
-1.23933102250012
-1.72430847474144
-1.26211447933569
-0.845671861196891
-0.848408782746079
-0.203727587748754
-0.759435223923194
-0.945874463668699
-0.997895766576591
-0.678555905356277
-0.247266068259049
-0.720678140361581
-0.645206446324982
-0.701539683537675
-1.18233422502161
-1.06351597175679
-1.13741248829701
-0.927265371367427
-0.202127388105056
-0.570178080856236
-1.5900840553735
0.338955094372209
-0.823086294015495
-0.824258514443157
-1.05559784767334
-0.664901584556887
-0.902063831997996
0.367410952271638
-0.811671873263915
-0.0383805733342324
-0.923391599650813
1.2295842669747
-1.19287245842742
-0.163537032912566
-0.0486917406304767
-1.19765669839902
-0.2304594636779
-0.492259284208835
0.613222100017295
0.205336311365546
-0.202647444090844
-0.121030215586281
-0.319265380381789
-0.425814924119229
-0.5887821063458
-0.138385845563766
-1.3186844350166
-0.94591180972575
-0.0592097724413399
0.190705726042857
-1.1134950966437
0.373828068465517
0.112536472638271
-1.47148588099447
-1.26256224902453
0.178219596873964
-0.455583421756628
0.572004504807774
1.19381160343857
0.35393200077196
0.220256514369841
0.693837451079783
0.777170397022924
1.21002464319816
-0.32313959499764
-0.157708863895847
0.473988311806519
0.135106990079279
0.683362323731335
1.5955851270816
0.823272316692023
-0.403024462472129
1.0310921077032
0.169380354003184
0.369231278971671
1.34917085426539
-0.309688863939884
-0.138663820601402
-0.59507744855264
0.92451692714354
-0.54194134982908
1.25431806852765
1.20027473703495
0.253661468587842
-0.257356677767322
-0.521040267860603
-0.259785952007177
0.417681404387491
0.318259369551078
-0.0454737425417128
-0.376217854728608
-0.741799341135559
-0.651736824419111
0.410038398878204
-0.2310102838853
