2.73737314229257
2.12855973484569
1.35568558408668
1.75734970810906
1.13008573596551
1.7778786657066
1.517125633268
1.33078925703346
1.73948091314072
1.13428526266122
1.35411016118453
0.894022828811172
0.960735649855969
1.5476863731461
0.584191382502985
1.63034249209016
1.11114985491524
1.47270294475548
2.40523640356635
1.34990719484776
-0.403266503455862
0.53227862562083
0.961331336148446
1.47222023173023
0.33795604402102
1.46232369151168
1.34961926409542
1.03964790281105
1.55692793560974
1.2056567470008
2.05872147390223
1.32746597628422
1.81995267961169
0.0659339927413889
1.89184520681962
0.991578768815305
1.4764430240868
-0.352594299547014
0.0564717706475451
0.0738613734714758
-0.066971641913672
-0.147048171760404
1.04784891139975
0.679733703642861
0.802657481275778
0.00381691953023162
1.14199216422115
1.35114698516789
0.73110566903832
0.211315719859028
0.109410069647104
0.00377010234456638
-0.367611491268551
2.11357379178076
0.965248781613976
0.272863822935993
0.110969243439508
0.154014355476103
0.185010970867565
0.825925331828212
0.33232289348984
0.641436365094502
0.355045655915573
0.790113674024734
0.34080483258982
1.11775560140801
0.710987531344514
0.231846760569842
-0.0983278795951693
-0.18128045781307
-0.217129678160411
0.0801991515866756
0.0424440984793677
0.32834049924685
0.0142888878802598
0.873636897145043
0.474599651773393
0.254604634555302
0.144341794799334
-0.380152777874545
-0.727830553582352
-0.948156876675106
-0.750224294337023
-0.658344760243272
0.526651613813843
-0.461795539988065
-0.00569635934577293
0.639936021247977
0.384444040913501
0.0645766700458199
-0.477288016675339
-0.480243263730028
0.124780819231051
0.129472775885833
-0.453133032752248
0.215676548461951
-0.37878157289621
0.271129616113195
-0.971075940162891
0.319249526764731
-0.0570972303800847
-1.82692820829512
-0.0377171965388677
0.536066638938126
0.0763362142326954
-0.86546610500446
-2.44189868917961
-0.332486006501055
0.23735087230295
0.580763937016783
-0.165128261466247
0.109983885133585
-0.481649118066322
0.59198341780426
-0.338175160578108
0.706981085225995
-1.54057865688637
-0.659714218738643
0.295549560665737
-0.581431330410937
-1.14258062652557
0.19930362079409
0.369301947336379
-1.29398762759763
0.321382715690345
-0.629520361792476
-0.241702550268351
0.187802530362515
1.07853354393499
0.788177619816666
0.298797417414002
0.581443158006481
0.750393432795292
0.000724367836446668
-0.922313437450043
-0.473177531020452
-0.843856457959416
-0.793209657464824
-1.9209752267074
1.31925471079388
-0.740148697907417
0.89836472631594
-0.581822482389486
0.197440917806924
-1.40729740487952
1.21931473234476
-0.576545863489591
0.697307814492939
-0.670414683439768
0.884953754748209
0.441457890229048
-1.3089963686253
0.144500544977873
0.0898054690879508
0.127419729911572
-2.03753371517494
-0.989572340446091
-1.50075851847655
0.0234503398039067
0.682314450374478
-1.47856926733144
-1.47353017772561
-0.243055426675445
-0.328043697973064
-0.104184638330399
-0.352506780752092
-1.13660651738836
-0.275970343413081
-0.597423190467172
-1.25339984956093
-1.19947381264162
-1.52592662902616
-1.27470679796294
-1.540504988483
-0.54205455963502
-1.67388769759377
-1.23012803639781
-0.979376728936777
-0.396003093768936
-1.67154476546877
-1.37049721383925
-1.45539236018003
-2.22920866316682
0.0238207673757037
-0.968924961593589
-0.583502593764858
-0.104947088356616
-0.136894155454275
-1.57981663658512
-1.36877558482825
-1.39498870516756
-0.464275912087172
-0.629109821585003
-0.823380764683293
-0.643702554206299
-1.75257056040641
-2.25223366422626
-1.19497588712517
-1.26271150013142
-1.65261243001062
-0.247288840209584
-0.333250046456014
-0.197666326728101
-0.245696108144117
-1.07316546970887
0.102613365884884
0.230485293115615
-0.6942158512779
0.0694732906609222
-1.03032149428372
-0.763216034563804
-1.34545553211056
-1.5755487115457
