1.43094420829142
1.29927633850526
0.866855861456483
0.853232279263276
0.702145040481003
1.53328088928935
1.48983048699164
1.39545506314702
1.18966735834322
0.222772426109671
1.11658548849466
1.45175383706098
1.52992618025805
1.38929257217583
1.10284300301432
1.48931018865484
1.22972937324085
1.32927303711192
1.39404036235773
1.78941396416113
1.91223747895605
1.73607611600596
1.46688816337622
1.55213538588856
1.69898614971466
1.48221823177437
1.40900384962458
1.70897541324919
1.62076652843715
1.31532806649504
1.56428855203215
1.35866366496604
1.66550460168815
1.89255748362727
1.72299166226566
1.71823413434862
1.55495503806486
1.74434593995808
0.440617618876946
0.340392996942831
-0.896917368348906
0.57231958737652
1.38474263299168
0.117314608904092
-0.858141919734859
-0.86793142984437
-0.55302389361208
0.217742391557627
0.882031171833951
1.16701493830154
1.29819979360335
1.41649841405949
1.86094036854804
1.41467059191862
1.29534550199258
1.46578814383067
1.36223781967975
1.49300802570049
1.20404978998057
1.51986725148402
-0.0530378071244263
0.180045158586649
1.00748426441024
0.834846613001387
0.0675802753479436
0.223249356892122
1.77049365438893
-1.12045493937973
-0.0432690548548349
-1.22652555007578
-0.252499883545242
-1.11110700613988
-0.333017022009031
0.0412849604097824
-0.344437245852388
-0.00453233974610011
-0.232717970321149
-1.8327823885288
0.270598944406006
-0.0722088683824765
-0.968306182049196
-0.9806368085836
-0.636176323271561
-0.576046644464229
-1.06685748466774
-1.16761766880218
-0.0175200530305424
0.463502975214128
-0.455144454374147
0.120939667201144
0.241905385426961
-0.96918817619499
-1.0226404456082
-0.85171541118497
-0.154365518584125
0.144884800116974
-0.273430323755706
-0.694777707498437
0.428474190955975
-0.973761538611888
-1.14078323113677
-1.48812330671721
-0.323072530329575
-0.242244373689305
-0.877157279207417
-0.832131447420906
-0.832727935425336
-0.672551954583322
-0.799322300447528
-1.21851120955607
-0.999442278367448
-1.37199106487211
-0.660665172413398
-1.18829228305559
0.217301791127029
-0.697356722068811
-1.08803986425944
-0.869124993806692
-1.25572834439145
-1.11959563974537
-1.1536089532947
-1.16642664279169
-0.601553394834394
0.25417690849344
-0.296354071865342
-1.05058656265853
-0.953257626736405
-0.980717218494483
-0.760542792851505
-0.145061695903583
-0.775876414002217
-0.380595209637459
-0.443509627379557
-0.645216326050708
0.491339074489234
-0.398113131431179
-1.0695863730522
-0.258109163766423
-1.32677648049314
-0.318467242427509
-1.30600141041693
-0.837526598663732
-0.398698015254632
-0.705653205248048
-0.965498506919232
-0.21797188358781
-0.832686308467252
-0.180063257920762
-0.832894460540307
-0.32514472072447
-0.441037270319928
-1.08843372861938
-0.0997482359332402
-1.0958474748854
-0.368443688742703
-0.987308587693749
-1.2097860711822
-1.12498534752986
-0.97893363406069
-0.0474675677130098
-0.961980200801802
-0.447867517608125
-0.864889241714984
-0.598351996891957
-0.318018671242577
-0.81930988393457
-0.782902310138981
-0.0335789169976195
0.670724563619622
-0.655721650276198
-0.0426788137223828
-0.367762720565733
-0.121063425856664
-0.93605223618379
0.938939407572511
-0.968790785511904
-0.877948090104526
0.317171726119608
-1.18766936064313
-1.11986351439405
-0.93524500682021
-0.623392135751639
-1.05010386956101
-0.883603479784455
-0.880709932867157
-1.15157591229237
-0.356506698201949
-0.756586574741225
-0.757191238863795
-0.743984833963196
-1.31418427650184
-0.0543330554879147
-1.2315596201519
-0.768066455633412
-0.571539694560859
-0.69145777401575
-1.21089824029785
-0.665028445546613
-0.20252130511135
-0.841480110485562
-0.287070858499021
1.68461659361182
0.651651329179102
0.890778835925789
1.08336528402049
0.892036848870264
1.46973420017394
1.13419595154571
0.633818348329433
1.3889747475587
0.0508850560864028
0.269037007414309
-0.0789748694618624
