-0.0863704482780077
-0.494508954242736
2.15772264973761
1.5858090937251
-0.0887624980221801
-0.0541184504914612
-0.171183038459857
0.0488947359287536
-0.376954254718821
1.14689845606391
1.15527015310912
-0.0465838614282309
-0.0683744206898628
0.230730100546519
3.28883613587712
-0.367673000983295
2.60215821046814
0.0951510618328654
0.166066200228507
0.148694454288304
-0.383542110223191
0.476157414506149
-0.0372953976144122
0.947861509916095
-0.185850823571275
0.730435448624399
1.08478565918532
0.4129975014627
0.712797657920467
0.393984623821149
-0.129077189909317
1.35876046278685
-0.0245861224570377
0.155271973191698
0.525150617179085
0.287053781541917
-0.885079708140447
-1.21474827142694
1.58375184599091
2.50029003397862
1.16402912862571
-1.4300107852418
0.392169368686415
1.44623681017473
0.42477483407055
-1.73338659547574
0.214703600263085
0.119393085965197
0.327830133425372
0.150315538036198
0.0571367822162082
0.392766630836603
1.10626717098914
0.133186896346955
-0.204262605497703
-0.258481612931703
0.95598433816223
0.792217335056294
0.863584448315008
0.307468769883388
0.128016429304463
0.00437757017491253
0.173601304566348
-0.104450002847155
-0.145597473909251
0.292243193798655
-0.0232453207748253
0.241988367947656
0.965655350899571
-0.524549969261629
-0.22138477947206
-1.0555246587753
-0.550284666277118
-0.395916682122191
0.0366231846533166
-0.0747735603117258
-0.524150724982498
-0.38861676569141
-0.125572464640478
-0.556465391729103
-0.888202605599972
1.48404994717074
-0.354510762911184
0.866589212737916
-0.719482376807306
-0.763854296321346
-1.00856194104642
0.815384068915888
-0.854332925091014
-0.284909790006852
0.257803114092954
2.57985257884292
-1.50124155406876
-0.882357963302841
0.580189233825335
2.23514833964107
1.21697768279781
1.43890679125115
2.35613693233156
2.22202210644219
1.29644443563181
-0.731679354838719
2.35079310980237
-0.297020574612167
-0.105303459847147
-0.275460797330527
-0.354801630486707
1.60071168202833
-0.283577488968191
-0.974234688023849
-1.06571664509363
-1.19572371996248
-0.0175999287258426
-1.16392292168172
-2.03651025635684
-0.773766575114918
-0.737784547784532
-0.129228897859091
-0.906106323952406
0.955516056285938
-0.272663702086726
-0.224801357686067
-0.157707962370753
1.24077166372485
-1.03037917444146
-0.684866974884205
0.320452654763979
-1.31230103373945
-1.21421449518598
-1.2779054727476
-0.72762607295433
-1.19946882474192
-1.35177029953607
-1.12115686856864
-2.0017395198784
-1.90059210389838
-0.486871618480634
-0.556425236632022
-0.618232525443406
-0.79626259968316
-0.0433443551894623
-0.378837228534873
0.0345691990718064
-1.09717110863805
-1.58145549392268
-1.34858795043777
-1.12265848209027
-0.511497876876813
-1.18786306766808
-0.900736870322506
-0.95892122358426
-0.60095898821897
0.144283090649759
-0.283184404900809
-0.6607129070886
-0.181359215566559
-0.414001143055261
0.0973946204383497
-0.361607223672859
-0.092050191398789
-0.469690156277915
0.0237721041348086
-0.968373918623094
0.240911693703767
-1.44856303504063
0.0468868045688518
-0.323995925683955
-0.528033322924591
-1.06849321583058
0.783813603189459
0.305386545778081
-0.145901891533521
-1.12464321146773
-0.408806189364059
0.0509459585334115
0.625829826941591
-1.68666568798426
-0.182344671091166
2.21285883821853
-0.983284594435154
0.59695709170788
0.838771985972606
-0.268471371832313
3.120534896361
-0.604113500211777
1.73282229942246
0.679941863470078
-0.463085931991825
0.83816235954657
1.3655316406511
-0.870964168247304
0.737407349792528
3.90411047619043
0.454139389629223
-1.39520126653251
-0.80825349292298
0.174775802939415
0.165079212933583
-0.0266946297180548
-0.343475134748517
-0.194472859299106
0.257799312247842
-1.15076251028541
-0.391332369673959
0.453568714518999
-0.11574228278868
-0.212476713269762
-0.113100878820881
-0.964645814826629
0.100279521726754
0.0938330698806436
-0.926349546283213
-0.299070434586865
