0.572697278150779
0.377085545922901
1.18815770148317
1.38726090376517
1.76394497299961
1.3332650471363
1.43502600457984
1.53890305452246
1.53166913237961
0.815315518526491
1.28095701821373
0.211956186850681
0.429534965166082
0.565842204089002
0.817773160111359
0.42932140046085
0.238660206573933
1.31881153213253
0.737158606426813
0.608441098120897
0.499050296140751
0.398520627291437
0.686226222786136
0.621676797966783
0.200737363534331
0.314926129556744
0.532907163376032
0.403697321450064
0.295958983734774
1.03569056247563
1.47406655941698
0.87832609050334
0.934220361284322
0.479006968317905
1.01786665420986
0.168396142092073
-0.00904942866067897
0.372414594766169
1.48056413900316
0.378957024040661
-0.437649291626501
0.0737029103042514
0.0549572682821584
1.10857478247654
-0.781274562852636
-0.0401382040250543
0.807885083276935
0.36353233388159
0.181292627777235
1.3957783688218
1.09023400927911
1.3151322159978
0.771040474422169
1.3498438064202
1.34492752788639
1.15694450384719
1.0011185285604
1.22771260524561
2.26744828312268
1.68526379950058
1.32648273984395
0.483842085144137
1.79351987296483
1.7527152313961
1.0159222103584
1.03229453527318
0.399830059360611
-0.576021713089825
0.389387811041814
0.165989801217547
0.00693986080247525
0.186284147402391
0.257395869786355
0.171676101064669
0.982408153378995
0.65377650046697
0.0525142425464916
-0.693192573197874
-0.0907373601620092
0.249094975157464
-0.0991836430966127
-0.260448810918714
-0.286725310383872
0.023049102580676
-0.580649894152085
0.0309896027558111
-0.350688828049798
0.0872578745377161
-2.33011587043215
-1.89467817466161
-0.748274218089854
-0.604230215016099
-1.32131097568884
-0.810853109705747
-0.0470961946416839
0.509869909431596
0.234319080369062
0.418423593269438
-0.480877442427187
-0.893976636046794
-0.148433039366873
-1.71614055002494
-0.302202664399598
1.26347720426
-0.614507251457116
-1.24338756863119
-1.24702742864567
-0.418959624607418
-1.42349267358332
0.0829687436135185
-0.908579029466147
-1.43316922509128
-0.306319175510704
-1.085949401628
-1.07950267832988
-1.30440311383791
-1.1918365174795
-0.632076852973204
-0.830462614817424
-0.566244034224454
-0.895392820820842
-1.51042694783967
-0.364636992241671
-1.290847488388
0.0695114184662418
-0.442094598785447
-0.556434989907622
-0.746811225957397
-1.5976522968929
-0.376165438619614
-0.651964055442597
-0.198706008746941
-0.481552825286153
-0.34524273412472
-0.938226246235105
-0.106012345234338
-1.2813651439111
-0.229067404621389
-0.578430289978676
-1.11165334226158
-0.875095463074037
-0.259318060693859
-1.25067567186793
-1.05335027395549
-1.19253355479228
0.322392293560096
-0.225082271709681
0.775410721076218
-0.0624996230674155
-1.18962684798286
0.550010165535243
-1.34723486434488
-0.272345886689258
-0.60804516813982
0.168225202714188
-1.57637442298042
-2.11067901799495
-1.28811900005618
-0.458997655810012
0.805289624241462
-1.62890429211254
-1.07092617447148
-1.44462927541029
-1.30187767079934
-1.35441573761992
-0.116898488080776
0.598125176746844
0.460267756897463
-0.361419554770645
-1.45880842182135
-1.88647554418955
-0.0445459845557966
-1.53942013570619
-0.034837805860412
-0.749374658573575
0.152939369698072
1.05683826097661
0.540632374747203
-1.66840349000119
-0.941951334861769
-0.486882689792813
-1.14183787115298
-0.751891319429836
-1.73264286201666
-1.99098609449434
-0.671545315837216
0.0538761282383088
0.371950796957864
-0.286349793828507
-0.42633693433613
1.6581609025129
-0.0869015367774418
-1.95330524319776
0.112233398498901
-1.56882217611928
-1.21055071754521
-1.33435288502249
0.158463302466983
0.477190167643169
0.981237233569931
1.11045164721457
1.75547715660052
1.79536589253635
1.79661314663307
1.71364029416222
1.69183996149726
1.53977338775736
1.65889842616637
1.41863209973951
1.88740187298324
-0.195844127865695
0.216153610120102
-0.714146750938244
