1.65826176399664
1.53865590323234
1.24306569681877
0.518361947390861
0.364994375211525
1.29177801069955
1.13689103861432
0.979414880416092
0.464139356336216
-0.17180581818037
0.780422098178712
0.791491975199459
1.64531021847359
1.65230017095047
1.20025416475384
1.26394541968646
1.21015238030377
0.765222457121349
1.36194623558102
1.46214857099684
0.518406658969204
1.25553757841096
1.54345770884254
1.42677497603624
1.59532523646092
1.48631873303318
1.40354554649042
1.61208788162592
1.55228109354726
1.20999453706223
0.745614026472508
0.843272289323518
1.22239725436651
1.1379912187901
1.09751181690353
0.851424329823989
0.751980596013277
0.612948672892046
0.926782933616126
0.375312933138229
-1.13515896562626
-0.152120833535725
0.332291208166827
0.757120149872424
-0.632844000257592
-0.384489120548382
0.209790965296453
-0.0624234668912124
0.280351439643863
0.61674419329413
0.52318790918055
-1.53526908499359
-0.622312176711225
0.221421473621758
-0.318471373782351
0.515435377079749
0.81521612113732
1.15318512431341
0.649316226566935
0.478825896551032
-0.124780335340142
-0.243499222487886
-1.97944344409711
-1.13875127940359
-0.0688001021624835
0.0809522693336174
-0.499163557734732
-0.837768574869587
-1.54924498809881
-0.935504874889025
-1.5656791168655
-0.6561728314362
-0.912961792488298
0.723605031037564
-0.0708237524228792
-2.04297392707554
-1.21531845184628
-1.42458725916094
-0.981645313327363
-1.54590691764241
-0.308503909354882
-0.87768938535997
-0.827506330689567
-1.19485125534622
-1.34514338155599
-0.797502105365506
-0.603399390446502
0.644423132919513
0.330541681088434
-0.41176118932613
0.535913465506533
0.518440639020145
0.603867754807239
0.509849966249965
0.39092571880488
0.0326976500377639
-0.200167653317326
0.388975078669458
-0.342384665613286
0.856937069558853
-0.939562273642311
-0.243408805635072
-0.607090052973389
0.442381735855769
1.02214268652419
0.0154221350575072
0.0702961807526982
-0.748954754617275
0.621426633602798
0.912869972577578
0.947141783118523
0.41559199504276
0.589867126735616
0.367452139110825
-0.726281614994097
-0.555025333052196
-0.154655653084193
0.634261353448832
0.0857826718481614
0.836654920269115
0.657805661366833
1.05018101481924
-0.780322456485453
-3.09527582627836
-1.86340747418496
-1.03312319250346
-1.72808651878076
-1.24348963738427
-1.84511632131235
-1.42016037102376
-2.05686615138371
-0.86436580705705
-0.423044604435393
-0.178984976483695
-1.60564581742244
-1.84812831617158
-1.60435387296749
-2.12931078713911
0.463182262759362
-2.17671108308452
-3.52231033783389
-3.30311268909179
0.383303251016817
-1.26720620483461
-0.190866642623308
-1.20227869272547
0.152844072562178
-1.24065722713634
-0.196512957694419
-2.3354726642248
-0.776034782329277
0.0251866849972841
0.127768197893676
0.280185913214241
-0.552267709592882
-0.669123997462919
0.923820875771725
-0.730562921733116
-0.277182264633947
-0.226143887557479
-0.237508737269963
-0.0259972775665666
-0.0982688131790089
-0.872214768966331
-0.416500237694941
-0.233910440620126
-0.741631771256278
-0.634371167840419
0.850221715934699
-0.144799729117455
-0.176705725135875
0.371083899984176
0.211503530542363
-0.0284927524426279
0.491837662014518
0.600420578525308
0.582221557817393
0.444360692187937
0.402460988531086
-2.43877198343973
0.360750576218167
0.907441158070211
0.140555669083648
0.177419055697479
0.271857119856541
0.545187073465992
1.20592221915538
-0.0699657828324083
0.572722434400421
0.243510902272809
0.15814508994573
0.792443334765379
0.10928193293779
0.876098750127867
0.402010549810919
1.01344809373189
0.777918411867785
0.523419769839418
0.354196319826282
0.434273319399289
0.836565126000842
0.0516388233917368
0.176199929172544
0.247486620296192
-0.157154915071574
0.133740868911375
-1.1175999785355
-0.297368606739988
-0.264425969455164
0.213462679046908
0.867955878551439
0.218149114888116
0.774404244831715
