-0.573683072121559
-0.307127721946933
-0.846433874810896
-0.713040723611926
-1.21597240104954
-1.07246224854003
-1.06190472592959
-0.96872841452383
1.12794882251351
0.375885704051112
-1.07737571159026
-0.604208735310176
-0.403781400996494
-0.38320067429565
-0.160298762880362
-0.882155833647473
0.14419405042061
-1.66045837796845
-1.12596491591807
0.0471351744912528
0.0104006260431486
0.854092884619139
0.587721042624087
-0.350775268036782
0.0724729358052542
-0.42310662714497
-0.891934100212717
-0.257613911280007
-0.567920223058928
-1.18517508635001
0.845016734760182
-1.66833845530385
0.535324110459283
-0.153890522472496
0.310772960119578
0.641696744139153
0.539288278078804
0.814607806915022
0.268736481360187
-0.317923719423974
0.216080627147406
0.0469849641640527
-0.711545345090855
-0.0233695384207218
-1.14373718044643
0.717136934469457
0.371594201202355
-0.438999577278484
-0.978576636709909
1.61849858165403
1.5884992408974
2.02237411579402
3.35833597431182
0.27712384547994
-0.0239542454113385
1.95500139412801
0.662582886316449
1.88644447315446
1.77790095434342
0.730609874176775
-0.622895936125015
-0.919336268890061
-1.14998028748538
0.135221668177242
0.0323632905141567
0.325232523000898
-0.235689834892267
-1.28135936008882
-0.726628848605258
-0.359272523253312
-0.118728422522077
-1.57414685163028
-1.1402844631178
-0.52360980732702
-1.00140481122067
-1.04581496223865
-1.02315958734547
-0.757673678403554
0.887266120015773
-0.97008610144385
-1.49636370564334
-1.6933957813193
-1.23223462966076
-0.686445755983965
-1.11862150340981
-1.09702037841551
1.79940819870857
1.47676849720788
0.707101113862522
0.1574056949004
1.17906651328437
0.049199243361361
-0.476076399479825
-1.60040981308579
0.990147113715425
0.962465862383279
-0.524074896230709
0.267747248500072
1.44859236617257
0.244159851269341
1.32176785759665
-0.966730377135218
0.962993342432661
1.13174065071444
-1.20909604382878
-0.703224677145189
-0.0088822647802742
-0.433641088460064
1.45448248929666
1.15067236710987
0.32603589398793
0.295974156173856
-0.00882757443204173
-0.288605920972497
-1.71850724716339
-1.71628481392812
-0.933780801006796
-0.957446957563548
-0.744871178001303
-1.51662027081974
-1.49987684731593
-1.68203270567178
-1.59376396697777
1.33025566278673
-0.751455609587753
-0.657274182118096
-0.729997747944
0.922734387192982
-0.152626590844539
-1.5194072174832
-1.37807613113724
-0.815657305558372
-0.160689415758934
-1.23815208192899
-0.233797251463554
-1.62786687606523
-0.720660325129742
-0.878938415623515
-1.58509713340239
-1.14027379786904
-0.327133304054822
-0.91303799251236
0.658985322048098
-0.575734552232435
-0.573022971803121
-0.673897080030579
0.610978562757427
0.738684295602167
0.406065213597815
-0.462721639157938
0.0507521833219514
0.0655060766933014
1.44735470018127
-0.736602762774546
-0.095301028280837
-0.815884790379776
0.401683039502486
-0.113264287288899
0.149288045831011
0.496394882387868
-1.59256459137348
-0.113018942834144
-0.915590220778577
-0.734031849429912
0.133008680463692
-0.40335591408855
-0.294929374956411
0.633878547119631
-0.220587941771792
0.344485514694945
-0.0662827723243832
-0.537072436867338
-0.0959608343280216
0.644647619164129
-0.761840245282613
1.30085797209119
2.42975048396251
1.67688819542785
0.530896013158313
0.908500377032459
1.10067642075995
1.91388168899705
0.989837427710937
0.588242489863244
1.14617877385171
0.95252610076964
1.4161785622919
1.36145995482884
1.52781094147045
-0.23700626952326
1.60650177473977
1.05532156112709
0.235276639712765
2.18882553308516
0.878070109824289
1.16608346774726
0.922467019385556
0.949562994131725
0.864999024870344
1.10608208188235
1.10399676511259
-0.168890153653721
0.0721317070004731
-0.114461706088958
0.224680547813573
2.34572409245929
0.458873329653587
0.393899701852337
-0.300276687086912
-0.412601125045063
0.184852221406909
1.73640430338347
1.31319143389076
