0.545217183328574
0.244426624661278
0.530514224219551
1.59829922169781
-0.107046502050656
1.24675469102235
1.37643466778775
1.24601005861907
1.12543625241821
1.05668385914293
1.08089448308573
0.126073857623245
0.279122932115402
0.428837763466341
0.731469508867221
0.388519115617642
0.789881290883916
1.02324117521309
0.233269150367271
-0.159385648886941
-1.19398121998905
-0.645512309738425
0.157213535431059
1.05416170397979
0.0688020129847994
0.885613428442436
1.34751875846061
-0.458415328552945
-0.476844911219354
1.23696949281587
1.00019323959358
1.29408098964926
0.974916906778257
0.309846201409802
0.781931156883109
-0.533622165142143
-0.520390189770137
-0.349875363783835
0.422196331003541
0.787925447949719
-1.22581335297891
-1.24107525864583
0.125685763311379
-0.0014410506395297
-0.0141285579279137
0.449245325935416
1.28454623703374
0.842083537520551
0.233835263691205
-0.261839993966982
0.176193894261996
0.956377395634477
1.97411270898666
1.47621345455137
-0.261944341795456
-0.628799851442642
-0.755223319659805
-1.0176149830547
-0.292433038181196
0.118044557364127
0.132844376794693
-0.521179403764141
-0.259875965653898
0.658410858455224
0.579661814541131
0.980952874468318
-1.17841859699349
-0.125083078402707
0.136243712602221
-1.41385633084118
-0.908174146717756
-1.01807514194763
-1.57661725996725
0.226663666477062
-0.819471623598536
-0.524167552086936
-1.48330597795507
-0.185728090836324
-0.122476420856281
-1.28614375099341
-0.71987965625309
-1.506206395961
0.619427634492872
-2.2133991513211
-0.0714257262946258
-0.238453649605858
-1.35381473190734
0.75097212212876
0.587947442341837
0.16015727574462
-0.329001569033976
-0.678181597364755
-0.688084229173075
-1.79238788238865
0.457684200832962
-0.174975384427882
-0.0266684788959207
0.989862542432152
0.0953512382273489
0.855900497504161
-0.197009267649604
-0.197352540571074
-0.459537577776975
-0.324449486914149
0.156471701839989
-0.546043233920074
-1.68091260961597
0.556986070769594
0.510241043430753
-0.098988183915705
-0.267422846954571
-1.45036770367525
0.116303143987964
0.529945349880879
-3.70470419739068
-0.125934110440219
0.106357077231211
-0.0114603365308936
0.499671101136999
0.459908547676647
0.294255342549943
0.604231525691775
-0.122684807195458
-1.92635745680355
-0.1160050643523
-0.440298219145895
-0.409913308791148
0.80254465794185
-0.373270437935039
-0.68683489427625
-0.747430268750677
-0.500917391315065
1.24251638899848
-1.13664999454803
-1.71828211211574
-2.61263491944728
-0.768493968154121
-3.10365256921884
-0.646513957437704
0.953647137352724
-0.469091846695761
0.892778033081579
-1.44350271705689
-2.2576708512329
-0.684929187771843
-1.22983821980989
0.320615177199964
0.776465216300133
-0.0783860661296092
-1.73880643406153
0.421689312771402
-0.460367540298916
-1.06624525058669
0.434256210586927
-0.272980237728926
-1.41409012094708
0.975983380104586
-0.617262934021038
-0.401353139915026
0.124181064771488
-0.667542000278499
-0.391784485777085
0.435008218903076
-1.30163704534826
-0.389496709252039
-1.09185949532661
-0.143068702225426
0.396671138298614
0.340332496835342
0.779148359786909
0.211820989304222
-1.560979355151
-1.01873853016988
0.25111850976302
1.16134289822395
0.375975251574951
1.26811673436468
-0.545150081861415
1.41053856521783
-1.54406472895515
1.03462314023249
1.15949308268353
-0.530688689554459
0.480902304133545
1.13645112323854
0.974031185964794
1.1893658317186
1.01595394267726
0.847289357661504
-0.0536051314342526
-1.00206967593332
-0.425181736762846
-1.52399119585552
1.66801040850415
0.666571666236474
0.333503008427701
-0.0357551545819648
0.713826001623551
-2.34994706663725
-0.123470491887962
-1.21993848156604
2.0151337265091
1.65105110096955
2.110159130763
-0.199019650432487
1.39706816208338
1.37592787950996
1.68178338511879
1.82341361538605
2.14303819465057
0.23304785969782
1.29760706763556
0.388828118901273
