1.07374465578186
0.124479850882699
1.09777114027212
1.14286218964369
1.15064840424126
1.34493351539291
1.33486095928247
1.33460252625475
0.858353030861511
-0.0341824132593138
1.08729917636672
0.400960911965442
0.944696703366804
0.713578598985702
0.965692103731763
0.1969480679865
0.839189708137767
1.06461566770948
0.427070355268417
1.40890557223042
1.3250445174183
1.04079130035635
0.333232482821512
1.22531898267857
0.986949460151774
1.06820634578806
1.13811985254621
1.27542816274153
1.10306975764503
1.12277263735596
1.37454187757232
1.25488078138482
1.30170069795488
1.44815661429179
1.38520252046402
1.41902031335904
1.47988386797453
1.15642951687972
1.85561020300045
0.659440680628833
1.12314428692019
0.829467947356079
0.596612473534532
0.322032837720239
1.31936065008681
1.01660829531428
1.0179327170096
0.487042990603001
0.528948224030637
0.685193163999798
0.585726179848647
1.12612417648818
1.3847915773901
1.18424186148087
0.624627145721372
0.806424484808868
0.385539721119317
0.812927702935201
0.800726786984792
1.15935822905402
1.10312330742773
1.26094159184098
1.07279539564378
1.13596503218985
0.875390741213841
1.04687098073687
1.56956427600864
0.765272853036911
0.944706259664839
1.08125269678177
0.872020815370413
0.522673853589281
0.897713042026129
0.498146797758885
0.779406691522943
1.27791243953377
1.14224798942053
0.221088024548615
0.65554651090077
0.918701614114397
-0.623749784956821
-2.18112924803555
0.46968871885064
0.0812204003359085
0.611004292483624
0.332162251471845
0.0577432148327607
0.197145988744455
0.232252263374752
1.10575464690289
-0.238080597819181
-0.708793527198236
-0.263194661071462
-0.0458165778336943
-1.21272371024346
-0.542606169560844
-0.266093295398125
-0.239832459456478
-0.590112839192129
-0.425756898089514
-1.47167687162272
-0.904171424396776
-0.778731322514942
-0.498065482312346
-0.751034728309146
-1.10703373393661
-0.825415186750474
0.0658420971936404
0.15914034944304
0.213527867145807
0.253158870726534
-0.252645306910199
-0.569798799190085
0.111496234213637
0.374676170615665
-0.0877631534760204
-0.40956918649133
-0.497531243635608
-0.10936345703572
-0.915851203791805
-0.865783793597307
-0.780521180600408
0.609977686816458
0.0126505389477434
0.0838405268691237
0.146673660174288
0.179743695582375
0.389028163513415
0.544878213865901
0.228272136297259
0.201772515523638
-0.0128495385825665
0.261515186929902
0.00583969467846594
0.242599767240822
0.663608839202519
-0.157478831275451
0.141854629022498
-0.485844476307137
0.298851182975186
-0.963864711323527
0.163173944433789
-0.151674048261457
-1.37997460993146
-0.655136037101464
0.095835803324622
0.396376799044846
0.449921303128128
0.121278251490415
0.0606978998166544
-0.786806679050919
-0.657195319175739
0.403050385821116
-0.255081682615126
-0.470183124701759
-0.918241210374691
-0.942234681887193
-0.851384846522565
-0.0539777394799657
0.477569757395042
-0.342892436660279
-0.439209131335888
-0.219607623068822
0.203838944790736
-0.446321660086898
-1.35737856467702
-0.20934872960491
-0.437542845332168
-2.38587404752328
-1.3457851604376
-1.40813606253901
-0.898067785785597
-3.09719685987369
-0.458247941638516
-1.36964758826441
-1.38528862407742
-1.2281841829904
-0.212290954674279
-1.77379275304707
-2.92043063525628
-1.4317118809077
-1.21454266848573
-1.93235495942125
-1.70012534805578
-0.329207932881465
-1.65662870176732
-0.909461517244927
-1.03780326394047
-1.21660588187545
-2.4839364173949
-2.26666877112119
-1.54485509238775
-0.280884339550676
-1.09732586083834
-0.147659141756825
-1.0499521813653
-1.18297743278486
-0.359525236152902
-1.82483392284526
-2.21319468369494
-1.67822755905933
-0.32818153499755
-0.802615726862143
-0.532027469620399
-0.936804766390148
-1.29644877619363
-0.78422595037943
-0.477850495553432
-1.26091508750564
-0.707779469009003
-0.470904714602279
-1.80254123883616
-1.71787156670068
