1.37186701642029
1.3760981141165
0.960276533121514
0.421481342620265
1.09007098882584
1.36237756623236
1.40805594471042
1.49461363041683
1.23113563487224
0.133003221382128
1.18611106217399
1.53888519438485
1.22303470943097
0.905091466791251
1.21218518507179
1.17383133900167
1.37958946856589
1.11521620307965
1.37594781952115
0.930513789570095
0.757905883067326
0.766073545504067
0.701601506250024
1.38137047537851
1.13093814668236
1.35026091094716
1.01840585618191
1.29770196744724
1.23894528304387
1.21210400976245
1.4685327313637
0.773207050844392
1.27155813705739
1.01591885160806
1.42728844599805
0.86023402066376
1.24442897958065
0.461841350308486
0.891378009486186
0.302656323001536
-2.45806836470734
0.121374662600418
1.20795994954898
0.45944478717739
-1.49775914981768
-0.63021477622266
0.544456190360519
0.526856016716197
1.03657160938945
0.958630768108719
0.870991878238957
1.75247965015789
2.50181525014301
0.771671896859092
0.00521176677612417
0.421749294203743
0.328707734261423
-0.0311901756229951
0.675857013574073
0.826858450613496
1.08270282547832
0.766541681799457
0.832068489772438
0.624255771725026
0.552979077798888
1.18873908215229
1.08389095260583
0.282358110962797
0.281543643181744
0.663553990949475
0.148104826653674
-0.167308927315113
0.322163836597891
-0.283549643415964
0.103773948382816
-0.165813557399037
-0.0388788394287997
-1.00995295035123
-1.19402530246619
-0.330678127372909
-0.290097441784773
-1.08786612330952
0.194441197477507
-0.387090579004437
-0.421705743348263
-0.503181330096212
-2.03783784334769
1.20645471122821
0.392022296469866
0.14643961200909
0.528419053599516
0.632878203318517
0.536766558912393
-0.230928458822166
1.06776555835714
1.10269576589968
-0.109022358514909
0.743981755595555
0.506663146451084
0.357158717684396
0.783370934093598
-0.384980187459836
0.14741812568864
1.67387721700688
-1.05536165447422
-0.115359966515219
-0.456008466618871
0.0103068578868975
0.697227633140558
0.657225441244454
0.666011905338956
0.654915629604317
-0.231689277914569
0.396567845919942
-1.83991168919681
0.378726631461881
-0.357092596791941
0.650439156825197
0.325872672289187
0.519850252532915
0.749224732408649
-0.156496106258452
0.29780204062535
-0.214819191792637
0.326316188978723
-0.328711061128357
-1.02792784489339
-0.300492806588433
0.726410245446928
-0.224292869648833
-0.765595176316737
0.170224703700775
-1.00767778993159
0.358044827528438
0.194041373137877
-0.277701256246437
-2.39529798531936
0.253829950812284
-0.334172166722301
0.725264593833686
-1.71838624275299
0.472343868949446
0.13914353213811
-1.76523337864466
-0.925604308542466
0.674137410745569
0.0114465703222777
0.103247224344574
-0.433612880954133
-0.535733614229158
0.321182362855327
-0.780613146651244
0.13090410451593
0.266294246643841
-0.127928189736771
-0.784537562154383
-0.0853541877138602
-0.916069628805177
0.0964325105498394
0.599750148607052
-0.645012484996936
-0.95820859804353
-0.226968594714589
-0.564544141926177
-1.23107330527972
-0.825922837061566
-0.880070000258763
-0.720951262933175
0.605204426328073
-2.20213768677756
-1.09189757879198
-1.53704042919053
-2.34599173642544
-0.868708947602684
0.420527042654731
-1.04226909573744
-1.80882384050806
-0.511064888359474
-1.86464201416886
-1.20934701746915
-1.68191605476819
-0.974652080277006
-1.42723085166157
-1.76564566952553
-1.79517497795231
-1.81580373610613
-0.0574998653044412
-0.105169985372264
-1.193622096333
-1.88363992296162
-1.64307034673873
-0.536320619064117
-2.07446762255452
-0.369282836461724
-1.92462259470769
-0.591534045010428
-1.08799199052923
-0.838676404392544
-2.38320834128784
-1.01258917726064
-0.484386551448245
-0.535807558662474
-0.79278373629411
-0.443276264766392
0.616036209248815
-0.484323397596543
-1.57199711172096
-1.41737388167943
-0.918669275815666
0.0700094273889819
-0.572518168052219
-1.02292276922186
-1.34768217295491
