0.939692210701086
0.925052569464808
0.31359258360585
0.853193614777771
0.581735676961375
0.32228004469782
0.226448160624346
0.164643501719083
0.426458712529165
0.749177196297016
0.943869826613236
-0.135032366473624
0.629395303831192
0.538686408467993
-0.702161117729538
0.445533944915192
-0.215023426407594
0.977967685151535
-0.102483836269485
0.0524381625572607
-0.414125626816767
-0.162047416004905
0.349088230008639
0.663555575896998
1.16658987598696
0.69482422354331
1.49709533322829
-1.10749569403596
1.18776981612929
0.518780412057735
0.384492291452681
0.865932432060809
1.15815280368937
0.532456640516818
0.231638289464376
0.276205104448181
0.967897749502828
0.209843499210116
1.59289999537635
-0.159318063299612
-1.61619231584879
1.29453998448563
-0.249637750003727
0.724186734632099
-0.672209586400099
-0.52764179318242
0.26712662044473
1.55124412092758
-0.168266177290963
0.550486297554543
-0.531557547953232
2.40559028664124
0.982330467290121
0.652082160688934
-0.442492267070399
-0.299467425080592
-0.510933878565401
-0.721514327199483
0.375663226168282
1.1060371503675
0.876226736497293
0.731841391397509
0.125819699974862
0.129518042932263
0.40873390207199
0.803564358150795
2.92864408100094
0.0804713081754745
-0.150817954367169
-0.833655613878991
0.0133608369789688
0.726290255884592
0.175797163952103
0.932037954652183
0.907995552228937
0.782860569821419
0.285102363712832
0.685106604870805
-0.0758298655429556
0.57701950849291
-1.51184843170222
-1.33426631374281
1.66248583567104
0.172143772399793
1.58517103271596
0.23174203132181
-1.22992862176357
-0.2059183112771
-0.235237694628174
1.18165033267936
-1.28350603507343
-1.9017436189783
-2.11907357736796
-1.80343179496796
-0.882137172394851
1.11353317505329
0.347683433238994
-1.17180501316764
-0.431959144414329
-1.86826068626974
0.574128444857581
-0.170096317807789
0.607091369069229
1.3395262013957
-0.406335889707309
-1.67067236725736
-0.949955612774586
1.64411769037939
-1.2749756273967
-1.09648851122571
-0.67790177687002
-1.47803047819029
-0.546848744385052
-0.454639975708035
-1.33600660107821
-1.40291608976629
-0.00595100038523741
1.78165344342206
1.87231248930073
-0.111385729307617
-1.08166172425447
-1.7028632558519
0.332556145411978
2.27044060931614
0.982702630504972
0.00562853158842386
0.495584054051246
1.58706007063157
1.08425988167481
1.08408576037062
0.964164087012471
0.53446875485212
1.778648661563
1.09420160329022
3.31454879181892
1.61948565987316
-0.136120186255637
1.59864979653058
-0.44722313264731
-0.0361543048255
-0.103918997437096
0.67184131031641
-1.46892494439366
-2.03612079048721
-1.13734463660037
-0.948967261665562
-0.502135811173487
0.333031379095049
-0.296250601611389
0.759214885189037
-0.111818485626014
-1.16623754616015
-0.660998570929998
-1.76822194073517
-0.853916161529596
-1.99532810914727
0.204900297815767
-1.86404309872373
-1.3045940474255
0.779632144374835
0.297208718697491
0.352163683343108
-0.14785914473331
-0.980403559448275
0.153569799223749
-0.619895110812465
-0.342122554052861
0.808989913316322
-0.454187557066148
-0.977729282108236
-1.08125933406277
-0.939952176778869
-0.754189913349363
-1.1487101761517
-0.847940547699633
-1.01369075476448
-0.0690465246066584
-0.0294732945580902
-0.673141532721593
0.143504699215109
-0.574689069380533
-0.579293992804906
0.395750574430756
0.778141425719992
-0.857061826147951
-0.202896766644603
0.495022189825269
0.558144700209069
-0.290329197214792
-0.940630939240769
-0.763856854468271
0.9109269453707
-0.141750426217306
-0.263186927912979
-0.141032655973119
-1.06290781783809
-0.898169337489043
-0.0458773880163418
-0.211309129704487
0.877559263798495
0.100879795276346
-1.44897545697926
0.369051119536608
-1.29803187538103
0.0801883730865964
0.529082092605095
-1.35998422952609
-1.227449657396
0.793870459309461
-1.29567050394943
-1.55393444367454
-1.35914310324598
-2.14161145860344
