-0.0607774620854299
-0.527457463899827
-0.00701460314429821
-0.183628127965324
-0.15987068799703
-0.625941642252182
-0.645972083016323
-0.632096041714294
-0.224104641080561
0.352207446809479
0.255399994674444
-0.0862885927903731
-0.541334105680386
0.0221633870377328
-0.0674598395961217
0.125531822369482
0.018480942928179
-0.166302196939484
0.148417861007897
-0.630861346954212
-0.0446930616880557
-0.246562881511728
-0.408990498950197
-1.40698611930327
-1.09129362753034
-0.232078720849393
-1.32609881402004
-0.487077714870725
-0.602946499224841
-1.85208424974683
-0.176582910287937
-0.399712009639794
-0.781314249894169
0.0615642484090812
-0.194163445991738
-0.685899314098924
-0.56803075356679
-0.640134896086488
-0.788933818249893
-1.35904494533646
-0.781100901809993
-1.15242789437186
-0.0820123753005823
-1.91337679181145
-0.404466749389193
-1.40806311574167
-0.460580421572306
-0.0413648167301782
0.219809716711973
-0.109421396107913
-0.556696578748117
0.48170896393843
0.0193580115603629
-0.378605971473151
-1.40654276549503
-1.09789748809679
-1.11546773672536
-1.3905395945226
-1.1752147359651
-0.487422154491051
0.0173522276558236
0.539713746919366
-0.97917611892854
-0.641383640325008
-0.0625624412647793
-0.705544299011849
-0.0421414307691352
0.658956123793639
-0.0821795562535328
1.00342467718649
-1.21758731150111
-0.0752975690881636
0.857470390500227
-2.10243520921644
0.181913613554137
1.17835082071058
0.553411320768077
-0.582523226413297
-0.150615954541431
1.20561967181123
-0.28337874402435
-0.474824801089471
0.83141574143257
1.29458848877847
0.855179989399674
0.451503239405546
-0.0793017853673829
0.52730463259816
-1.47786029432763
-1.35544174505312
-1.153178277532
-1.27101448051968
-0.870411938295748
0.0113392957791371
-0.384249009608749
-0.688320403772268
-1.26054016435894
0.697403118462293
-1.1068141618764
-0.781082023493759
-0.607093678681441
-0.816771709908936
-0.809202354036186
1.1562461208344
-0.314635994717324
-3.1042602167433
-0.959640332089821
1.130539826585
0.152786939055078
1.05839083752995
1.13701733536199
-0.961001509998061
-1.45018921600721
-0.0859134951915179
0.892211070125179
0.962824611763517
0.380680515036488
-2.04983477651218
0.00239705711837196
-1.05399209194678
-1.53090707918549
-0.824337898820575
1.95633108367528
1.94106652845995
2.16416066735089
1.63447621833874
1.30187819900267
1.77120329114109
1.09747976870278
2.36273021560239
1.98074481017389
1.31222402642005
1.178004886538
2.33022634306876
1.99897178155194
2.2378979723405
1.32446891570491
2.04220695165353
-0.0135443491928611
1.53612919657578
1.3608722900862
2.26331001322281
-1.93801970201987
0.812209681834394
0.971672896300261
2.25144491363468
-0.871760881214003
0.178764958284603
-0.869741178851162
1.60889519044312
0.0158723484318862
0.124137316691198
-1.11297675462292
-0.495406784626217
1.49499824237057
0.864759638881533
-0.387997082435502
-0.19245176620795
-0.170689738876321
0.11746403416811
0.9003151799141
0.236931354881891
0.770600426527579
0.834966075597187
1.37610952718064
0.312718739944814
1.88781343890866
1.55559913812872
-1.05377050910546
-0.122851759529249
-0.228851968668092
-0.855372910550458
-1.26307368624554
1.34902045352684
0.288267395367078
-0.294019200971726
1.05642770096658
-0.466912618957953
0.278842673212246
0.457541541246264
0.15423934966758
-0.556986020601129
-0.216659860551825
1.33849511225517
-0.257427058218454
-0.59314949865716
1.04946667968505
1.65825944724708
0.41015149500806
0.457636641863583
1.09957494268597
1.00203073845577
0.633424794023274
0.987896507611398
-0.79722486495574
-0.637684699672164
-0.0832028784345171
0.150620456078525
-1.56587632012361
-0.201718025377313
-0.0449305109034161
-0.0103296858638951
-0.592178821028577
0.0288966281382575
-0.471524493197946
0.790686038387851
-0.555583951051257
-0.903349215565626
1.01622456622345
-0.187336321597935
-1.04093631102822
-0.190202052241218
-0.307717955063853
