0.817194986426347
0.870571559121547
0.575307689097434
0.660453808696604
0.732648502144384
1.20364811693908
1.30880321314549
1.33754305091754
0.897688200235625
-0.213254592674013
0.523468912752901
1.16372090886802
0.797013352572075
0.206471059551769
0.813347846156433
0.839079840784301
1.81249094111024
1.44911433930445
0.356267153435074
1.15704443628386
1.36034839135519
0.894749608606358
0.731665343336832
0.935410348752377
1.03316092351127
0.691067384381556
0.465959809508533
1.39838224781925
0.684405347132397
0.936808202865196
1.19114259119481
0.619735298254374
1.00328459797437
1.08197081532669
1.18139452304213
0.76789304355991
0.886675222000338
0.180804907769211
3.08890369698141
0.724011748702683
0.923085130441546
1.11485743950299
1.04096174547013
2.61076198152564
1.21162674627542
0.749949913526111
0.992892637951486
1.22789417181153
1.18130712032815
-0.657648034355271
-0.796518944784775
-0.190371772749549
-0.386383481105099
1.24671882769113
0.301383848056055
0.41018349763777
0.272074940933862
0.342451779892407
-0.150052483383652
0.118394193525348
0.99712986885583
1.16449097199686
-0.0291985584908928
0.423216733818529
0.904458299512153
0.767297523446985
0.0298017926308393
0.586537963430983
-0.521878118345535
0.63345987213387
-1.0823271894361
-0.620485208680424
0.683395044642721
-0.84196885529458
-0.443847592516819
-0.453224200717299
0.126384884844524
-0.0334878952398426
-1.60901531247337
-0.386526591807043
-0.596036865721784
-0.906308742158353
0.215870505317805
-0.457465051682518
-0.0151616108987358
-0.614574640009931
-1.37950305731148
0.887265116910118
0.591397195446346
0.295820934482533
0.627834048435711
0.206774299014235
0.94923399847058
0.806095310133443
0.602668546577375
0.535570254650726
-0.401483772339724
0.108003229894072
-0.461961725841726
0.577247351225475
-0.610837296191342
-0.695200019968658
-0.65694180128965
0.489945717774786
0.382116771207898
-0.409881185773965
-0.996696694827205
-0.542151645786176
0.934687014199353
0.847006866468755
0.872945528172734
1.00640316115677
0.210632552852979
0.527220689417586
0.267469858848444
0.0134554645315149
-0.755260796722947
0.7898486716467
0.384782941410471
0.631465323189555
0.48656452297346
-0.150811524751729
0.744234225318086
0.948754455763321
0.568000291531818
0.162541110458326
-0.586411724255409
-0.94191885357579
-0.55181736409784
0.565228999793565
-0.13897958569284
0.0649033262509457
0.203333277699847
0.892249089201538
0.151986076532105
0.0320373655761826
0.548609637436612
1.24335318869539
-0.437408718381784
-0.707033246330402
0.162623191415356
0.903750374491506
-0.931551078902111
-0.0815641683294401
-0.36955363206137
0.315288225410283
-0.00205492242333953
-0.351223033358371
-0.594187954512716
-0.823227122429265
-0.763091208433438
-0.912254922102036
-0.986349345903947
-0.56624791845456
-0.209514482768475
-0.757702204543376
-0.654410113744527
-0.883951008800248
-0.595250022558118
-0.117262440359443
-0.903335915963306
-0.945776327174163
-0.740558533728708
-0.956408729493655
0.262916215301122
-0.94258773727298
-0.266484607080461
0.24225325664396
-0.458533753196357
-0.766615765103294
-0.650017616942163
-0.684140849802814
-0.706048101079476
-0.391774181508074
0.0239611978330047
-0.627593669944124
-0.119014497035207
-0.923672835105221
-0.940826557850439
-0.351694787057783
-0.565400113064603
-0.179529671718586
-0.573040723588313
-0.367186985165013
-0.652240184139965
-0.400570739328655
0.0827389557899143
0.400401141476403
-0.413214169101651
0.00691276850250551
-0.373382350964617
-0.00869109500747323
-0.692689418258286
-0.183726637572071
-0.483329982307423
0.115632393349402
-0.510990258394616
-0.438510633512599
-0.857330489938537
-0.815657916583935
0.0536907173535238
-3.33864793838411
-3.36008216854165
-3.28413309705555
-2.05725099466698
-1.95576066293166
-2.96863074689778
-3.62181200510878
-3.7819569954503
-3.29379891806242
-0.508752236581638
-1.24885133612303
-1.0444109865974
