1.16747620529314
0.288199548476029
1.09087195682722
-0.307476183042957
0.248000259151599
0.698692956740798
0.352585843115496
-0.101426255190816
1.13560159231384
2.06336149109902
0.100890995483713
0.155208861205222
1.44067705653109
1.6066029214099
1.56694362650871
1.17816418587739
1.68194764977789
0.753344566564537
1.90794321515567
1.15467333237267
1.42769085168435
0.650233303835385
0.0957615507944635
0.195813629375445
0.962824267289043
0.219379413755705
-0.848562759917163
1.15216373364875
1.26185750475258
0.0269319051235546
1.13526988806673
-0.145957109539946
0.968621904377009
0.690746458379085
0.975978443007025
0.80983826406388
0.269908970121536
0.588220971933619
1.63016680015155
1.03570096546044
-1.3906373904231
-2.00416761929672
0.0298514743098237
-0.153386660029266
-1.42518293800486
-2.12320094364811
-0.025831700470612
0.15283526338684
0.324844918233729
0.582411331670326
0.331334642857708
1.29882326906018
-0.0463982168461743
1.13500848822688
-1.00088183811393
-1.36633068830374
-0.336251915504616
-0.690702024131039
-0.755310366284321
0.1363735505581
0.350280991932839
1.10521323294089
-1.53458089061463
-0.299332710518213
0.326161038617591
0.263366525008254
0.256654134632913
0.250001022012143
0.0852676724759976
-0.186852889522851
-0.909248696693786
-1.34230812853032
0.668676868110544
-0.540846868639352
-1.33898187540129
-1.04292806006307
-0.788672768639564
-0.67910136196725
0.405956641878487
-0.169977200891373
-1.96630316244355
-2.05818870948118
0.746695314668023
-0.796609982716308
-0.362323081839241
-0.616826892172235
1.22025449087612
1.21576173341188
0.674397760692682
0.198870998809477
0.695593043618666
1.5804591251903
-0.0269198671059899
-0.0893746710624373
0.979872914439702
0.442330636013369
-0.684845112527222
0.532409664125393
-0.162114019973487
1.27750916762046
-0.0755465089325693
-0.624258759459062
0.0687348186146437
-0.22832442672994
1.45981554944332
1.18118028794513
-2.48865568548675
0.0672916493803772
0.260836036493447
0.980571607631241
-0.668134042645388
-0.461629225125088
-0.351597560851658
-0.199381381442388
-0.519068583581687
0.0353961079428898
0.356222298569773
1.32419708105979
1.21534480871702
-0.0641787326228272
0.481114196699831
1.62282324170892
-0.18706323833313
-0.348900869316164
-1.13240193482415
0.388013874652904
-0.209335963935393
-0.724048853006238
-0.250374968854014
-1.74338276533134
-1.03838363175786
-0.416635378082628
0.660473726347504
-1.76375671185066
-1.35785731699676
-1.73649485168772
-2.14359661504393
-2.60445702780328
-1.21785916408231
0.421721352749992
-0.382840831328015
-0.106169626825603
-0.233271743408732
-2.61055815012392
0.063353754778236
1.40071978603736
-0.0675420165415129
-0.214706236633826
-0.741767653819597
-0.72846584543329
-1.14455824890406
-0.456959474341898
-0.761634547994812
0.401994023537823
-0.206510195581098
0.544216691718361
0.251650012509438
0.805282253821181
-0.590295872584069
0.0603256894092494
0.739702585272078
0.183818791666426
-0.0284471365327612
-1.07656633824743
-0.338643663483888
-1.30472161149435
1.03384983248266
0.609273755624165
-1.49222857801356
0.179184998987441
0.0277436529167477
-1.48365414960494
-0.717523010546924
0.995718880552008
-1.07471136017655
1.00430392248309
1.58736490425807
-1.59578881701605
-0.714354277597478
0.556718076907079
0.364890745539967
1.24226565154491
-0.112355349030606
-0.596502988574852
0.199680329226369
-0.182084861337753
1.32071140620662
1.4469001430056
0.748754989832325
-0.817514049924237
0.598623240361313
-0.0163214387731205
-2.69553945502347
1.82930802872267
-0.827537330367025
-0.663780128635458
-0.452713715638282
1.379145175539
-3.02319910167364
0.344504384361363
0.770852560009911
-0.0387232130324904
-0.290772089593657
-0.324017204029671
-1.4026527105699
0.795478644980163
-1.97457479232126
-0.076554999875034
0.373243389250288
0.302295683508627
-1.04036932331551
0.55172082258284
0.287653444590445
