0.13569585029865
-0.0218215236263296
-0.651593320427243
-1.18032724884159
-0.53840942450505
0.0986655327002053
0.0801511270673574
0.127778156890994
0.0149719234453319
-1.20929081985398
-0.65760242773628
0.0933650629550608
0.00218417950820985
-0.0111686293775987
-0.0655220086477794
-0.0248890680605037
-0.109013399285812
-0.148191845309873
0.0830008478639339
0.105119164249094
-0.236441986034226
0.0912790602483927
0.272336151211469
0.167505945905847
0.0671287143607024
0.0520243579767946
0.0459134948443884
0.274762233001198
0.065734861206353
-0.0434905309760349
0.158320531859509
-0.656285231890744
0.136610164902488
0.195570026066721
0.279251070476857
0.0288754634688743
0.0910487447480262
-0.355771690098715
-2.9131640294377
-1.40891116353331
-2.19871730052852
-0.650320419367313
0.166511346140154
-2.76935233493208
-2.60964773896063
-1.22148816783109
-1.08559131631689
-0.755204276369992
-0.269643880978096
-0.805938295942095
-0.893716889137442
-0.59023630031127
-1.07439038243338
-0.157136332933408
-0.533895580566426
0.221577555132852
0.222713701976909
0.193500650077268
0.0170743006079282
0.0132323818803039
-0.653685631090714
-0.307333786459474
-1.40828768879668
-0.9794096349477
-0.823430626304832
-1.40716859959915
0.614798356052404
-1.06320742123733
-2.02146174365659
-0.910810169698527
-3.72873999420273
-1.72857417033204
-1.65718971213466
-3.58803507660818
-1.54457692360435
-0.291282674389147
-0.520944812745067
-2.36956095184933
-1.45679768224084
-0.324539703849107
-1.67072124323952
-0.616758864759787
0.322268342632566
0.116207379681368
0.238654586427563
-1.14793748973037
-0.848310417946968
1.58107707043584
-0.314288701500283
-0.439184130375177
0.200194468022484
1.46476996072276
0.844036258042514
1.23523709508041
1.2621980826554
-0.314326756511143
0.641047051070555
1.43275736047512
0.543920424388802
1.15322926908245
-0.247453827513476
-0.0402213404752346
-0.735280896627829
2.07928899262152
1.66091008538798
0.405076793205572
0.787913074291495
0.14548276799252
0.694863587412387
1.39571118089464
1.12177074124468
0.758062489091359
1.46169541612477
0.734889883154122
0.2929256589304
0.57478098216999
0.596522002429623
-0.155043009064468
0.0249652090473275
0.0127843183355188
-1.06389189589258
0.716932172306191
-1.26435955950591
0.576030534918388
-0.220366238692619
-0.466056376783978
-0.303297742409421
-0.714305653670226
0.294635796421413
0.55532674206636
-0.0591787790850746
0.267122256686421
0.353244026055442
-0.916493667895457
0.66300372781214
0.507053898319693
-1.44685782813516
-1.81826324028113
0.338801851084892
0.523650073991163
0.0435968413136207
1.51107248849211
1.05763081375813
-0.190011898710348
0.502764191940685
1.04117835512437
1.03874799195279
0.739321480374014
0.348150667234422
0.00616696718651052
-0.155857066779438
0.472273161321333
0.253458995127431
1.23779557386468
0.892322034210598
0.341043955410924
0.56474138521222
0.235090341152878
0.61930466570409
0.571008297088635
0.649540947362795
-0.0196168030875411
0.638765937429755
0.563968957045714
1.17439107516755
0.106978300641044
0.839686745192082
1.08190102818341
1.96393337139425
0.544181248125744
0.418965062089187
0.998283238336271
0.767813505238752
1.57432836799667
1.87612306501598
1.49804271536393
1.10006140562711
-0.226658046187783
0.933659127244672
0.866024183097704
0.938079644509404
0.799652650707076
0.626878364073367
1.63893402583084
0.735826628113732
0.939868364724647
1.21828223653399
1.33136278560013
0.947801588698987
0.671925435255649
0.549168971759843
1.28019069254607
1.13907632902368
0.690026827986869
0.501726728898542
0.443965017118597
0.833028261567798
0.910524559615766
-0.348287659303614
1.48121716035452
1.14619753022529
-1.40542796543844
-0.636689765749384
-1.32075400692828
-0.875664895810538
0.186058703647388
-1.71088750416997
-1.45511919349578
-1.1428147924561
-1.24703139337131
-1.14831481841964
-0.309564359618199
-1.15034316403239
