-1.93086627629818
-0.696020251278266
-0.57082111073172
-0.852068831351001
-0.91916292614321
-1.7616020287538
-1.79275559416165
-1.77493053277125
-1.01696015997828
0.0229661899480664
-0.997090108978171
-1.53682845547791
-1.57266419880051
-1.40506230613777
0.411216096991723
-1.99446978022558
-0.441529227412158
-0.940665017032445
-1.75864256599
-1.33974694768148
-1.36818324977335
-1.24568897188609
-1.37977959743178
-1.76737295150875
-1.38434166267451
-2.02260841109244
-1.71228118083003
-1.25474439114074
-1.76056197230833
-1.79651683053975
-1.31901572032724
-1.2173580957751
-1.40246483652226
-1.05639741189449
-1.52579578831443
-1.23550821986616
-1.09340126837822
-0.328837419456148
0.655137561163371
-0.0495528262564027
-0.938799266777541
-1.43855795352144
-1.59426682303566
0.965089660212962
0.180510813183221
-1.1857685896869
-1.22237729919095
-2.10387454765916
-1.63501372251408
-0.797675308900614
-0.441031163232234
0.176279722412153
0.349678868878864
-1.25798486328698
-0.462718670887402
-0.275148225779511
0.322724485027938
0.144574050476855
-0.731726681903194
-0.8252949345994
-0.314059358520398
0.161363923218924
-1.70088880708147
-1.38734764400035
-0.957443292774352
-0.0406688897370935
-0.363180951582575
-0.0865721404149785
-1.04084098711564
0.268741857342974
-0.703893934671968
-0.792520014392567
0.502987075275826
-0.750101023723386
-1.40742334463977
-0.407002296070019
0.50348998497435
-1.9148681343252
0.364981186649519
0.181275787594408
0.685969272057422
0.838443291935996
-0.262741322271819
0.12516792502865
0.185437424995249
-0.29309102541572
1.05288000270205
1.05973742630845
0.211445153207689
0.453967372431156
1.42603800242258
-0.0818658406537254
-0.221110051196868
0.0885852269245958
1.0232051142661
0.607169752602943
0.854923031311739
0.289498682874373
0.490432085913622
-0.0857840918436095
0.543199123097142
-0.230277192373133
0.998948515219286
0.456447626597188
0.243610588563459
0.543115906054674
-0.156518438405646
1.06506813369166
0.329997826400353
0.21597688560677
0.689191096936594
-0.362381075625624
0.473236271262669
0.0950711107840327
1.0607365826211
0.51255556280869
0.400489082754186
0.576935931574581
0.751246255857544
0.435972481817817
0.550229066458735
-0.281560848494121
1.06436801525716
0.96617010250246
0.953941721853818
1.06337049495306
0.148218119860754
1.48311903880582
0.382523409149144
1.13168203814931
1.05558717294531
0.863249620272267
1.01740422635342
0.915730404759957
1.03933725185637
1.26202441335072
1.25928608628592
0.885923935000685
0.660633220364047
0.561170408001212
0.93982143402099
1.44525859319456
0.720866982217004
0.524988916350419
-0.0243730133230024
0.00183346928528187
0.931120210124804
1.09586564888756
0.675873623097662
1.61952203694798
0.642978915571155
0.191699869572745
1.4952241542473
0.775768760142702
0.432332200703867
0.564336750671102
-0.245394020923018
0.697564518270318
0.830423728319149
0.846876375817587
0.62406245685961
0.86578073134308
0.730372930607119
-0.153630887010589
-0.28200096228765
0.942856232761855
1.04146077870476
0.578083053245941
-1.10508752649191
0.352023977462883
1.14104867626229
-0.114129623800716
-3.14765568789839
0.995142536763524
1.15437293845765
0.619432506072645
1.23493964176033
1.55283781011537
-0.142450961979132
-1.32818277146496
0.501920747977217
1.37957405055894
-0.326813346692589
-0.307694017211253
1.11592028085525
0.220123626391937
0.734523460631444
0.771016716880752
0.742379286255363
-1.27777808244867
-0.241565932908717
-0.290203830627737
-1.85701034010987
0.921097083490445
0.294873857059483
0.142275367658558
0.253709550755462
1.52581261815015
0.617156737904858
-0.130468457940587
-1.12107467994514
0.997177579621284
1.0445459178066
0.705791681489904
1.66854565137867
1.6926967117698
-0.242583559072599
1.00479784197865
0.971438304256041
0.951428983337104
0.517913630971461
1.85304047838276
1.16055820403825
