-1.0335100379838
-0.640985504247018
-1.6623948267315
-0.465865705410095
-1.45672969905622
0.0661382995128958
0.0685705543203946
-0.114904664109554
-0.294367081969986
-0.638217933998632
-1.18209215775902
-1.80711337407963
-0.92649252961876
-1.43464798827748
-1.15152238858876
-1.64016250123689
-0.926136751463877
-0.636128485126823
-2.37035311596626
-0.751704503857921
-1.233473103812
-0.626180907442339
0.342869399042708
-0.169750608403745
-0.444606104114548
-0.584891451248861
-0.184410051773542
-0.525207903822222
-0.352818730627937
-0.193523190732075
-0.289380983100579
-0.710616712263258
0.0771216263736262
-0.480701843952478
-0.103203284409525
-0.586977196801279
-0.169837652978752
-0.958031723640574
0.099537622503852
-0.743525197104277
-2.46942061809861
-3.09500730724933
-1.77245955198886
-0.172295156313467
-1.60109294390505
-3.42852019655256
-0.751584162685749
-1.68964358982004
-1.5424846234408
-0.404901448124318
0.122314251718477
0.382888186711619
0.199663141170014
-0.916075694523454
-0.580418478351033
-0.15200590338932
0.369056397121048
0.332786045010204
0.855279629040787
-0.675604670325007
-0.845179228361972
-1.02552444796994
-0.680675157070431
-0.301314603616611
-0.118456705789038
-0.891185798395709
-0.354390216088175
0.61608549907826
-0.787443025806188
-0.00874162621640017
0.00316444305463887
-0.214511151866563
-0.608580733371903
-0.454990803737151
-0.934607053947638
-2.07676323572317
-0.758892518478732
-3.22602124250985
0.482259064022007
-0.641962174590331
0.854408175030167
1.07314890782975
0.134924960075655
0.362297558103765
-0.157918635253349
-0.0364626351999482
0.989138237024157
1.0392992875066
-0.60301753660733
-0.476896868507357
-0.0077682445423431
-0.613382332380889
-0.827545680057965
-1.17348099360539
-0.0499406767024996
0.138953258636006
1.04941139030584
0.413499167914393
0.0466133339944892
-0.790264256830612
0.209859538719566
0.459543002412596
0.021739863217013
0.762512158893494
0.119737648023595
-0.535420410245076
0.955464935862097
0.993108532230139
-1.3186819951953
-1.15180574547752
-1.7051618356899
-1.07545737221757
0.783868824631852
-0.981176384221699
-1.09286598754249
-1.09437928609515
1.16913973717513
-0.135290789563773
-0.306423786021386
0.350003218848415
-0.195091497874063
-0.718184291663452
-0.298798014415044
-1.27230888559282
-0.979926615250935
0.420589402170397
0.42982543069705
-0.256301267837165
0.619475071323593
0.122411946843647
0.00464462759480756
-0.0306859329684869
0.10912207024495
-1.47624911847286
-1.54732392843537
-0.639698500230085
-0.459176661465172
-1.02100235946245
0.744463959803358
0.950669690929482
-0.561912347107926
-0.397622103407675
0.852025787447058
0.825901332460941
0.986464658427579
0.536437942262373
1.07651219432983
0.836889142107125
0.97909203471921
0.988903735510547
0.827253689637371
0.982690501988027
1.03017963154017
0.990338081916148
0.561782098430561
1.24393374952915
0.541039209564938
0.926588803019789
1.01054464739733
0.130816616624108
1.0568576051927
0.669723642827671
1.09946239893797
1.38397499443962
1.12915251516851
1.29625899795237
1.0643888862054
0.33972830902669
1.21238346432025
1.18965910830873
1.02117230269679
1.21977444073266
0.604241828289648
1.07506638556611
1.57051252505593
0.963826609280417
1.48973513465323
1.56013571910876
0.991296276999375
0.812943759540115
1.00927986449366
1.25671539962809
0.716226508739757
1.46965194486966
0.646342069676395
0.897438988959923
0.767574127368535
1.01700181451008
1.1434566679422
1.07812540033991
1.05323805760882
0.774993416003553
1.30689918578953
1.2132557187263
0.140702833077442
1.36539325038744
1.38987048738203
1.31148504748293
1.50311821352273
1.06415272968705
1.01206245615936
0.879459077336914
-0.159620194097777
0.698322690596288
0.669099019577725
-1.05925236269881
-1.08072051183653
-0.451250996072445
0.386865719404885
1.85792124780893
1.57795512717345
1.20889222521969
1.57089085945302
