-0.968707665567808
-0.4361665333102
0.093717983082256
0.611247499262487
0.0636909108767268
-1.62567559645894
-1.53763252673307
-1.04305886388944
-0.183516172445073
-0.803888309350515
-0.201266902813681
-0.428472988150341
-1.06490636312724
-1.14743897804886
0.269234197276405
-0.821552544595832
-0.25567948755808
0.206479227915851
-0.672002515831578
-1.38336503302651
-0.666098231011726
0.0100456634962456
0.611684567688315
-2.12493527099584
-1.56163739434107
-1.90699727092724
-2.21404477358692
-2.20401692906005
-1.85721210742165
-2.27112723089825
-0.204073102231654
-0.472515902705062
-1.4144718310456
-1.18456587614485
-1.41160108850699
-2.12595169812252
-2.627684018374
-1.32431355838819
0.127891161988639
0.760517497749626
0.392617323117279
-0.134881297876654
-0.195118128524246
-1.48436500331211
0.728623519813051
-0.221941047465891
0.653400711408412
0.768263739306219
0.353525069415065
-0.443644686796127
-0.982343143645992
0.0290642791789811
-0.731247967974426
0.233153763347038
-1.78823908439524
-0.621717129652046
-0.0632931209800001
0.0888637655417118
-0.036475876108769
-0.00792246631867454
0.977759721901192
1.17774618911473
-0.644604455207064
0.420695598845032
1.1574044003508
1.07842295071304
0.378996372829693
1.07358387470423
0.878977698949055
0.793175753549258
-0.0656801875612494
0.821721028491787
1.1508737333211
0.584255094921066
0.788201670541826
1.27530708800556
0.667844455185814
-0.307991467897206
0.973205020726887
0.429896400518262
-0.601380703400733
-0.895969030468125
0.943405795863331
1.22707109932967
0.686836817856234
0.396846032594613
0.746797436678717
0.733609829056165
-0.119014049747529
-0.304643419219487
-0.0576136965875895
0.207204369996982
0.62582195410837
0.709404684395833
-1.53588370156814
-1.28206114259777
0.638866240762119
1.14967397186958
0.151852049022648
0.398369731589885
0.378177426744071
0.412701757823217
0.169322623311401
1.87395983910802
0.124694465175266
-1.27779231004137
1.14761824285444
1.22827504631995
1.34147974644554
1.11759919373814
0.191082295737669
0.0595641598208452
-0.974134634597478
-0.979792640025517
0.142482532362835
-0.229538234528638
0.606292693069137
-2.22563205340084
-0.76059222426811
-2.29293890976704
-3.17387435069094
-1.53880034492147
0.175504433472051
-1.99422407486381
0.093666731040814
0.46262312582064
0.691531550288045
0.780051367306128
0.465888404313321
-0.357007789309513
0.280918099857357
0.548100879544567
0.555697413057649
0.0296507822340287
-0.40113070699637
-0.295798863014231
-0.526854637708208
-0.448611012024005
1.3235716269538
0.755484252176997
-0.944669590076476
-0.561704032349059
1.17516943837897
0.171547283553815
1.41069466437714
0.924221010416129
0.819694587899562
0.816422873934457
0.635616340889021
0.600679077316375
1.17843331658212
1.0386621378545
0.77089330232647
1.33050741268887
1.14882502147151
0.857297395303516
0.208828647672503
1.16904289768703
1.07529805769174
0.379350002636952
0.751876084800113
0.820019050686243
0.581107197235116
1.0598870514677
0.318010287940429
0.671678292502066
0.83486656824256
0.572144511636557
0.0234501980867262
0.525046474669903
0.803971682458099
0.185790200596046
-0.0307517442373561
0.847039329344788
0.519347316208009
0.17971853766535
0.729944516635463
0.0833888235236238
0.490791507538977
-1.48892196020347
0.671129897374419
-0.0508442469404127
0.00757749889273224
0.695052102311881
0.597271552510862
0.254805351389264
0.943629194060415
0.966687707597854
0.731739608672703
0.187182198773212
0.543843681670663
0.984310914297008
0.981348874132624
0.782984395416326
0.110150071444228
0.734296080802172
0.582647814578728
0.285616724626084
-0.767857055107889
-0.306403961376996
0.462626188874262
-3.51170952332925
-0.762950821768117
-1.30497540059694
0.541029549633062
1.57984512501282
0.147519490766749
-0.734835567579151
-2.97123999468283
-1.91192701667263
-0.327170710608384
0.623332619111981
0.497617606958183
