-0.0806946343969777
0.989232902310083
0.319059633974232
0.379267644994173
-0.203854939190545
-0.461665717673516
-0.484172504640305
-0.11397414924201
0.649673892376079
0.414995284709759
0.000817604492882994
3.62891894591133
-0.222785984189353
-0.13283778796281
1.34047094331351
2.15811394563341
2.40131612772318
1.20823629909568
0.444222101193651
0.0688795568217562
-0.812869016763233
0.766789689742811
0.555323298490466
-0.47845237283733
-0.0880476409245858
1.24981912822712
-0.540482361205842
-0.237519112819023
-0.0447960358431682
-0.355017393230169
0.365318674899644
-0.0588090561346737
-0.147937374267773
-0.206083851729555
-0.339919025929388
0.114175856357392
-0.274255716299531
-0.095323924178205
2.91609852563896
1.55779325804913
-1.22140928255299
-0.80788370133982
4.93906071645231
2.49944014362379
-0.373011463322368
-1.31625973750536
-0.200192712120113
-0.0325598760719017
3.3555786019561
1.25473281698259
0.502952114918209
1.83604045331118
3.42706971174451
0.746232540274474
0.275012232474696
0.579497926564709
-0.129321541860572
0.0176454294343123
0.779105959496549
0.45322099019668
0.553997613478374
0.163931167593468
0.373010109533075
0.396385434432867
0.0804670929793293
0.897102624231929
0.0389241506831589
-0.584651618777933
0.772123754591915
0.348672009011959
1.20448863256432
-0.127702799168738
0.47841670297635
2.07611079717194
2.12540677568611
0.502869642051981
0.0492536298749216
-0.983167767307065
-0.130182510842436
0.247101520167893
-1.17947348460738
-1.08019048339781
-0.778342939401156
0.0909549815886877
-0.555028956107004
-0.451795228941577
-0.528447506097025
-0.394896951636509
-0.918274909405839
-0.886678594400563
-1.0532905337146
-1.08529261908044
-0.00210743591054505
-0.380929157851839
-0.143022172657808
0.14513100199738
0.516936437632343
-0.90142842141613
0.608925778648236
-0.891758184435449
1.38397778439252
3.06935537107598
2.73736105108292
0.274534066613608
-0.500784459261908
-1.23239436847371
-0.785912266211897
0.426200669296633
0.151576273171687
0.106297850173215
-0.145658498984736
0.60045209037365
-0.697070165739394
-0.103147872652047
-1.191605565186
-1.11600410297283
-0.179309052748226
0.563792053290187
0.0511369289848322
0.96572090560419
0.67223766348464
-0.60908244839668
-0.780184590218824
0.563472128508655
0.063051667187854
-0.406590425044137
-0.547361373686613
-0.104386064954515
-1.4747896227863
0.19309520323592
0.0256386610878057
-0.694528800781414
-0.560840958398034
0.256978136513709
0.195601242937991
0.442848187218755
-1.6398333245127
-1.11789233439258
-1.00178278007209
-1.59864600791401
-0.221324828761989
0.143846017214703
-1.50407303983932
-1.66631361729322
-0.0303289912397826
-0.321231611918573
-0.241637526907885
-0.140024119016013
-0.228780663721505
-0.84638758264266
-1.38242411797988
-1.14118474931833
-0.908093181464999
-1.76213851697608
-0.440033843151269
-0.413300438580825
-1.33809641566707
-0.756796513772338
-0.618332307661107
0.209328030904536
-1.21878978193104
-1.40996185346721
-1.29940155715593
-0.852961973443498
-0.794709722167394
-0.268059023963686
-0.0751278010969378
0.237253974184602
-0.382897949715727
-1.4498997313064
-0.106328019211816
-0.13595403998506
-1.23378543540389
-0.190807111334783
-1.33939297145514
0.278063601986874
-0.309371307854125
0.799764029755149
-0.654852186800923
0.33849690618805
-0.571927216570344
0.0542775316879547
-0.139227305714176
-0.30520685017206
-0.0151720754215496
-0.534082055487151
0.383885810134795
0.711270368251898
-0.200063303962533
-0.345070529277952
0.0641328368614489
0.184444302623916
-1.47808517938536
0.0777086226999866
-0.241553432787956
-0.540738524942254
-0.204348071306217
0.596876789657806
-0.346503533213182
-0.437408297902347
0.654161428496312
-0.169969587486847
0.33416071426316
-0.144035875423759
-0.739811655517465
0.277478350268173
-1.11941108105063
-0.301129542901864
-0.470176085678852
-0.25405652504722
0.263287057561947
0.860314629630782
0.168981789345257
