1.30487845518219
1.44037092518962
0.873816952420765
0.29279831121255
0.789068982377343
1.11734393232523
0.227033012384013
-0.564925981261008
0.923184117410927
0.854710486794153
0.539420567623546
0.689459283937498
1.01323352269569
1.0855489015978
0.765609435632312
0.594800053176011
0.717661989231614
-0.227691143578099
0.785233636849364
1.2580775706387
1.41875748563745
1.58429448772582
1.60892082084571
0.892889059982284
0.812650211218237
0.670042274697949
0.799834632801603
1.04656815144715
0.901307460199158
0.456234629029228
1.39600060689608
0.135828860159302
1.06818105493419
1.18472262502502
1.20135192408512
0.836028245244494
1.11748342555688
1.05592479885432
0.84573425140063
0.535944209319313
-0.267358424773643
0.605978322864381
-0.043843500196705
1.05558214151284
0.613836267709656
0.51803387832206
0.611270232478655
1.32969183914575
-0.1331002108879
1.17187980651243
0.532958224918012
0.714059732246776
0.391428744245185
1.43766738917985
0.876159361299031
0.69405953799604
1.06782902588432
1.00950304456301
1.76012023658361
1.68481324991057
1.71052437184449
1.11961401755892
-0.170971364469276
0.516058611064925
1.62543286495621
1.01497944775363
1.3978770727042
0.656886539230975
-0.102728621867792
0.401304439907832
0.104438478204411
0.513026668145434
0.89510186710484
0.67120915571401
-0.37634158192538
-0.284446818764802
0.108844543219136
-0.136513114056221
0.136543618816182
-0.163591758054421
0.588571261109137
-0.332123579832306
0.21163560266403
-0.45260743351716
-0.366819688032903
0.376358105256966
0.388454137110002
-0.330897438464944
-1.56556938262584
-0.921896596220838
-0.0818751023815273
-0.0314312342935773
-0.969995013694199
-1.46897687051163
-0.252257224731525
0.132499299237089
-0.516502982794225
1.06804960072403
0.343487506465825
-0.508709698508295
0.53117836316574
0.586953068585313
0.450237902467031
1.57456265543444
0.101060735539608
-0.107691520057355
0.238686656350298
0.565489998775631
-0.354666351977758
0.244283864577077
-1.50519686656765
-1.16976760439475
0.0440718390260434
-1.17855030998971
-1.77738957992608
-1.16616611067682
0.51779490206792
0.40972041748744
0.347868660996398
0.0860695978255053
-0.00756700214421056
0.333545133421388
-0.529846367220073
-1.5561762514159
-1.69237453899514
-0.270021334319014
0.334173785088725
0.0319463036408801
-1.71024256805118
-1.01069760537362
-0.340073462629695
-1.09653235392664
-1.44019631474241
-1.25815436715616
-1.92773007360959
-1.95954776795223
-1.21147667635052
-1.89619781458616
-1.21864830461184
-1.36831994072924
-1.24638669759028
-1.47868534125708
0.693277274582521
-1.95924443518981
-0.873702606527544
-1.93711134120217
-0.334493120206787
-0.215638017661344
-0.236777151195481
-0.895289577100503
-0.244559488075714
0.629017718799937
-0.316236911187047
1.062364815582
-0.509332127225008
-0.820532027411598
-0.0515424819672581
-0.507285335971603
-0.152912550597662
0.894254536944156
-0.326386923167645
0.0532349857422093
-0.599461752071965
-1.96707860901491
-1.96458606590497
-0.60298388287284
-0.399837246494414
-0.945487004476008
-1.13240214737465
-1.69160282271972
-1.47704632420967
-0.244405089743921
-1.868725534009
-1.30680318008875
-1.74621261669507
-1.58527522124974
0.194843839626331
0.0846927998811139
-1.11652946518027
-1.45935576652627
-0.999549458091043
-0.382660407467629
-0.844886894941205
-1.23851854177627
-0.495566428508009
-0.313201766191424
-0.681345562540125
-1.21640691033913
-1.2574004170273
-1.72635017677185
-0.613729872030528
-1.405202700698
-1.55172352156679
-1.36384803113141
-0.0472234425891708
-0.215194369377417
-1.30984746243727
0.239950551648823
-0.667997079002309
-1.63559719185089
-1.22335788089255
1.8404825384736
1.03928594832862
1.24886782518216
1.16833817830301
0.500292568472057
1.56208358146033
1.68162318385151
1.36586420685634
1.67435348126556
0.544035231058439
1.10593104940479
0.550767034428285
