0.449381723995759
0.952761717972592
0.143679772814923
0.315774510762038
0.405335573528258
-0.0841083679011071
-0.488023671088953
-0.0866494978297976
0.394776324331086
-0.637138390879184
0.849414606313462
0.981358847133648
0.311311285688135
0.510887224132819
-0.315611156298948
0.0459585145687863
0.119409982526207
0.436619724063259
0.149246136650661
0.569628975247808
1.31941634971904
1.54030015266729
1.14747269053253
0.0820698437845034
0.21943391245355
0.418916485257718
0.230226163651846
0.441786975197372
0.397104829341808
0.287697279902185
0.662075095468581
0.9590374067522
0.534107808725221
0.60135664448243
1.06964605311285
0.801856615898739
1.01273998206077
0.653458699046438
1.3102328806039
0.0710497287917522
-0.742087326744763
-0.676144812889582
1.22251373695396
1.09730307178204
-0.00641284701172027
-1.19311661952313
-0.95320152860136
-0.156246221123213
0.651723839754553
1.54335696370564
2.80573672072246
3.77248317272376
2.63963263519783
0.780398536656091
2.22058478576178
2.29967319878978
1.32561186160326
1.69822017299663
3.06522613182508
2.61893938235632
0.558348195701709
0.0375828847628889
0.326786326640486
-0.577660584917713
-0.273331338066187
0.224759472717817
1.80670442427876
-0.831033774384351
-0.0336554706901359
-0.343401760996299
-0.825696962345534
-1.27555545107593
-0.247735017622388
1.06298805440355
0.893428177588961
0.972308095148618
-0.0852049674455708
-1.45572997392889
0.63190347535625
0.754935606341485
-1.62525474104268
-1.93121693814506
-0.725657460099639
0.159094881379011
0.0821705983873929
-0.225344943004285
-0.0344458094668893
0.343009204250794
-0.509853921822811
-0.00525684748754685
0.576502348205346
-0.744483305062161
-0.837553070552724
-0.653967388994331
0.127037012014053
0.848142545123297
1.35750920268384
-0.475527339848526
-0.386696040413636
-0.863070474244409
-0.735394217835949
-1.34984564256074
0.597629426136839
-0.205467435935117
-0.755458173009218
-0.928639016372331
-2.15389964840408
2.04284392982454
-0.473780863544729
-0.961665590997426
-0.30237155020548
-0.591500369787136
-0.265690852624914
-0.550005706486243
0.283997570068531
0.109629665800661
-1.48886567105828
-0.887407778516038
-1.10288369051742
-1.31864812162575
-1.55947743302421
-1.14104518168154
0.384457760698356
-1.19981129452751
0.656624425829391
0.450850978063123
0.388636588376119
0.489356585420051
1.38263383547308
0.472444638295885
0.608231068268933
0.882641959663508
1.59010243116333
0.149897046610293
-0.66140338127405
0.450829445833942
-0.351454747843369
0.129561170544055
-1.57695445212313
1.21758441790424
-0.944997248501869
-0.313355096185003
-0.58957678157386
-0.690305409292042
0.296149663545853
-0.342886725005949
-0.924533210274861
-0.624018466208468
-0.538914916462236
0.247838845209137
0.233491985478716
-1.05118564236141
0.513072532786821
-0.22263799613262
-0.031080832958418
-0.434587091000405
-1.75159962175963
-1.22598216822122
-0.17246038041955
0.461255443897681
-0.966199888648575
1.2154758381016
-0.411856657048475
-0.780373733194442
0.460276204015768
-0.529829760224562
-0.548795368200907
0.835836481493743
0.185110857341299
-0.960736981756706
-0.803446288766943
-0.646833680132339
-1.9016399846331
-0.779226884749116
-0.00124801279661957
0.503763499605225
1.36778844202464
-0.253863073224066
-0.135883309336913
-1.8138207916357
0.294572015287684
-0.942234433438722
-1.36770983378179
-0.346579460457722
-0.853075617959389
-0.401705161147084
-0.314853785214416
1.13855412929875
-0.30963013787428
-0.29457939886747
0.600493521897387
0.826636290607771
-0.712742987932419
-0.785551344306441
-0.281774673260996
-0.352026285372637
0.371809806542695
-1.08249008771045
-1.48542800376602
0.642833219121104
1.92971975264578
-1.71187281159019
-0.596924044498463
-1.12914277911223
-1.18342581730221
0.788811834368677
-0.913718401846369
-1.54765720782439
-0.749651557793158
-1.61757967505118
-1.35207735385079
-1.09939866017463
-1.4101381778953
