0.152183366785692
0.611237321406176
0.149749568299543
-0.94804907157864
-0.838109459151405
-0.834884142967075
-0.705802263308103
-0.60187382876767
-0.0581141123378578
1.32066437545134
-1.31810992781014
0.249043926053774
-1.40888204147938
-0.102507629615898
0.975179772754404
1.16818447964649
1.00911534062505
-0.140668937992307
0.394794271380658
-1.02186860986225
-0.987494819009053
-0.0962175923542996
0.46644999634118
-1.34825918232948
-0.90436911807377
-2.00333027020528
-1.25477510008674
-1.00524671176659
-1.45942510033527
-1.34735365666409
-0.484318480388314
-0.956026726413624
-0.961183521498492
-0.861972994258764
-0.774986614494921
-0.630341482161752
-0.849489345252892
0.344897727630995
1.33023383210135
0.450986996366029
0.671673267270922
-0.474139196347127
0.720842652733528
1.2952079974247
1.29304661884469
-0.462028633952076
-0.490601341938711
0.0113869704044276
0.929739000705417
0.690389981258067
1.02164898937159
1.13518889065467
1.42207592770996
-0.0568171910156247
0.699046031298146
0.366135069014741
0.720688851837055
0.729757930167101
0.586569069432481
0.3521266917575
-0.177102488394148
-0.346500588624922
-1.16001164879718
-0.779720770771217
-0.99796713715236
0.568092302128035
0.398282544103151
1.03031672055841
-1.21761129201609
-0.392296090768337
-0.694155171113257
-1.02924094098371
-0.261347138694272
0.229791237383041
0.278530612476445
-0.378543075854607
1.29018731354219
-0.436815846835711
0.524777224200963
-1.08961765636882
-0.0536374721060685
0.184639604510862
0.921936931273288
-0.777130194191483
1.67247044653397
-0.557725865902519
0.378631795078339
1.42147557185583
-1.77250862403819
-1.10398242085931
0.0471389384490949
-0.389280504152196
-1.79461109794162
-1.75980210335056
0.881996691010721
0.84903577473141
1.15548753944348
1.17033976732543
0.794532224604075
-1.72318251522579
0.705217832233889
-0.530056645286147
1.03389946178174
1.89185247568132
-1.66672304740857
-2.28216331879704
-1.3886833779991
1.08260386704068
-1.04037280987636
0.144941734761324
-0.0813873638653981
-1.64091757809624
0.0729080964096065
-1.07239720494939
-1.26742234785288
-0.754426024432809
-1.51353253481768
-1.9771907378346
-0.997604689608052
-0.971504054625488
-1.95673537989323
-1.28002923595997
-0.897805723316825
0.851101488726864
-0.544794089214207
0.338245687712637
0.394220296667996
2.08794603782798
1.56977686095625
0.0245088517734934
0.515625917919524
-0.308674360860761
-1.95570586638285
-0.239260483067328
-1.08219403721706
0.393645979842066
1.03296776153592
-0.157710209887561
-0.365990288165914
1.41166999791287
1.35944443892986
-0.16799952630525
-0.166831937863824
-1.04138928897435
0.297730545721406
-0.682949489040583
0.152566213519011
1.34466411873012
0.782187173609645
1.40966013441334
1.86442425029088
-2.0352142902053
1.26202666666534
-0.169865964417467
0.0296399127429118
-2.0181370480868
-2.37753103549394
-0.103194596323629
0.277756353761465
1.25191813595155
-0.116509570551706
0.996802318303134
0.118630127548783
-1.91795317074628
0.530445470984415
0.809421095248749
0.264818845969802
0.676690172431424
1.08583977332575
-0.804404124604747
-1.34700378315785
0.33147368994323
0.636566234473789
-1.22603712171555
-0.851586802590751
-0.139872074856451
0.969745567223752
1.42717720555021
0.132906729121969
2.14865816833612
-0.0368201837387984
0.302381121519455
1.21172042232415
1.81206844455947
-0.756239326003761
-0.193415348684495
0.471220274685775
1.51829424586364
-0.404603045563273
0.266012946652596
1.74898147252525
1.15600851085413
0.109821189047847
0.966411632111418
0.817256130227414
0.563620006867438
0.585797980130786
-0.23177510927654
1.33188942003962
1.23616548381955
0.441662638946444
-0.477876734563605
0.966042071611811
0.574593821898744
0.982526513833108
1.16421667119312
-0.298636499074384
-0.547154653933426
-0.378623942675316
-0.0258296218296734
0.701383923073903
0.435511700468025
0.628952979482285
