-0.0391977902585929
0.012586198535708
0.0170915186371099
0.313223320773797
-0.226176781817474
0.0260277089742743
0.0441667957049773
0.109548058202019
0.0136456400581753
1.18201889108381
-0.389758608728588
0.381876314640862
-0.279100428997165
0.237614229326681
-0.00831339634053513
0.858211421091588
0.347744203143678
0.128654733068919
0.420829776503407
-0.255092993026436
-0.32943235583402
0.246323765350034
0.0705271014994168
-0.094430286539424
-0.330543692567884
-0.388352914623698
-0.38225048411496
0.523491548905261
-0.428573387590966
-0.270437882556701
0.329097126510126
0.174918904419346
-0.374698128323339
-0.373028018988939
0.180030984432866
-0.351127815210332
0.417721434222961
0.0258476466710002
1.37447033222888
0.0958718712987023
-0.608250135322656
0.800104046422297
0.572059530274175
2.00894077325864
0.577931216970903
-0.0266826875370849
0.211852653094341
0.522770357437782
0.010085617427612
-1.08077476799384
-0.733999762405839
-0.501670662989472
-0.794630905994376
-0.461199441011886
-0.714818033799796
0.257684892099583
-0.0912912193304029
-0.453188604551717
-1.81116583185854
-0.670819895100869
2.08990282991861
1.97811251744949
-1.11740348791778
0.423457214389151
1.81196767859769
1.67263534333404
1.12316187808479
1.57689232365028
0.0326829700851628
2.4260967560718
-0.996545808733133
0.654399532134007
2.05398436020478
-1.57948657936128
-1.15752907982094
1.20017425485175
2.15486251547823
-0.553486135069803
-0.136043099375419
1.50531687638187
-0.469063108997321
-0.956406065399401
0.368612736322507
-1.30480809745814
0.0763794686668345
0.745644254622722
0.353128620652516
-0.265662726390138
-1.78973674669746
-1.8164940932722
-2.18657212264076
-0.434305221735128
0.670725841119725
0.725086643188183
-0.676194106960182
-1.14625931881385
-0.672729309028807
1.28824288605743
-1.20493939188777
0.253319936493885
-1.06569238753897
-1.50115473085194
-1.76629981399843
1.95934815519014
-0.31778358198081
-1.5599981818246
-1.01297591814309
-0.626036000802308
0.351917361918242
2.14819744969824
1.38885893044551
0.924220449263008
-1.28593511045645
1.3658915244737
0.22695075459251
-0.376961518146832
-1.15550971746798
-0.293853657983988
0.539586518157781
-0.787899034562023
-0.772461552200864
-2.16014851382198
1.18721913542105
1.02212977923287
1.60393151510394
0.911885876861172
0.0505768758698483
1.01734684536468
0.238374350712006
1.69904528487218
1.38819841433873
0.550364799620252
1.43534531057922
1.48356264391674
0.501633455721991
1.99848349534625
-0.943433009425482
0.795232077288128
0.492072142539019
0.0579915796471552
-0.293321481912077
1.28502486263312
-1.24749789625611
-1.54396845580417
0.854134797204538
0.467524722651612
-0.353311549181778
0.750045247350689
0.211077625910575
-1.25443113103283
0.0361254510557702
-1.25200502917531
-0.0907502331742758
-0.620903543870638
0.822134842615677
-0.359463674140858
-0.924155413578042
-0.851579661357106
1.19710558891949
1.44250903382817
-0.719299490954243
-0.872037851350323
-0.908277509776129
-0.628496791976319
2.04432902935902
0.346832276547106
0.810610701914748
1.10225993900859
-1.5844648561687
-0.0620858271513871
-0.64057334063357
-1.04132187544112
-2.97905789162048
0.397983105519092
-0.710805794956156
-0.10721216121023
-0.303070910968105
0.783495701024841
-0.35826858748789
-1.2075856446939
-0.635962570627521
-0.228918749159707
-2.02395915769315
0.63317029493029
-0.600095019615589
-1.05941701280838
0.244293290205032
1.14565959729778
-0.279058064735584
-1.89469111303786
-0.361423668165964
-0.0173708201271407
-1.13556274881398
-0.240032924884938
-2.7997938321001
-1.10588211382543
0.193884092637281
0.801082042285284
-0.363928492339644
-0.212962830677923
-0.705781544780316
0.242613976454856
0.0870161449929279
-0.231740068765486
0.848671442665723
1.7494991489818
0.398976160248424
-0.30930913503547
-0.753111062127982
0.41294844170952
-0.180587314629426
1.00694495441049
-0.719724298557021
