1.64477702597245
1.26365891785579
0.619268642174339
0.700734703479116
0.889355334408638
1.6431039151993
1.55611506439287
1.30586906551913
0.705542301094961
0.930554718672373
0.811638484395568
1.03220659696159
1.54855403474658
1.68162711926842
1.21357151252171
1.09299566363921
1.19094624412585
1.38138673353581
1.12062906215344
1.65250877450722
1.34978386856569
1.23460661324585
1.31177665815125
1.41867234673317
1.55386065954908
1.56848439735573
1.53750784537295
1.53039785594285
1.59195750983138
1.29331049814302
1.24894661367091
0.646207999582926
1.73442645006895
1.73789849453217
1.91612270801361
1.24351460192923
1.32025950313146
0.581987082050834
2.0013701784415
1.17378750516009
0.167536821138793
0.615499888497466
1.1043855390289
0.737799203083111
-0.113512714616817
-0.309903496112461
0.737372515290427
0.882201138245589
1.08780719977956
0.444720422013374
0.0876565882151806
-1.72561181571972
-2.00797848742682
0.73850096458303
-0.0661687697010865
0.289748542551102
0.810698409247689
0.638145975398743
0.594911390188735
0.741635080922623
0.445876509069128
1.45361679627197
0.611297046512419
0.946205254056853
1.09635943262683
-0.152980903747109
-0.166106574760203
0.243812433970979
-0.264701430772081
-0.493475526335316
0.0448478585551394
-0.749854353868632
1.16183966813098
-1.58981315208704
0.447769685217324
-0.602032550155388
0.582928105729521
-1.33383520429391
-1.01561481466531
-1.05602534425422
-1.79017367453641
-2.13924427853045
-0.553949865528043
0.568598001149074
-0.450675174356472
-1.26400570248991
0.0945828198206352
-1.08344477291047
0.540754432836829
0.0943336123709696
0.478611171790045
0.877067122502978
0.470912033824888
-0.142436794812612
0.724319153276576
-0.199665355699751
0.0105789429167407
0.277017799272701
-0.259435170166716
0.38097265692209
-0.634019963801092
-0.331944773529366
-0.463248821469533
-0.331582003084985
-0.193771085159944
0.519364786352464
-0.00350440689494058
-0.413065411675784
0.638392541117596
0.569711108396745
1.1624228966758
1.0214168806537
-0.354793413168583
0.370261912784891
-0.447734336102166
-0.322236801874995
-0.368480512568976
0.674734620683313
0.181519420853046
0.33253791956987
0.500306628297801
-0.423090861787769
0.608426124866967
-1.95893997039937
0.0398997156752285
-0.467104492078958
-0.844252382629811
-0.552368090181239
0.882915223286588
-0.141867799351569
-0.578180337518132
0.491347920551961
0.135519146359809
0.251723931995996
-0.612690362552323
-0.33367735424606
-1.76394371465855
0.861581184884814
-0.740894657083707
-0.0271174394461298
-2.62663596865605
-0.501805610202403
0.310652022200641
-2.57742795897732
-1.04643821806999
-0.313418781814247
-0.213203244890337
-0.835672418865343
-0.438652485240076
-0.0250794405694098
0.162958551083507
-0.556523747236444
0.248627410109791
-0.0418062000759216
-0.156840929001918
-0.772737965043123
-0.0267096644907106
-1.29428629454271
0.155621483904284
0.543836237783751
-0.829707685799769
-1.15208993207933
-0.664326994496814
-0.291907775177932
-0.168614812261837
-1.01148885278662
-0.513656217081106
-0.631282199822889
-0.410590625040501
-1.16978469324115
-0.665174445099071
-0.886823573480992
-1.87638947809982
-0.632661924490164
-0.373223105946161
-2.07699471225865
-0.995067293974614
-0.710834730833698
-1.08457731248375
-1.35061003658544
-1.34534576118234
-0.434723924320152
-1.10553398699621
-0.780249900510932
-0.426690250962986
-1.39097467339619
-0.709621287778597
-0.730314347207095
-1.07981800801178
-1.43422221901899
-1.40314029385642
-1.32734560209584
-1.28546189236672
-0.526307355007558
-0.163778723425864
-0.118593926294861
-0.542032108105458
-1.08640878269884
-1.56998236409309
-3.79814507987678
-2.05371521347097
0.259779645508613
0.0849927753273189
0.326154213094354
0.263918388887354
-0.1919953602083
-0.241215524328761
-0.272381030854612
-0.096309062042629
0.704632175430406
-0.104581333347394
-0.164070932357655
-0.368939194098421
