-1.05869210169392
-0.918032141187304
-0.481225960869285
0.304674110396311
-0.17670023465982
-0.952748562421138
-0.842540842623863
-0.748500981140422
-0.143726016553624
2.179332087433
-0.411111573278012
-1.2089359767451
-1.3359273528804
-1.00226913194216
0.903031258812288
1.23268767878314
2.32196988114056
-0.0431159188672072
-1.33233992423086
-1.02246840627758
-0.382680489826753
-0.473238869849032
-0.437768685032172
-1.32459921426287
-1.18117153850379
-1.36509788450439
-1.12025601082184
-1.0588781449066
-1.31950898217946
-0.446548107094601
-0.037804822717177
0.0954136800676488
-1.14726025194104
-0.917598076946603
0.408135960980095
-0.697909118984176
-0.626395647352226
-0.174595305290193
3.78997809613875
2.11142194867072
1.24947962779551
-1.21842656152364
-0.660326077265482
2.81617880419655
1.07766741170245
0.0956172180266993
0.580875237421773
-0.601621107923173
0.90222254466146
-1.37621463560182
-2.09071076558213
-1.17319866950134
-0.921942365506574
-0.0329910340765764
-0.465968075895621
0.981281603220319
0.753200042986004
0.448735506120967
-0.785967623540723
-0.218417251696165
0.614882208249146
1.41832107678107
1.14385635190958
1.00596725645351
1.37811564312577
0.340499098441998
-0.936577997994134
1.4182927922937
1.89561893225681
1.578327208943
1.24735365010395
1.23177973818243
1.80028424920541
-0.111696719268142
0.824469170865304
-0.857451148408024
0.539342981382036
0.613908365322299
-0.869101831795418
0.237280850639486
0.211516918719504
0.178562416927974
0.487537494480118
0.0152411449245129
0.497490951426451
1.01385151210701
-1.20994197385377
-0.101503708266832
-1.71291971497606
-1.32764383602367
-0.800865389554537
-0.913314012886832
-1.19661420896515
-1.29397910345487
-1.27115176746533
-1.30394479593892
-0.378498079417389
1.30462418480858
-1.60684567389163
-0.541140737974625
-0.609608652595191
-0.321212713357055
-0.698370676768218
1.73810965044831
-0.864583593514974
-1.89265413684138
0.360454609187025
0.801212436470423
-0.456145730020151
0.702989685785907
-0.169099210177733
-1.40023622871514
-0.186763963534404
-1.15130897548656
-1.36314636705022
-0.979694785215322
-0.180348850678405
-0.970726594275148
-0.84630116602352
-1.03360988309993
-1.38792245882454
-1.73623305325157
-0.487723196918778
-0.0574926050179811
0.124034144589782
0.422699666670832
0.676435076627453
-0.803310515187703
-0.578943822583871
-0.247018918169899
-0.304774833191818
0.45334837261026
-0.146896165085782
-0.116192447439537
0.229981096199899
-0.693187346725002
-1.14194004915222
-1.02442007520155
1.10745759144642
0.844244511048095
-0.0624818235258909
-0.0709230030161705
-0.546876154263827
1.17111769549968
0.267098974357265
1.8721521631213
-0.355128789910639
-0.0861511434549967
-0.304903679376857
1.75291744045175
-0.511543608362179
0.782709881173526
0.669821414995652
0.235821805467454
0.643670218002046
0.494288275202423
1.57577038657733
1.28823387256562
0.981075455810257
1.2866164823227
1.83301447152222
1.65048551579873
1.54282251830221
1.74881665945559
1.78439992762557
1.00246815041082
1.36048239956799
1.49729786997326
-0.10515149807254
0.173598875467726
0.721937130960748
0.112139596147292
0.386348069756916
1.24350004705299
1.36393888988396
0.05969257214961
0.605584487755606
0.0243434463585212
0.0892930393536625
-0.352998584214254
0.264608177862963
-0.22557709057219
-0.44917793715546
0.724637349497871
0.308073070779314
0.049137872928997
-0.0787798965690808
0.757975040341161
0.103840807583587
-0.170426457519718
0.333085080374486
-0.206675412617806
0.337192565070612
-0.121781110920711
-0.0403661573199239
0.0988759487682996
-0.101039221445831
0.704041586126322
-0.523696406417196
0.3490768121636
0.616647099707717
-1.12312447504376
-0.735384017818431
-0.636636412446852
-0.412973447281839
-1.21782481138385
-1.1959819882408
-1.49852499078066
-1.15600930884718
-0.798723357143908
0.0595422845079912
-0.00527715356581204
-0.325559070767395
