-0.285711299659009
-0.952023670645524
0.315664315332412
-0.309617440385475
0.366023797762378
-0.0228276606804722
-0.165161222214426
-0.206390481891682
0.30002053659053
0.455907084926945
-0.31109345730329
0.60425896646024
-0.0845086693206599
0.237458486679711
1.15040512020145
0.814480700585295
1.16428107286414
-0.0689124352233532
0.956074698383773
-0.269801227003721
-0.188079034515601
0.375268185619579
0.388658721482016
0.221748191227023
-0.0802290416850422
-0.107694629864132
-0.0991783710118731
0.22991494155449
-0.166195612195805
-0.36358076325002
0.0922039423231705
-0.69837810521321
0.161334137596458
-0.263463204420385
0.56048097095522
0.384769375935394
0.623362890813611
0.477307972467851
-0.741659042826999
1.36552964838039
1.52711767024293
0.425065775509723
0.617263142284849
0.276245407039366
-0.28831211895688
-0.330650816952576
0.316632773247353
-0.509499179165935
1.16785916884732
0.856405738250708
1.7767201840751
2.23524253734008
1.4545113524973
0.59714407477149
1.35267229617235
0.629763921186925
0.376634868553571
0.704555424883365
1.98000486860931
0.916163310011513
-0.752629581360607
-0.471387458502597
0.736536639583995
0.486984867434525
-0.789655691210377
-0.947024708072642
0.610164206271404
-1.36090218385232
-0.62027364374926
-1.59944873934294
-0.591936025736729
-1.62807365671658
-1.5175475702064
-1.74184066029469
-1.26197736597745
-1.83815439214123
-0.928310225444078
-0.0796453682610763
-1.29208385419583
-2.05260399602911
-1.19309613060675
-0.752289430332431
-0.930727150541429
-0.649707943904523
-0.835322110648155
-0.991894036285715
-1.66584208961482
1.66658954971127
-0.814125126064471
-1.2924376952779
0.0382497119849186
1.1522137060459
0.824290559117362
0.379028212725493
2.04228469602713
1.88707101420138
0.607734495399852
-0.338554684316069
0.811380318262137
1.15239503632204
0.932492796333941
1.0774521261365
0.813103161579607
-0.270237314503513
0.531147023965954
1.03271396208658
0.38168436938254
-0.0833150732359195
-0.732439731687371
0.102464194418367
0.194186567516867
-0.340875025200292
0.341384995102829
0.839272075986183
-1.04437809095135
0.402203283027531
0.452108444954486
2.41921864031262
1.30058209651476
1.74912900899415
2.14129944563536
1.6910812618056
-1.02521076058391
-0.918502858617
-1.50609100790029
-1.4748954501898
-1.46967139748128
-1.18853344514434
-1.32708305997065
-2.15418185254515
-1.55922069675137
-1.32072173954321
-1.43396403792002
-0.744350029039419
-0.652171900488866
-2.18768705909308
-1.32066716639465
-1.27382306985757
-0.897691599350769
-1.55830913130627
-1.77556822775631
-1.86600128661188
-0.0438690175860545
-0.50116645562679
-0.303573156835576
-0.778401555188219
1.03080123288211
1.12684495761721
0.576180284447458
-0.919296081946994
-0.267292459000668
-0.723567527787135
-0.137929959989735
-0.637233133731447
-0.568947680212399
-0.446040385759124
-0.706375939356454
-1.02795026968879
-0.39976234133768
0.59316519220398
-1.62723118178662
-0.750754941411894
-1.16969085583836
-0.423822832605371
-0.213208039125743
-0.204239914011707
-0.00117940131626404
0.0672173067983454
-1.16298061712917
0.234697257732465
0.536389146850242
0.202952663795488
1.01451917799013
-0.367096029335015
-0.68648083612046
0.495223334590196
-1.31570954498199
1.28488244580163
-0.508463112573057
-1.57035107788872
-0.648898628973297
1.4076435037916
-0.332773309231763
1.07401633188831
-0.970808066725605
-1.12684305162793
1.49191956578496
0.265940471835366
0.0321074558377357
-0.212315674947242
0.87085044134725
0.81758967822527
1.11705995034262
0.0695872333723356
-0.743963985877372
-0.810416887085193
0.936185765057737
1.67443030199546
0.540644865148767
1.43664518171641
0.316390744768059
1.1226302270821
1.63922666781277
1.06289194695392
1.34834453242502
0.524035627951566
1.02857980148968
1.13281786478803
1.83558935869303
1.33040730739536
0.920679475884336
-0.269118180286502
-0.256887892680707
