1.19710447560508
1.1325349996654
0.813458698661029
1.20035310568195
0.472843679351874
0.781959971528401
0.731537981539949
0.576666371888006
1.30231751502354
0.772251094966506
0.566431880582323
0.353413172541053
0.937522202329297
0.853222008379172
0.645634935931752
0.796919765318327
0.834291282595952
1.21269312137988
0.577169433249141
0.833536590431784
0.795855365391326
0.648113337826244
0.16615306760975
0.592151133166938
1.10550733625879
0.706758048130248
0.685484218565293
0.999433690750027
0.867623821118147
0.50299593286681
0.993188119396653
0.919918749220888
1.27155559357608
1.18651562581027
1.12819526573524
1.27854494159141
1.63394085531631
1.02537782377521
2.03049463377358
1.95020137280746
-0.753376351727666
1.34159994443546
0.676412459503814
1.31003100002377
0.355659376133281
1.05783098278877
1.23115767750552
1.66171169501713
1.40784100562798
0.0109174885881051
1.22608809181846
1.26342330914644
1.27949234307624
0.964852737360861
-0.0487070061887614
0.100537071624751
0.279885687706208
-0.115237623744495
-1.50835379870099
-0.228722722246346
0.978964444759872
1.65342290716206
-1.17528728247915
-0.239926833216632
0.94234826788567
-1.22889482329488
2.3370460408611
0.516164316856644
-1.17310451957185
-0.0545566220411369
-1.68798373059081
-0.835824103300484
-0.0966350648187015
-0.466253058490287
-0.656342215801659
-0.678404686454978
0.434201850806055
-1.4138502409516
-0.907203515045671
-0.225677501099986
-1.41507121645542
-1.62589044782744
-0.125390835990407
0.170530098251099
-0.718166989225828
-0.560923757833901
-1.23335339083473
0.722921204173278
0.503230187313514
0.11311283407125
0.243236983930887
-1.00659005092497
0.207019546601831
-0.713859505129084
-0.448710523428512
-0.271949696224548
-0.136433870087644
-1.25550305519784
-0.973904388618305
-0.207397899902863
-0.952145510956348
-2.16163663363667
-1.59859550620003
-0.142868157234046
-1.59587616268977
-1.7402809345888
-1.11393953129371
-1.02066290007625
-0.454275286147445
-0.0964445392062374
0.117674687723468
-0.420730264626317
-0.886785374321875
-0.74305864956474
-2.00933734917641
-2.40471451644129
-1.47957674532228
-0.250673264343588
-0.677834528190888
-1.13857403294686
-1.47101858175854
-2.87614077096903
0.649652062589662
-1.59401201115131
-0.317954192999643
-0.133914680045734
-0.0467770206109163
-0.921680814195845
-1.07809899148844
0.798948162224896
0.0642790503168804
-0.915861192918367
-0.805261126083789
0.320081995019143
-0.614860802270185
0.929896816124394
-1.01196189177689
0.692512344059664
-1.14900304949997
-1.3382303483581
-1.59962215275326
-1.06218139879226
-0.951719940334133
-2.77341501691109
0.106481593467945
0.124262463176623
0.347434409155507
0.578652116755064
-0.00821920980082878
-0.918022867805298
-1.83174796735477
-1.13129761678771
-0.950341508424017
-0.85939999245846
0.23905529213267
0.015578991935732
-1.62620688098858
-1.54816165746161
-0.24759888711515
0.203733797438146
-1.90503030993119
-2.24253349006775
-1.44878544326515
0.235451020910171
0.722259502700731
-0.822634299847265
0.555716872936586
0.662097849285402
0.360226618216293
0.198044492488726
-0.629092631191879
0.170269585372719
-0.131968156969126
0.412576051503669
0.511352194023695
0.132269935109026
0.173754705706156
0.767139441301573
-0.330748485209255
0.388206091733638
-0.134815701859617
-0.245699723891714
0.453689484473059
0.424930798698778
-0.914395907123452
-0.497530969603431
0.239293741704556
0.941420347572234
0.278419541205568
-0.683026671115836
-0.201150577649945
-0.052295103986114
-0.160759637702851
0.3702185078342
-0.53295755062306
0.474501911250984
0.278614336672407
-0.100015682254656
-0.612355180336234
0.0664830698192646
0.114762401449911
1.70137820181452
0.278377523568411
0.845467662487792
1.66035758904804
0.979429703893491
1.2713001185789
1.61319025267888
1.90945554012569
1.22750219777174
0.702543587348053
0.57289347335111
-0.447345598969315
