1.43794164700312
1.44632075923284
0.708710922306738
1.38091156352746
0.534991813992476
1.54508926797541
1.35372211782195
1.60974407604554
1.15566853151328
0.380183353596114
0.710895996344588
1.24062967971612
0.594397008139402
0.938216902100978
0.440235848449567
1.1289812814087
0.824201523793673
1.57896040799807
0.850966880194414
0.684442825195307
-0.0796373993468383
0.841088004801414
0.70899942231952
1.00349097333195
0.592313219687117
0.624059334793743
0.883315684710138
0.483668918689441
0.391622710480706
1.48165395381719
1.28687488993269
1.4281733460041
1.40467014508587
0.480801348787992
1.41396839741794
0.207929413641772
0.374714444727969
-0.391789329274509
0.750609746049283
0.205109495332871
0.151732283597797
-0.506603963702699
1.18912382496395
0.488158787452356
0.364325169250301
-0.526658269271012
0.47249065334692
0.622902982339282
1.04672605608741
0.359286539154322
0.296754858012456
0.513549048060994
0.640903147996309
1.65041769223762
0.272715447815733
0.0903460286669424
-0.412478442200852
-0.785980955617686
-0.0765271596331085
0.708002988994629
0.351572749115599
-0.498076989339804
0.429973790213928
0.372909528089624
0.258253134474726
1.03682780436362
0.119440842634307
-0.382926747748618
0.140554084579807
-0.442444865441022
-0.38582730158871
-0.452548833833816
-0.515580295876583
0.59787877500992
0.124686563909418
0.864294536836305
-0.833330344607762
-0.462910096801175
0.405857944278514
-0.384278014690165
-0.514213288822309
-1.3379088686618
-0.916734055743272
-1.41390000208063
-0.0783568668916374
-0.772210174263499
-0.153202560183153
-0.357108694238895
0.255121247441091
0.520646089858216
-0.843110017772303
-0.0970880154047941
0.312522941638317
0.392393467061641
0.0514208102034567
0.0693786859502885
-0.402469998208821
1.31986202348539
-0.0834632563055407
1.27903822767018
-1.39011399517274
-0.223211329903008
-1.25488040015127
2.02185346660658
0.913791723728405
-0.276882795634624
-1.48455707118694
-0.573624363019334
0.204055368109561
0.368881359497732
-0.213569811918199
0.0557032845990956
-0.678380052255341
1.54596430207759
-0.122986551459075
1.29413843120057
-0.394601709296247
-0.236489374269301
0.641869219686507
0.455668372535273
0.316703264720279
0.87625253691598
0.848219019355307
-1.94140185824412
0.513154743541297
-0.649191902152074
-0.465833332997292
-2.23606409700064
0.803525264379126
-0.161974624884051
0.364242417303364
0.805413377825057
1.75501349417527
-1.18156686320605
0.0309661553617295
-4.0069836380219
-0.224215874543716
-1.91406073197983
-1.59181265794614
1.24889072905703
-1.09826177979044
0.677266772066892
-0.773800478109867
-1.2001678080524
-0.784541526933716
0.769764230006371
-0.309848205734174
0.440024772904037
-0.756143417647001
-0.239654127290754
1.70213263757667
-0.577931816854637
-0.590610812477718
0.0169645246692562
0.442930043115723
-0.883246172225414
-0.274346034904111
-0.945498436084982
-0.274209670467599
0.377831517602573
-1.02289920551145
-1.10361413902117
0.651495303402882
-0.626430371673598
0.543376800717641
-1.18393048005626
-0.457873451317687
0.517002897079374
-1.26917850753249
0.71231367041118
-0.0951153443438719
-1.63046908604537
-4.68809641834663
-0.664277961742265
0.0458979778007537
-0.957093499558984
-0.719461597267016
-1.27490840133576
0.65150928922604
-0.367980482570892
-0.771845043505865
0.598869514273972
-1.75625033465443
0.197935850036729
0.116292029685647
0.258487941120531
0.342902417336892
1.03810679130329
0.0344168854387276
0.196944219938737
-1.41648339423289
0.605740738711849
0.765600837480685
0.588931297528337
-0.361881382962937
-1.09099595137349
-1.24477677552633
-0.228770995837962
-2.93330698113505
-2.0288090363614
0.827450934198781
-0.844644569638252
-0.229520948310132
-0.192666109559619
-3.18183228717279
0.715293692912114
-1.48413315023745
-1.36936599482823
-0.00657512079800331
-1.08207288129735
-0.551635188820042
-0.561668500568481
-0.341543005470484
