0.226121582250114
0.15468578594536
-0.156236146393932
-0.446162406087851
-0.27992077248751
-0.66673451923316
-0.381109908292174
-0.36648207014347
0.123108289735902
0.992557060750585
-0.161121651763566
0.205100595519513
-0.158445633881145
0.0461966540390698
-0.18322147087102
0.822609386453477
0.849432054147602
-0.564524095465969
0.22212467326965
-1.02880260541376
0.237060047609756
0.208012705209387
-0.208486631656633
-1.08700626089203
-0.113749951529464
0.394573146647556
-0.0850678515643108
-1.14418863963415
-0.204798916063281
-0.616474579438249
-0.375534670398485
-0.860266082827322
-0.225727596606122
0.0461747535412708
0.122710545371123
0.0409738362466844
-0.203083348850286
0.132850342193157
0.362774831788544
-0.713102759881227
0.184551386713448
0.877582932684447
-0.0462452461081389
-0.0344279464802884
-0.27520383410908
-0.14123598211704
-0.438670319542511
-1.11332558994472
-0.00227901884556307
-0.307165323555009
-0.739418216095662
2.25873284069651
-0.14650403825636
-1.24308424904666
-1.40735837817125
-2.04864349195086
-1.34994831758011
-1.86995839018966
-1.56477133136546
0.245462078647011
0.386179525107557
1.68715570004156
-0.777743322708877
-1.12825718421054
-0.144506383724363
-0.312092592563363
2.83950273556318
0.258916305891043
-0.673566816513353
1.04042738473996
-1.13015624192443
-1.13217705429488
1.75358043241061
0.356899454287474
0.360496258886349
1.83704835518159
2.38090437987871
-0.132086547152769
0.293828081665944
1.05151040707849
-1.18402633748891
-0.991710097267427
0.244482262103955
-1.34549122598873
0.410275149407668
-0.0586314788893785
0.110018068882053
0.798892028812808
-1.18472310393456
-0.669496363835189
-0.0931770526647678
-0.697412641167596
-0.567450158913289
-1.4826280366423
-0.161823096469187
-1.07477258485823
-0.392702170015056
-0.554497975289296
-1.15020641563719
-1.40903394132721
-1.50830278163823
-1.27735168135262
-0.658154495018384
1.96710138692955
-1.14252866039166
-1.07158555265794
-1.73804230210156
0.652099016393681
0.416233218107495
-0.484997440856134
0.279458597135441
-0.632825215960572
-0.397209516420805
-0.64781387538989
0.853552260372792
0.467713590981778
0.278968204864639
-0.516304345993823
-0.586436273775293
-0.528439299742518
-0.0972819691290631
-0.933613596923828
-0.463858126195458
3.57232233261953
2.94017321764279
1.42169153658609
-0.738705228633507
1.24857185391481
0.124832932763772
-0.370544043425467
-0.161577547495889
1.08167485697258
0.140535170474854
0.943341546283439
2.51411541103391
0.0255659545216443
-0.128785843263715
0.214810164616271
-0.364858113473454
0.594170135053796
1.1108279414298
1.81849930906886
-1.58113560751832
-1.45183574028232
-0.340173936448222
-0.11809042845241
-0.63684575599653
0.699880795503685
-0.370222462624365
-0.169244284080655
0.548594522866133
-0.758726332043218
-1.31080432317209
-0.025682208245926
0.103810420719731
-0.926487995549773
-0.0266992530124964
-1.1716710317343
-1.02001982402321
0.903196623290428
-1.07407104718738
-0.519869619043613
-0.507246034186839
-2.86174337262938
-0.111557050282444
-0.522693065592723
0.571204109812335
0.608043206477581
0.408763284105095
-1.04281576889426
-1.60979184076833
0.0156313959211573
-1.42147507406994
0.373050850777212
-1.87786223714336
-0.785258665135569
1.13103371783769
1.41018272340414
-0.12780137475683
0.997028038093159
0.89728630780895
0.855511681039599
1.3478614933262
0.0520744459508204
1.51150951871242
1.97929468271168
0.9403556357407
1.03551205316654
0.27681326091627
-0.935148982194716
-0.639385271474216
0.309274401954
-1.67900746479842
0.98240184316812
1.61042016080467
0.768269548761198
0.14591328147942
0.602999442649613
-0.0708607616830153
0.679336690816097
1.50809171186313
0.8047710135956
0.254453892644232
0.341741473341866
1.24783379211387
2.18480015292452
1.47297151920776
0.314584062045637
0.941700149611433
0.807291879129131
0.352341016884858
1.54888753750588
0.775806753229854
