0.0529318664092549
0.423282379934484
-0.314460886858599
-1.69068430146448
-1.36336336538641
-0.855659821327097
-0.263629575865467
0.903727136578827
0.313355825133799
0.1538338046005
-0.525268527003216
-0.269612195176909
0.0841579688627335
0.0702104537488187
0.694069956315561
0.328856054519852
0.707843479289065
-2.63372891918165
-1.03476145786067
-0.22802465440841
-0.287321682518694
0.356255187996892
0.475186244090597
0.588185574733105
0.295571095314313
0.3860249689982
0.395858657825238
0.0808993837373117
0.2918196195415
0.175450055452608
0.118390073155589
-0.528683032135285
-0.0282905638182299
-0.991716349527668
0.502031496747354
-0.279219800061786
-0.0758474909653428
-0.280977781817384
-0.27062490387139
-0.0051776922352982
-1.96451174860302
-2.16091016935345
0.36826031828526
-0.0523053104463943
-0.98724872267188
-1.8916962820092
-1.59429805654615
-2.34903013724424
1.24217523959737
-0.757700924395582
-0.620534938036731
-0.206887892990288
-0.254976224574823
-0.699640147517283
-0.242620056115761
-0.0791908384635198
-0.302945072382498
-0.1419676847698
-0.257890334162753
-0.646842837392099
-1.60949469701571
-1.92180915502084
-1.34379531650233
-1.89618348638717
-1.65972148766034
-1.63047325391514
-1.5421165302682
-0.0796379893018271
-1.29528273352845
-1.12792620393905
-0.331650702203951
-1.94970883280828
-1.96169915296825
-0.717299967296808
-0.550892960247298
-1.51031459218275
-0.641272228379724
-1.51866588620029
-0.736821884553938
-1.43075736790538
0.623368019897971
-0.132336206086904
-0.275477652150309
0.117329666401429
-0.341162065634624
-0.850395043470857
-1.27352069673611
1.29481644808921
-0.315570946541976
-0.642681234510323
0.581533677783965
1.29218140072238
-0.580798071127533
-0.552852450350419
1.14125860195078
0.748732217194746
0.639034098869861
0.484544924593182
0.807202038956376
0.628263571476129
-0.258979700844023
0.150826242898563
-0.378138306961225
-0.24103986298244
0.837389124020714
1.31761678618622
0.111180844365833
-0.129958242837145
-0.430311273804804
-0.426824510907774
-1.29783068879245
-1.18668333828582
0.370841848181848
-0.142149486843819
-1.26549157107038
-0.294821277734268
1.04412772314654
0.895469190445892
0.312751722635261
0.92085149649875
1.28094087157748
1.20882714422238
-1.07857054207328
0.91535069127591
-0.881301757397411
-0.918091983748498
-0.609814878147073
-1.25445956954215
-1.48832339030505
-0.551193037652371
-0.426746505002003
-0.838277483516216
-1.87096644575342
-2.11632024311211
-0.641718512027209
-1.48172584900849
-1.3561593451402
-2.55471342699836
-0.39714340262262
-0.533364382282114
-1.40833273510409
-1.26147120106207
0.308322954618549
-0.40550167575349
1.06443034981443
0.378032079353261
1.07505354807929
0.698571271453033
0.989775307449022
-0.529799252327648
-0.615155745804313
0.928798085918251
0.694283685195331
0.461951571258804
0.6766849608834
0.864959767631108
1.34039804117672
1.14410346200381
0.840251433276617
0.234941734823587
0.133412989147152
0.00813398949412381
0.0730279136420821
-0.261411090163604
0.734647671997615
0.365604615107612
0.860386941783477
0.806025807584093
-0.53873233021687
1.46126403582446
0.911759456242003
0.674806451315796
-0.285500920032375
1.09046512393972
1.40190622882274
1.35926584757587
1.61837918604313
1.09837861984163
1.49233678796928
0.355798627628933
1.21953058930756
1.81030104973118
0.527228680202133
0.972751980828264
0.863002661101079
1.36414141489185
1.1885431469683
1.4865863881501
1.2575441685507
1.22992807681939
1.08162947433812
1.15652351814433
1.23034948072291
1.82405780585806
1.54014417669986
1.52488692591861
1.43989567431809
1.28778754865538
0.529218345425757
0.270161926285064
1.5181356307888
0.588843280922029
0.852295775683456
0.919404543720115
0.412584053886487
1.29757548713637
0.150640376553286
0.697237258290898
0.794716110241811
0.42861221024234
1.40280016217336
1.00582682349256
1.16373465470862
