1.34051491278419
0.874131321187831
0.973290688083695
0.365748246995049
0.731661668128322
1.17167055488443
1.37073665419448
1.39206532442487
1.06974664695073
1.50012705182872
0.836191885797915
1.26425801539284
1.04591374860624
1.0736359337535
1.24085228745038
1.07930132597534
1.16253385184081
1.26760077927416
1.481751903003
0.820694353794935
0.396580070425699
0.736694375381934
0.438619161941695
0.758952281988316
0.86199373467184
0.920136754478174
0.660163057192838
1.01624676814865
0.732157213509908
0.838205205974128
1.260111384962
0.909017143276143
1.0838922065678
0.660082005323371
1.08158634707237
0.731295702168818
0.617828119236438
0.412584790735547
1.26137940023226
0.67242873276769
-0.684395541697444
0.479422563298911
1.070113843413
0.931882387898925
0.139315945370631
-0.333651930823788
0.90371221490946
0.979979757419311
1.12071783826445
-0.512665376798046
-1.21139535748871
-0.218127202242621
-0.834532144012907
0.665441152684509
-0.600220051734185
-0.653879823212365
-0.699871085148246
-0.819267217609512
0.189668242331207
0.6829216039373
1.03261299272852
-0.637077280631114
0.543937485556325
-0.23352579515532
0.168126684219263
1.45582142930629
0.0329298394473262
0.665848119952329
-0.833109935356886
-0.0700337659413625
-0.471698597943841
-0.8231649197224
-0.566490385491736
0.637696928657476
-0.244541755350447
-1.2582165128249
-0.305176845266401
-1.02195698253176
-0.318184309389974
-1.60954644110022
-0.203560743533488
0.298396900172125
1.06975424522041
0.535966643889749
1.00488739923378
-0.30432524953863
-1.41150190146274
1.07671241244072
-1.84859796342001
-1.54790882140109
-0.54139178511638
-1.03409762350303
-0.304831533274807
-0.554102707897328
-1.25675272571989
-2.07514713951372
-2.29310420267729
-1.12805063793396
-2.16842199610475
-1.03840945865679
-1.74855601059956
-2.55114305717462
-1.16742154524809
0.00086539721097206
-0.74341950322973
-2.98492294694814
-2.07325544637718
-0.799994671633195
-1.24611336403129
-0.43140443871372
-0.0941459446237422
-1.01648374453128
-2.33650258270578
-0.598148034592476
-0.804038710988321
-0.125788937357147
-1.73008593567568
-1.77302192247946
-0.629069488751384
-2.56966708041093
-2.50667626250927
-1.5968844252833
-1.53418200395565
0.347913750096152
0.170456235488972
-0.0801766878489784
0.0589272075029367
0.263458177729826
-0.33190980785898
-1.17317985729648
-0.62168747889162
-0.527055544504156
0.0636447195098507
0.444977235293069
1.08896751387225
-1.04397775265604
-1.58816014512012
-0.277753700120918
-0.84255520101611
-0.209848564851716
0.231351679984983
-0.562205758043875
-1.92402769808408
0.266051384168652
-0.0826885500135751
1.52544433860599
-1.30718471501646
-0.570438135255083
-0.951825800079415
0.054375478274497
-0.426384436421138
-0.900827629436794
-0.923709930267863
-0.93961956013839
-0.124753352753846
0.537196865200934
0.781131050354523
0.479638611166468
-0.25104137283565
0.326752067193613
0.767875317033355
0.0610711594218686
0.728710906050206
0.6906371364607
-0.0149759101443832
-0.40420877712823
0.84520039808918
1.12223371907711
-0.669604840933206
0.358668561051873
-0.188157331810049
-0.0350525084123144
-0.870143749893997
0.751667838060672
0.889664666431353
1.5708158722154
1.29721532440704
-0.252004187156852
1.03869442259128
1.87019301025223
0.528653616236317
0.33307113934129
1.19561189780704
2.03482611382258
-0.278421988176041
0.593124714286725
0.232088417964204
1.34106654676233
-0.142187580127656
0.0684011424929163
1.46633676751596
0.486743106140058
1.04249576285985
0.131628420227335
-0.0660781871313008
0.0718432746601006
0.0855002552382172
0.362979436245939
-0.90266884882072
2.00123629007982
1.67860725457341
-0.026214041029843
-0.427629062220776
-0.156788790412557
-0.000616600222009592
0.261481764116353
-0.613364792956893
-0.0492689483152067
-0.201483632471512
-0.0193565500292345
-0.557710072828206
-0.382373666913685
-0.696562653231504
