0.611548895824941
-0.420654404364108
-0.764661555623206
2.37132007538463
-0.996900360816545
0.798754389425883
1.20446376682889
1.43219123764094
1.08999907403367
0.902245236944964
0.900499783164426
-0.785063568797871
0.868895001569961
1.42160188204766
0.327377311134894
-1.1958197530427
0.233095186148538
1.61227272357635
-0.867633331077953
1.09770398671426
0.407006918296455
1.06473129506324
2.26924322525627
0.941385669241633
1.12104476136783
0.419728430555701
0.803790729881413
0.926980389310308
0.549649071197295
1.88765773035557
0.705003669033604
2.21892522107164
0.599977913787821
0.594512298324298
0.219836638897717
0.656372364208156
-0.953807026996429
0.375328423920091
1.34587475956604
-0.487990890217254
0.176927654406616
-0.184845142879388
0.33950512166398
-0.0474741077624316
0.124747044836219
1.85436612611134
1.28358724738258
0.738512928357537
-0.141065532013502
0.0221852904681965
-0.0162825751552879
1.06576180253301
1.72983726255758
0.472228760896625
-0.212639165114022
-0.289167853364911
0.773859212601507
0.387399200689268
0.596151746065119
-0.644727336345136
0.347529077224437
-0.382763294981333
0.267616748425852
-0.427118887532279
-0.594691772532933
0.498196354156036
-0.311844593132541
-0.500216992040031
-0.704743351527645
-0.817194386891193
0.489543104074599
-0.391250635393821
-0.685866287131631
-0.538678426518657
-1.09609950942867
-2.18304140580056
-0.220996295529565
-0.489757574641976
-0.653695672124703
-1.69306140963088
-0.916163209399906
-0.545555498996894
-0.106037031035393
-1.88516204630329
-0.679011622285039
-0.361117061325262
-2.1764196642208
1.95909595354029
-0.54225439845065
-1.20973208932282
0.966489909645042
0.571992809246004
-1.12029604811503
-1.54135945036972
0.746320371300286
0.578394625048602
0.051466184075275
0.994476595544973
0.752277301758558
-0.509261846468232
0.230215231521654
-0.812892049055402
0.623909546110153
-0.131325117915611
0.395556050223338
0.914609038019604
-0.475125598077897
0.839143335527629
-1.24944325736053
-2.15352827090526
-1.03664599043965
0.402936657953672
-0.341571109573708
-1.41096131516184
-0.0189518763862881
-0.0562591354752576
0.723095797481223
-1.34289318893139
-0.677140062213494
-0.145435657095164
-0.287680477378624
0.184047509976912
-2.04011116813427
-1.30283094601921
-1.19152330236485
0.579485717422128
-0.173231449843825
-1.98973488694863
-0.488986220282193
-0.700298638204555
-0.384227683725564
0.794220227691008
-0.848638863529331
-1.04458050664553
-2.01788156871911
-2.1651515991855
-1.45409200197494
-1.95002580021788
3.27140322186611
0.651571553347528
0.450770216348671
-0.994362852373273
0.836800351399972
-2.41336631727722
-0.271103100404497
-2.47278874487758
0.588931078365852
1.32673583684127
1.00335619631697
0.710500173963333
0.0837214709875305
-0.0113407760469914
1.25184849817897
-0.122471971890877
0.137158500246279
-0.593413045072722
-0.833428043299575
-0.531391734222277
0.878788624427282
1.42804776092773
0.454540848882621
0.061515148132981
0.768147339531573
-0.181744839208185
-1.79878794693665
0.849949207804351
-0.54186759383007
-0.175214018892269
1.13783627547182
-0.735596226747074
0.447687435463735
-0.89096846714529
-0.791650652542334
-0.762556100578693
1.23829469050779
-0.184472489641904
-1.46691719235052
-0.424975628702196
-1.19233709587398
-0.731066183329111
-0.186708757953354
0.220874612864198
-0.390034068162628
-0.309178999445005
1.86091532408713
-0.436826921326852
-0.327605078068218
1.23803165299462
0.465787457931149
-0.830508755667749
-0.540104695041118
-0.003518738593945
-2.38604924952517
-0.394466042758581
0.332758385819743
0.447350018213137
0.431267510592176
-0.21536910387298
-0.140324258941285
-1.49956272461774
0.661251300493537
0.973041945248595
0.277125042446923
1.01955875479143
0.545605023967344
0.612133905112514
0.301410275329908
0.36943029222616
-0.015781508110005
1.34698686421464
0.294936659702062
0.392710823499424
0.157664846936552
