1.68908790371221
1.56758263669598
1.64505715810616
1.46191301443864
1.60960586325775
1.66273349691167
1.65258557541723
1.64137774332805
1.47051306197108
1.49829426831663
1.60744525198142
1.50821767464121
1.65478111781847
1.62401249664311
1.67297847455374
1.65582517997632
1.68299604659848
1.44305166698955
1.709194317381
1.58758326884444
1.42628970908266
1.44423598163574
1.55789248159725
1.66730868550257
1.68706738172115
1.61991639249804
1.63348225798602
1.64434232321423
1.65742625615537
1.65906726256605
1.60570492439678
1.54691306376441
1.71106999991672
1.64808307902699
1.73509145708675
1.60437106755838
1.61030706366701
1.42556772440009
1.04225288240491
0.903357008390839
-0.407627099902384
-0.624571685499273
1.20358465073544
0.281921163439574
-0.410561518514249
-0.341362395269249
0.992847469395685
0.285149039599932
1.11149444451957
1.06856995215304
1.10435448650633
0.276038549614525
0.667322433799729
1.19711419148234
1.12345270441088
1.35191026799856
1.60788277668393
1.53833192327275
1.17216453880836
1.03911914299496
-0.0447472675499231
-0.278362218446202
1.34091944155583
1.35524951048543
0.331202869090132
0.536210624108149
-0.120258247523354
0.163565089532929
-0.280706461914981
-0.528390565163048
0.325902507488669
-0.455089541256507
-0.786148048036442
-0.289341061770461
-0.302312435632348
-0.22100783627536
-0.360324419149615
-0.623216918291771
-0.268008148262573
0.451300190484837
-0.665838616274517
-1.16389357290686
0.226714321801962
-0.126556933760534
-0.222203207530369
0.0649959929662961
0.0609523089725304
-0.334605433516741
-0.808811842228653
-0.453996473304365
-0.650604233783476
-1.2066083992771
-0.970031740037525
-1.29056797168039
-1.08705891711903
-1.16725163807543
-1.15893192985336
-1.03826774428882
-0.786898627080159
-1.00696190224887
0.0913718960136887
-1.24648301226091
0.450554979273766
-0.16855874826991
-1.60977669647946
-1.47725709997691
-1.53765463976634
-1.17702439365299
-0.24993969251928
0.0587216262986983
-0.341510891694998
-1.36088490063127
-0.77342772331786
-1.37708774697778
-1.6307947160828
-1.39594536982113
-1.55981940160937
-1.15704340824008
-1.27479258052592
-1.13830005001759
-1.30143387948002
-1.46360815783116
-0.441667110868161
-0.435068580938142
-1.29260307058976
-0.339548608225224
0.46654424372327
0.0604972119371653
-0.931759225048946
0.349721562172133
0.164632479248809
-1.51199830382617
-1.61720099174229
-0.224323294573168
-1.15806328391123
0.17583258871719
-1.3696600105271
-0.958479276127739
-1.41778040764486
-1.53680425366777
-0.471074205873605
-0.241593445604865
-0.77643156379388
-0.508455506403139
-0.709223155434639
-1.12042482531197
-0.593544719946311
-0.194192772007475
0.0777489461270565
-1.44640976830747
-0.205382109504005
-0.811260513116446
0.495844679602518
0.0250526747871686
-0.491762970801995
-1.08025759593277
-1.24911963897448
-1.0071467312221
0.197673980056122
1.05655930868091
-1.0642591897103
-1.07576913956102
-1.17285746120998
-1.13286701457215
-1.00380278631972
-0.474314068105577
-0.124310991501901
-0.43885336690413
-0.677573792122472
-0.311930424302664
-0.985192845781091
-0.246297741713877
-0.538822509504442
-0.0667655544770327
-0.541521341945399
0.18570757511504
-0.384977503004929
-0.499114451172651
-0.76340751655108
0.171682875020338
-0.554342174816301
-0.324875942582943
-0.383834771597212
-0.419578632855864
-0.501516959843936
-0.20418682239724
-0.345157869652724
-0.354629208562889
-0.717114150446843
-0.683319522042432
-0.142114402932339
-0.214478285299669
-0.442539980536545
-0.17132941055569
-0.448393642052012
-0.625405833545495
-0.517127422416791
0.038821602210124
-0.280096504906408
-0.231584121323357
-0.423165386146657
0.0178389270630702
-0.311442710274491
-0.21473419112143
0.143260064389128
0.127274160201791
-0.24224166226576
-0.172841035702689
0.019768098504058
-0.00213917265344279
-0.37158493360474
-0.161630241106288
-0.30021650099149
