0.344745952185895
-0.236786425695429
0.838217217576932
1.03735254163754
0.763912840778607
1.31816233082136
1.25246480293022
1.35303147114871
0.999352919598226
0.692881031651875
0.977331775545169
0.0799189319683119
0.698891758318398
0.307295568495375
0.752877260257403
0.211243984089699
0.424349955429431
1.41010422001348
0.173152114826115
0.898076133006518
0.386098653222574
-0.127533063759378
-0.237800317976959
0.95981837694477
0.933661733136224
0.935676257048153
0.868063867757058
0.729690368013192
0.613278293178501
1.2163423051856
1.27163672279452
1.24537697442195
1.13452140922882
0.943856813870459
1.18533897397134
0.609842047169865
0.970667474194691
0.548709121437761
0.566066798084067
0.504589191262182
-0.298691561817934
0.686331475260711
0.131269764840505
-0.390873847700045
0.476801286221966
0.6924777545315
0.731877337234442
0.851665522487022
-0.235076588711326
0.429826303484749
0.241011432898064
0.724456631601917
1.03044997532972
1.15351152286627
0.735745953171473
0.792674180274109
0.252433330134997
0.522696956687594
0.146726866174503
0.888374246352846
0.91627825136852
0.46148572232616
0.710274310127032
0.698114245860709
0.560214790955363
0.827259786580442
0.605178411684349
0.0623474640644378
0.128465865622527
0.672569433193543
0.22926072352948
-0.57340150035003
0.676551816814593
-0.633577032004656
-0.476733663071467
-0.504782921037568
0.345391636765376
0.164753392566126
-0.912266161233026
-0.219585999594269
-0.0807103305315726
-0.874072363089451
0.249656759708835
-1.50110297669838
-0.318336302090316
-0.128115521687238
-1.5203230768966
-0.245002237355111
-0.0318691411534789
0.227451322203864
0.177163040480894
-0.312013871933393
-2.16800562937422
-2.59736229482912
0.377731099198556
0.433252927655296
0.844825758323261
-0.614969447143505
-0.0133487906785899
-0.771061936628001
-0.542033615830894
-1.04222495586085
-0.604126808725035
-0.396227013497627
-1.15754360272565
0.0636255654509073
-0.236291789193974
-0.152902159231381
-0.997245114193603
-1.41596429021126
-1.53939504052356
-2.24531913367502
0.168146108619317
-0.830090797206353
-4.10120461771987
-1.59722831780709
-0.386760573127257
0.437631470196683
0.024007005599615
0.0723419935930606
0.160470348240647
-0.295883551617391
-0.594976143264477
-3.63671172041788
-1.46485845592654
0.0134335716906678
-0.11739680361771
-1.6713394349348
-1.05719124585752
-0.975264852234694
-0.718990076479205
-1.54997880133105
-0.473544713074559
-1.95752210764198
-1.89404230868902
-2.52562851157141
-1.80361592354457
-1.54506657622199
-0.607840179421719
-0.522051383960958
-1.16955189627858
-1.56924990915841
-0.0295296628289078
-2.39438628141382
0.301168342287402
-1.86221379853588
0.0423337369503541
-0.162150178544855
0.388080844692228
-1.43833391233622
0.262929892975492
-0.149484034134089
0.0979134647853068
-0.899395761010488
-1.02338615831213
0.0861113132219316
-0.152031492197094
0.142496418534081
-0.198572872723978
-0.0999326882070465
-0.0112794034794201
-0.322375028700032
-0.130860301085967
-1.56398673726685
-2.11491271928245
-0.192201849788295
0.525629437741095
-0.399697767891167
-1.03837932918208
-0.156927522533633
-0.222675845422917
-0.130219557450727
-0.00484224956484211
0.707052842851257
-0.4081389401712
0.599587880210413
0.807474207447364
1.05428465499312
-0.463660804717578
-0.483457088441758
0.253714883885774
0.449508450936313
0.136494012537591
-0.554620437913029
0.468094826623664
0.247447561602681
0.304137094763854
0.329132335333773
0.574739894521206
-1.3910251805235
0.0750246531087995
-0.936641498453653
-0.697758491156067
0.548676752560397
0.440030236644718
0.406759507386524
0.0113937329307109
0.514501479399225
0.406570961676476
0.128392754832893
-0.776946855984794
2.55160233767011
0.745866973908988
1.59642354410799
2.3552256812084
0.765612484527835
2.33190170756423
2.34577041841776
0.883509235429853
2.13011432006187
1.00351138348266
1.01505531123707
0.841602750844409
