-0.862316099024824
-0.123281122782721
-0.348917327272391
-0.738700717757912
-1.09340038229816
-1.04543856620248
-0.940780010197901
-0.59481297690897
-0.456445167783563
-0.013156368067501
-1.09725000671183
0.191761526287627
-1.2972873500113
-1.19535224875149
0.025363159095684
0.0853976798792335
0.268097621074416
-0.223717440796819
-0.65682527427591
-1.53755520123736
-1.69341400364102
-0.790345657968164
-0.558062271419179
-0.638430805339928
-1.43976950416483
-1.26721751625766
-1.23268871779934
-0.7332252284373
-1.34102415313725
-1.02704007782433
-0.680007516983254
-0.566411989786975
-1.83693887234098
-1.72879971278234
-1.72906280730077
-1.549354108595
-1.22131198440887
0.284401817150727
-0.0879829173853501
-0.115942588511621
-1.11261855883667
0.038730705312767
0.475486683180462
-1.16955271896805
-0.54047230913873
0.498189819192326
-0.513862439718529
-0.65023552156163
0.471172139613919
-0.388014855739469
0.287889212414193
0.968758347691249
1.32442617653727
-0.74699041810827
0.630980241433162
0.212787178920421
-0.197840491418721
-0.345491476396893
-0.984064248947549
-0.153002465532292
0.325871613632326
0.568604072823954
-0.968014350640645
-0.800085696919404
-0.100322554608928
0.359781745308132
0.896938090960303
-0.195550744626844
-0.642037848017691
0.0501963079580676
-0.567522668475151
-0.296066172974212
-0.130197080980482
0.621951010067139
-0.0160924578802133
-0.724982077120078
0.465427969899929
-0.379083700651014
0.614715974405163
-1.33034343251245
-0.0240229850278437
-0.160173378718338
0.31683521671532
-0.458978087336444
-0.0674324566088196
-0.195352372596844
0.777337856328689
-0.624938529830567
-1.50056710790166
-1.15666687312168
-1.24897930708671
-0.374924551888801
-0.14995976795469
0.208154357058294
-0.137619624087402
-0.12907010678905
-0.897965511016729
1.61058707172139
0.529066032415129
-0.234238742178366
0.553140715344355
0.0131923422985888
-0.0450940205159151
2.39114257079226
-0.531562009271794
-0.840713435918119
-0.556641575785236
-0.807327176687247
0.392839367876253
1.49307661411047
-0.415614588644763
-0.145837498935373
-0.518191395039034
-0.321016982584078
-0.519587267087189
0.227341919964061
-0.59387043165432
-0.248095378931631
-0.157706483927237
-0.765143982230197
-0.787331753458191
0.280817765370541
-1.40509062818735
0.381522438977481
-0.869821209701762
-0.397009305773981
-0.538321578162633
-0.811817148137115
-0.471354566962587
-1.57717287498007
-1.38858873266724
-0.706492135485272
-0.351745897482045
-0.580047372447982
0.178639653764953
-1.51007373558761
-1.0677785934743
-1.12619900388097
-1.43231364604431
-0.82424722851167
0.146006226694246
-0.473654815761037
-0.301372636609449
1.15262882891581
0.894358479248437
-1.03546881337499
-0.568512820385983
0.490754388609877
0.512734772905959
-0.208516694377657
1.09510194418758
-0.529610428200072
-0.250659691090741
-0.516489784211844
0.175268248587041
0.465161768682232
0.0971613589688689
-0.659742910267668
-0.686721536131117
0.0425204426051401
-0.460421211972922
-0.667369710317888
0.0628085436790231
0.2321449818373
0.359518692925971
0.322271736695008
1.59520063284838
1.10883848398011
0.818943157693203
0.654224459711876
0.21504849695243
0.670603876071376
0.0453647801967273
0.710593909512592
1.09961465134259
0.297807682668872
0.913811383268199
1.93270721171692
0.712480952726192
0.427672221140844
0.347963456068086
0.993116850022226
1.48498044387529
0.47522325074821
-0.12219285302542
0.713766914808835
1.15461532707944
1.24311257152944
0.568491988145505
1.17047729841343
0.800353318906566
0.963825968186723
0.24346929282027
1.27324389988089
0.213551148170544
0.353080943525386
0.434138327370782
1.54652553238777
1.36179231371065
0.177118184286135
0.338086113900529
3.15555877037308
2.9273250944948
3.04266194376325
2.19290665128929
2.72338433450512
2.34370649996695
3.00963770093078
2.93047904907468
3.0669394583042
1.5459574965884
1.39634320627471
1.10433325061613
