-0.647406262994872
-0.172776637840881
-0.49892274861094
-1.16768146468433
-1.44030116542099
0.106543062820986
0.232590368516486
-0.176375364084552
-0.612499237315776
0.399309509873431
-0.856134821461512
0.230797674195725
-0.12099417182692
-0.346594190837297
0.13856312472197
0.214527913633523
0.0490170873249463
-0.462823856679016
-0.75259761042838
-0.16717083869438
-0.339200817042085
-0.0905695997997845
0.308797889131268
0.879968597112193
0.181265890821559
0.69742556093978
0.786363080456371
-0.224548709740737
0.499885484139943
0.506362291204408
-0.680045386350353
-0.461664867493541
0.352867038077264
0.0229084403447435
-0.520029930893649
-0.110602666384173
-0.754121681251249
-0.435180780044947
0.88286572201107
0.495484907175211
-0.910109090689882
-0.871262889679632
0.816078100276547
0.236710639739334
-0.367139296266622
-2.08200375295604
-0.502465954376893
-0.271120791711485
0.432512334011967
-0.335198544251784
-1.14981414845509
0.0293288834364826
-0.107533703995083
-0.566732097993152
-0.47736807822434
-0.186416221192622
0.180755945659936
-0.214387514001977
0.172848275871446
-0.483563157516444
-0.721887617326836
-1.02913601929934
-1.63795530470374
-1.20511551705407
-0.378252736571271
-1.2191491646768
-0.606231406130638
0.489087927177957
-0.992394927207407
0.0770219390331926
-0.467128970219511
0.219891003724574
-1.42033769358139
-1.00094506763632
-0.814641274054616
-1.09210368871162
-0.883450055914756
-0.450142281084057
-0.219762395432851
0.336097411011337
1.59130285792277
1.24395359758891
0.748951701984038
-0.0183534267666237
0.0261361428546383
0.694035100251027
-1.54199105665819
0.203290173893376
-0.787014647057217
0.793875411471825
0.852157957798701
0.160415362471017
-1.37482942142269
-1.10893672083648
-0.710518732203196
-1.25144608610032
0.608385767183748
0.194920612799379
-0.15628412430586
-0.399121252632897
0.0529523730799737
-0.232910325920729
-0.118829809039842
0.45140226055211
-0.861281192346494
-1.15622851744952
0.281482269098848
0.377122090268052
-0.395141479806248
-1.25717540692124
0.017897935375813
-1.40302799864615
2.14640698405992
-1.00957330199741
-2.436567421445
-2.24089995425476
-0.28797934464786
-0.338822296878044
-0.848178228164657
0.951545957131998
-0.361143732429451
-2.05121314283131
-1.42886859228922
-1.98206855369854
-1.1914232127739
0.0181917568129434
-0.37509534946278
-1.31228675671097
-0.476751744908937
-2.22127786391679
-1.45325727917187
-1.56080628973843
-2.06658213725596
-1.4303963210026
-2.24371877765692
-1.6638742669009
-0.86068492713156
-2.38136411458518
0.744126786967692
-1.26877679359919
-0.940748202373195
-1.61691448068106
0.467702615983837
1.51807450343286
0.652282422936955
0.347925964636266
0.368308110737876
-0.0257128230720491
0.435676022123419
0.612047305869551
-0.0029936463621529
0.853635002020338
0.928497155621499
0.569710748488371
0.390231134275218
0.27731332856371
2.18992514493322
0.835952059366252
0.393612797293377
0.358248449924407
1.0622273510817
1.20500655686069
1.35312801672687
-0.0516324099362098
-0.285681951713276
0.474468695973775
0.504743175420809
0.545166666827368
2.29731780777808
0.912995980915327
0.95383180433096
0.785423216710646
1.03892642621184
0.663312372423545
2.17745387264656
1.36504240393476
0.754763864176623
1.33614510134288
0.597465202795289
-1.21438096434266
0.625604160119768
2.1156226257234
-0.694736574914238
0.496014147957182
-0.00463779322923436
0.821959138542432
2.00494766890345
1.13171071523072
0.766582859038709
1.09340743285209
0.736840001268599
1.48668307849936
1.05104628803855
2.00805426626252
0.0305549107805073
0.293436248842511
0.836637664998204
1.98509312809458
1.09624728515477
1.08177144880664
0.712602421480624
0.586029409733369
0.686907801346268
0.660642218031526
0.721606219903924
1.5131709994886
0.479479663647712
0.448846521826194
0.708572019325485
0.750206416923398
2.213836285718
2.07169736529711
2.22733072277517
