1.84712526713903
1.75477365660762
1.61760806124337
1.47427437046855
1.53836399432122
1.81200485891052
1.74706466159619
1.55355089841411
1.4429665544079
0.420145125217118
1.60138502446891
1.42811195723507
1.80721413436687
1.6046904896603
1.60285865065179
1.46917368270113
1.61611821673305
1.43551333893015
1.55744484886072
1.86646816647825
1.61184799067374
1.61188449807111
1.44828668517333
1.71438892607462
1.81443150987616
1.79476427923094
1.67685833715113
1.76421543246779
1.78948747323739
1.5684496883499
1.62390066406783
1.41863262675936
1.87558504890131
1.74528669178804
1.94390902716598
1.75792591357395
1.89676823988964
1.3492063864866
1.42512661267144
0.811282232908193
0.296057888478639
0.00869468685619335
1.20367703656409
0.845646226102253
0.454885907264281
0.244588052117573
1.56416053770772
1.00348087822975
1.21737139665778
0.193681235371014
-0.0779066184650678
0.158578515336245
-0.0561062269935881
1.40988884058742
0.541575896748603
0.691992826080418
1.19473593723194
1.00859235384754
0.762778774977824
0.428698738159017
0.589930210250749
0.174817344813117
0.663302272557648
0.949106381176488
0.72989684337752
0.638516833599302
-0.365646683867468
0.477317309086256
0.495383207073767
-0.305099152009868
0.221652106823041
0.161603795249856
-0.251558728157652
-0.113822335360787
0.00763593187592919
-0.978778032829538
-0.902122659211398
0.529637676742955
-0.594649954136813
-0.472181571954911
-0.382330326896843
-1.06423874519033
0.599125930714879
0.283990218691461
0.204654096314039
0.175246734459036
-0.77033858599484
-0.818184512535227
-1.82297649619135
-1.82374944767661
-1.28276848269604
-0.970647692232533
-1.5416971496167
-1.45382599317911
-0.306627288513556
-0.0911584950131558
-0.796896452903772
0.164775402632572
-0.809971966596956
-1.16057733550393
-1.17877071024044
-1.02611748280514
-1.10285605295297
0.7792619382776
-0.916648035506732
-0.916192814051085
-0.926813388273137
-0.773811689280796
-1.00736011541723
-0.460483081923626
-0.919569133238474
-1.59498150919494
-0.914319953272232
-1.53169036975224
-1.54521400412672
-1.2109396658503
-0.842630054181516
-0.866547954073175
-1.07417680110925
-0.694158849201229
-0.612940295574074
-0.820150529618349
-1.52022225336894
-1.15945406299211
-1.07238167578606
-1.10264491685042
-0.320953095872292
-0.936706405320518
-1.13635096468439
-0.704221105719492
-0.743667062853509
-1.2673381661178
-1.2070778268917
-0.856118453865516
-1.46103177685502
-0.735006653650711
-2.1946825448807
-1.83108781866592
-0.735782189480916
-1.18556203076044
-1.54011003857726
-1.05019691693043
-0.88593746448918
-0.882433488086549
-0.626154780467939
-0.278052253206113
-0.239942359426772
-0.343772448406009
-0.37123324551679
-0.361835673918622
-0.73148795236728
-0.792254690290218
-0.54720227749674
-0.860738013032131
-0.727023300477876
-0.542384778759229
-0.108858611534504
-0.64997872800906
-0.568804164442044
0.25929790207166
-0.387156588208705
-0.380475160397566
-0.622376811331947
-0.448033104433604
-0.159504010548152
-0.635358507717994
-0.271211890787326
-0.198066502718531
-0.0273166157488937
-0.492460715676404
-0.700290821728013
-0.397640250614009
-0.70780374769326
-0.334548683391468
-0.0555944270169733
0.0264105013046758
0.0231387119411967
-0.184705317963599
-0.206195689438534
0.737379226468868
-0.333025044182901
0.181880380680116
-0.0937598492227818
0.407226939445776
-0.705145739503677
-0.595639189438573
0.173355015526855
-0.278584175732877
-0.205372438431218
-0.39652786707074
-0.0279498558792944
-0.10920020063762
-0.156742188607212
-0.0975461134516464
-0.842572435432553
-0.309190711054595
0.270388154789792
0.271420814835142
-0.667911409661631
0.45355990803638
-0.116867275490258
-0.300345314633334
-0.32294754008094
-0.240143561716724
-0.443972965691226
-0.503569884514913
-0.96390036405904
-0.583420867956384
-0.45212869094454
-0.0103689154430656
0.0277644087122767
-0.256705230753994
-0.0946558603479584
