0.0686506085825524
0.237306985211305
-0.203035754008402
-0.365324825658017
-0.547743364913598
-0.230603110235248
-0.0963225883354297
-0.0034486571692055
-0.15801249563025
-0.609330902091546
0.0443935714999536
-0.321115699368814
0.00123272671295669
0.0932259127074579
-0.470428067760868
0.67422138122911
-0.197702132916375
-0.0230787911040458
0.0875254337670679
-0.595098622928353
-0.597012508040404
0.996532417987261
0.750529609770886
-0.28322086877006
0.0306780892167071
0.087402334823592
-0.515997210785227
-0.265208928056565
0.153403607495519
-0.392614151439783
-0.180959069427381
-0.303887076615328
-0.646530753196532
-0.433522801999892
0.147428569170372
0.0352374008429341
-0.258431799420763
1.36272500570561
-1.70819091733161
-0.617912852131023
-0.99286637823304
1.83170920239506
-0.117431612902933
-0.275279865353803
-0.521129212123599
-1.38924408776458
-0.742968319311502
0.229243433169284
0.259468394056325
0.561671341314803
0.0996574170421573
1.40363971044974
0.68600283573934
0.444468533712859
0.48618811259411
0.753397511992322
1.58525255148239
1.44811138595828
-0.80167214948945
0.431669453328839
1.17679554514122
0.982084613099629
0.027893181793962
0.320053089321201
-0.270460244443613
1.39043561989242
2.68007610787031
-1.77842807992172
-0.591969949328577
-0.309656289712164
-0.15759204385817
-1.94682270988509
0.780171845347235
0.0900455979589473
-0.486357444895012
-1.67439363186891
0.726723073965824
-0.282008774148063
0.266731524425007
-0.972083611516495
-1.07212530333768
-1.28542132191852
-1.0334909861978
-2.41556254045056
1.70435457178227
-0.641941272937221
-0.985880144980386
1.92286305157292
-0.666960669384729
-1.30548555790648
1.86102760776825
-0.237478576959644
0.032920626075872
-0.735946663983864
0.242601630475409
-0.160029639516864
0.18312267919412
0.725958604863116
0.196531027683615
0.0803396318546717
-0.195853550514348
-1.17363486880112
0.750165282002742
2.50803815115454
-0.82920323249087
-1.04771582974398
-1.5404023099574
-0.306653980341016
-1.54339416900234
0.410221725087306
0.00186667592350948
-0.309944255193896
0.480717056038952
-0.307317884621013
-1.26306869086114
0.263604824055811
-1.00445118963757
-0.818792221116612
-0.450813017944056
-0.657620250669375
-1.00711426151896
0.527240440644348
-1.20020150003239
-0.788830517225004
-0.449591716503479
-0.122304393432214
-1.74113626758914
0.621430454440631
-0.102019336520449
-1.46741992506632
-0.960122696951356
-0.782490494617205
-1.4315079141809
0.0212694226732201
-1.48713666693022
-1.73578688762659
-0.759357541754863
-1.15803162554028
-1.26281752859584
-1.37078429608159
-0.0266328619575368
-0.494739739981489
0.137146604419511
-1.25928396575805
-7.37412934821428e-05
1.46291110940799
0.457415184628235
1.19815928660795
0.926384339124451
-0.289645825852248
-0.755017481219818
-0.527560509003509
0.687575357960796
-1.06837032902254
0.173049504577604
0.138199757537177
0.426607110722436
-0.167705911599585
0.0788437693853932
1.69520434490462
-0.405263800251661
-1.09872795129912
0.0123830567482336
0.341637965838184
0.00413066326822097
1.08503737128779
0.486851023456082
0.323966224482452
0.74243385621596
0.489343254291525
0.443938924007417
-0.257888021350453
0.243560198997353
0.527766828958037
0.147222555452952
-0.220889042168365
-1.24151505443502
1.29648172319994
-0.975536270085914
0.693157970418046
-0.588155775124062
-0.190802827685388
-0.670407718848637
-1.43129255401114
-0.193206495805537
-0.144464239057974
2.40874395556864
1.58108487818809
-0.772106996050751
1.84979738748294
-1.6710845152257
3.16254052089624
-1.22516193076257
2.32244266929031
0.0357418979439029
0.603664818493393
-1.14188252340604
0.0716987360642823
0.64900429323232
-1.2584191637703
1.60432822768884
1.55376707542727
1.44730549084484
1.66210204484764
1.8545057261872
2.57455610980366
1.3629232575521
1.67084237567417
2.13018463134345
1.73427513602307
-0.441087992529577
0.812729923026752
0.38995894873992
