1.04978407113673
0.3244848423066
1.1126208709354
1.11176203987317
1.19488885119371
0.512175277206424
0.561914557457142
0.86746997905172
0.879419223506754
0.58315489864738
1.38765484857463
1.11967831757747
0.756521353287009
1.01311294460135
0.471894256071568
1.02376539334752
0.73792263564847
1.095161962257
1.18561747472962
0.455742658701799
0.786771460840582
0.596913667204941
0.316648287399454
0.148614397153455
0.434516317091086
0.612979136493736
0.332972267526511
-0.146791725700587
0.423698124849398
0.59334462377545
1.00583293067495
1.03403923415719
0.641985760074291
1.08263463506192
0.63795210521279
0.392162702449066
0.826329495495954
0.539878873885229
0.576140889018609
0.87404940094193
-1.07033395452022
-0.0306721837147665
1.22145333127382
0.479830430983729
-0.396075904640585
-0.982848938577199
0.953416768281276
-0.230090599046126
0.712761954727609
0.1882367703555
0.316616127368927
1.23588746589501
1.32955989935217
0.57018719083326
-0.489817800994982
-0.258285270254095
-0.422978197058642
-0.643974301101537
0.235178860106731
0.633219919921053
1.60031422480048
1.5215092089808
0.47030750033066
0.617279452502437
1.10217520275688
1.29020169622628
1.37710068222009
0.539878873885229
0.785318425445032
0.903225736041304
-0.0403692624889834
0.197059038573712
1.31730764836778
0.396751110153985
0.461840517975099
0.112607524792178
0.480241127605296
-0.206213850556972
0.505231032680306
0.441737222077119
-1.28356667978436
-2.16166716828396
-0.370656297567281
-0.177712564356935
-0.284325615700381
0.0603896844215459
0.627944954624411
1.56348125407375
1.10093154193051
1.01421671298726
1.24960718465119
1.35475978154504
1.31847455231249
1.07769810563328
1.30706021765406
1.50942166298611
0.454346646915429
1.11496297790618
0.844997265426284
1.37219685489459
0.785551507762073
0.732441462502535
0.794750348842916
2.02206386788455
0.783096360847958
0.898387467201097
-0.141732350138332
-0.0138553178576367
1.44100616327479
1.62424465650192
1.04349875920724
1.53584276301014
0.709795121068304
0.977225044203127
-0.275600190257725
-0.522446790290034
-0.322564372689618
1.17007988486002
0.306097030962958
1.1112343478478
1.23086007023744
0.428237634187664
0.302479958664133
-0.975828519650485
0.0289769448117493
-0.480419759862313
-0.219381880847548
0.715922346100502
-0.140135470576047
0.488731209005458
0.37769296227179
-0.648860147565319
-0.368767789481058
0.384096079391529
-0.849924914652102
0.310708800844904
-1.01787553428323
0.0442754618794214
-0.982173650543993
-0.226355517152686
-1.61830725741729
0.0814718147285561
-0.0383002868125276
-1.46119733189156
-1.28902992068945
0.0965870300495329
-1.24587905954531
-0.596587890181299
-1.34264438620012
0.288291752270089
0.655945524527927
-1.42840588889684
0.115639339738046
0.0326275167454737
-0.345051743325588
-0.267841954379151
-1.03200890193646
-0.814799192457012
-0.0395342374875202
0.878276963565618
-0.548183035799399
-1.00171953007438
-0.418680384564335
-0.742184056275324
-0.91937902185971
-1.01463722572803
-0.513882301249759
-0.936417062652499
-1.76643754135464
-1.9112375041052
-1.39535431681317
-0.906969644394857
-1.5869382637924
-0.9476907779025
-1.1879707605
-0.899033639693431
-0.822700331017465
0.449570653332794
-1.42747467421296
-2.99771923743116
-1.26511676508655
-0.951722297042301
-2.14506147824551
-1.36925207779309
-1.18336127279004
-1.77890032505607
-0.653977787933822
-0.424612186384254
-0.970941617065141
-2.45482900495799
-2.11951923155534
-1.00270150137059
-1.24147841208023
-0.772649702501072
-1.40255808596014
-0.538145328405533
-1.09141084426036
-1.0167366599702
-1.93657234030132
-1.74519070498219
-1.0495605566744
-1.11290130337043
-1.50911730338518
-1.28653276466388
-0.508661880736792
0.0864840786189367
-2.36654515435573
-1.54926963874103
-1.45771177850667
-1.20588758325382
-0.598101794864734
-0.811682429525735
-0.834116342185696
