-0.672034990761586
-1.12608439856107
-0.446072424221244
0.392063369033625
-0.434305639965239
-0.16437084202114
-0.546511101057576
-0.749516403940452
-0.636858373930492
1.54766275093633
0.298983188746654
-1.35901709247694
0.693981767130496
0.543010102819734
0.23935552158752
-1.25538412753497
0.622342097317118
-0.382357399126175
-1.4452897251757
0.043952264707482
0.765687624657677
2.59756678229607
0.89774822392163
0.263316853356011
0.215267348017318
0.382483730631646
0.643319533191955
-0.01819314679065
0.386532943584785
0.357395558938939
-1.60403530939109
0.097586447253114
0.181178728215697
-0.431061685996386
-0.289730977207868
-0.303320702842564
-0.840193433846058
0.441858690205208
0.301891189965376
0.171710965984472
0.469577418971094
-0.195234930047773
-0.476664251871168
0.732881018602419
1.32988574457685
0.365269409404162
0.203433226992482
-1.0757601348699
0.832943263907809
-0.137570368082718
0.576733143352512
0.277813583467503
0.546710817113398
-1.63759478633353
-0.669795229373801
-0.298377049656559
0.615185146337543
-0.646886269271232
-0.466624564228365
-1.26143816033316
0.321749932697562
0.234734546105238
0.0561763079923402
-0.258025998286427
-0.22823060149221
-0.885411248728069
-0.385571259839082
0.820854117411959
-0.180168567956375
0.0598842272406568
1.02628072529915
0.0957211100168711
-0.636556322891481
0.730180685740856
-0.934063904074074
0.379332693145191
0.0415507751162656
0.233006239338681
0.91619936848872
-0.233450656046971
1.40125806457389
2.24867711182703
-0.525069545227438
-1.99625825271646
0.17583176312836
-0.304221865862566
0.741847699135605
2.42083915380937
1.7649707546232
1.53232218926674
1.68786136801055
0.864860093263255
-1.25160481272624
-0.974541016917103
1.1087790759261
-0.522934827665357
1.21776565879694
0.552443617395766
0.314383795241173
0.726358790306174
-0.463634946651612
-2.57782543886263
-1.49383522944049
1.05850474137447
-0.936632236929871
-0.387403394127572
-1.87864689921735
-0.968377686063909
-0.270113223858197
0.212630746321658
-0.0539779522464272
-2.17209574147512
3.27271547274133
0.166667759944943
-1.45275762612889
-1.25718308191898
-1.63093356760005
1.44757200840549
1.05664738569024
2.91707805138584
1.22171424615496
-1.02403399695656
1.0064332121897
-0.108594297979191
-0.354914911028685
0.637117281697446
-1.49993538487976
-1.67056753325528
-0.250110370475061
-2.18846062020135
-0.836647342927431
-1.23740206394753
-0.603504124375919
-2.13815370057412
-0.713408761176214
-1.47969055047301
-0.921261334017372
-1.14585579549292
0.522148369386363
-0.29859035503565
-1.04465992230032
0.633353605159361
-0.208198142235707
-0.917198583173378
-1.5531838177931
0.973079620729236
-0.401826363070406
0.631266917977038
0.0119843144407716
-0.549113418882174
-1.67132769676022
-0.900292007011788
-0.331363925698424
0.384547606340998
-0.399624000023053
-0.400988004072557
0.203925271777123
0.323683636123887
-0.736821332619387
0.455049422936108
-0.8488631742111
-0.753616499779875
-0.775407035657718
0.817759939908245
-0.248010566413828
0.183967970579539
-0.125074817543601
1.28697123424542
1.22411202412653
0.265582242560359
-0.592999537049961
-0.0817980472972509
-2.14089897804213
-0.570483029274202
-0.321112961992061
-0.148799476633608
2.00337789552327
-0.0640904916758149
0.486634391058914
0.321008492487169
0.109971048482427
1.78787876915524
-0.100373968525798
0.754277214325243
-0.432420925672378
0.816523182217121
1.32946330370917
1.35842080343458
0.542045207756421
0.290634271153425
1.11352851124922
1.22532616908956
-0.684191277005452
1.79515363748336
-0.789824187810861
-0.363876900271255
0.664239797038379
0.467122046070494
-1.87365433923566
-1.01630865889034
2.24799202430816
0.132869347016823
1.08266641860413
0.500392895923771
-0.298792758723907
1.81307133276979
-0.707214729991755
-0.344222314627075
0.6721866740364
0.194805459525735
0.267358076622945
0.500660798862064
0.196253287405535
