0.629694638318085
0.724756933689368
-0.189934111684931
0.0210411127751763
-0.166440244865705
0.357756792950589
0.385293451338473
0.419912293485162
-0.294157847335916
0.126494970021515
0.387554152796304
0.368619503702167
0.47349064958632
0.256888661926667
0.0966550063808691
-0.284822425358028
0.575065921953593
-0.225131335028322
0.339051811031358
0.532572619419774
0.292214659760244
0.17375131239577
-0.585292682597425
0.292408131854438
0.64485136533683
0.4652121693008
0.411902282577785
0.454362256787211
0.472421571952381
0.40162820717484
0.246706139511677
0.312915952545575
0.167691002952283
0.50504674569947
0.182792833642568
-0.0508717465919956
-0.148444232943146
0.100928059163842
1.36140421010817
0.279605901732549
-0.744196640566542
-1.03012300508666
0.0971939950475023
0.584217269093482
-0.420302937261904
-1.56511706830933
-0.763918363802017
-0.465868195720814
0.389061111606276
-0.118842991844476
-0.773085056078979
-1.35340058161251
-0.996856236283471
-0.728152168908435
-0.594588012297307
-0.839789252025057
-0.193729002719801
-0.576142639114302
-0.163480574965129
0.474848435814407
0.894983777284492
0.825441531408633
0.253809315412165
-0.157696169509189
0.546950711557774
0.23777373256175
0.140096053619638
0.0311935489346901
-1.62612946822402
0.322964961584103
-3.02792782819486
-0.853315247639076
0.597315772968873
0.39227775381013
0.0829749599186464
0.618511791946555
-0.0732865986468327
-3.56337480601405
0.173486434612099
0.220787605604344
-2.79219076753526
-2.17547184693696
-0.687273243887682
-0.00599416297749831
-0.910301558979457
-1.08064144114068
-0.201805564273665
1.14951300891362
1.62735808000438
1.30025165666891
1.21884578004961
1.73776143818836
1.79954749353057
1.7950439249147
1.30774555812481
1.20151801069682
0.269183404509621
0.896683522724718
1.20531303922552
1.73484428035228
1.25057950742535
1.37274373233431
1.19434032165083
-0.246639420976856
1.24936162945388
1.65055939619374
0.937227740402229
0.550714927955644
1.71806473976963
1.6291363629086
1.41506358382536
1.8218815055178
-0.0920885292028752
1.61982529219203
1.12475182547129
1.42979008570086
0.755172780932466
1.54591400938624
1.33497590379444
1.40111945543016
1.73702918523987
1.63451850936339
0.476278083337207
-0.0677606025525214
0.278135295633666
0.171965591198843
-0.287748441703674
0.166514725915556
-0.0938794795297433
1.0900627739506
0.49252794998973
0.764616928304508
0.763698968313063
0.470031587373649
0.250548030113274
0.831159774180485
-0.372281105223198
0.590267982422634
0.686142519663631
0.421551698169077
-0.403260528117152
0.324473427525681
0.391064912925427
-1.91176692076773
-0.2767511698529
0.334441806598904
-0.0445031918754728
0.301181605779351
-0.273473877707323
0.109130382337817
0.147036855572671
-0.607377825913477
-0.0282411304903454
0.138332411851983
0.150367534298979
-0.919240515653631
-2.14285205555102
-0.718852159778226
0.273130163832324
0.725545918020297
-0.139330283178508
-0.960869352289752
-0.304840808639735
-0.285129535199281
-0.057575194067833
-0.693363059270248
0.152265776969453
-0.0713216252567596
-1.66486364230097
-1.89827053743699
-1.54249785861979
-1.48057083403331
-1.67170281853501
-0.153802637990747
-1.32775601065002
-0.140694200974474
-0.876254972011104
-0.130357273578414
-2.21599322411869
0.92570906818298
-0.975667452323174
-1.80326806952059
-1.608961823058
-0.253577990584526
0.0932011033981484
-1.59939712595179
-1.3721934008222
0.294271861295034
-0.538099385223338
-1.63132839450158
-1.12424453790828
-0.876377655035135
-2.41057254431084
-0.985215099649887
0.379620547564448
-0.354562924160698
-0.520145621229414
-1.88743999110626
-2.91232069646837
-0.142054177981162
0.0671032472018891
0.488961273417127
0.504139489695254
0.654003773778581
0.0841257584356546
0.56124334593557
-0.116811863709672
0.290725983865034
0.599525731910335
0.672277055768916
-1.01520242385585
-1.37605388359931
-2.042838781228
