-0.492709660065624
-0.942409411036451
-0.0898384285559393
0.700583098898741
-0.148570094172819
-0.123504835577587
-0.278825815338812
-0.252081740136681
0.205034350234823
0.124121574509903
0.199946313414079
-0.61223569840028
-0.455912022107263
-0.26364829024328
-0.579751617416222
-0.344988572695658
-0.40570524480095
0.104328425943988
-0.354116379366986
-0.341448041063101
-0.698454819500149
-0.135750139335493
0.162994495248516
-0.14923487582578
-0.368142679813256
-0.170712854568253
0.127369446936846
-0.631413796342822
-0.482727469766586
0.0527525732638527
0.110205493711604
0.453283319430418
-0.104801961737343
-0.891329634924198
-0.0534132057038471
-0.377369148509798
0.0414759687600882
0.118914844480253
-0.0985541503895005
-0.920601824624361
-0.880278416899389
-0.458849772238211
-0.685899682860288
-0.427703532466924
-0.578179265317869
-0.214097887847304
-0.0410797520854008
0.122190677850373
-0.875077805360699
-0.735490993472755
-0.97619502731125
-0.608363166096507
-0.0372253473886755
0.167522445644675
-0.133272446864446
-0.301829650627233
0.54751421417658
0.243975796725746
-0.513744743647882
-0.451042556316101
-0.292651732052
-0.49498234664068
-0.551701421211105
-0.444471985541595
-0.684297898592814
-0.561354560950879
-0.296499706023661
-0.840582693813554
-1.02039557348416
-0.52762723315777
-1.0122702131147
-1.06236385872773
-0.745240487219479
-1.12522634712696
-1.38763454706606
-0.605301170890933
-0.126357080382671
-1.02689390055456
-1.16662330297948
-1.09136587159606
-1.29553988021596
-1.56363522775801
-0.955555623192298
-2.09524673173302
-0.607578887498954
-1.19503843615466
-1.28451764672922
-0.461518283906313
-0.997529961334163
-0.914715284491642
-0.988891553013392
0.0453508435572087
-1.61536117928767
-1.01867791673551
-0.709711666430671
-0.170330933685486
-0.135027617599963
2.1579119189967
-0.0695510896027265
-0.311737308430895
0.428898100366884
0.0521521308739072
0.151561747174603
3.21429959541125
0.348527468553551
0.269915031795903
1.07391864962867
0.466798296988948
-1.26689662669994
0.191806507063946
-1.19190165972154
-1.56988038590984
-1.0236488747073
-0.679645408903961
-0.317740001227749
-0.922493557190135
-0.13695644841174
-1.04021937243121
-0.807541182394744
-0.675021008071374
-0.774756685904054
-0.680466853230941
-1.03802073352417
-0.560151777898221
-1.33451873301932
-1.28984491172593
-1.16551846798989
-1.43036012321731
-0.920342017491359
-0.945432472032218
-0.827193544318268
-0.703330041329839
-0.981614801692783
-1.32686567214296
-0.853715345285396
-1.44625790595643
-0.97284971896915
-1.38664547382835
-1.70813017339871
-1.18201279552778
-0.539172617686986
-0.976891940987063
1.569220615322
1.20207844843173
0.723307315306613
1.52109210673071
2.04476707969418
1.80484311336154
1.76891444518325
1.58979593423893
2.61505467566542
0.930739189267492
1.54997849957308
1.38781568321395
0.974365100831309
1.12651127666258
0.627223357213894
1.08080517066108
1.37555575177261
1.58777012528154
0.271224737155671
0.378787113254074
0.0718907880772033
1.35844397300884
0.708542777456583
1.0555320331728
1.22584365923633
1.64526647056463
1.67961334267257
2.13704856269243
2.25179217902215
1.5767677889619
1.76895796871675
1.47547910543999
3.38577994937017
0.841311377856851
0.606597145470169
1.04782197187837
0.332146007992143
-0.663855619808666
0.716503557100778
1.64935077354533
-0.197817285912506
0.141722744021266
0.70851796465578
1.11662212377616
1.51358262955152
1.51897327025454
1.35609728307534
0.543866689818701
0.123596398004249
1.33024472040819
1.73595394207266
1.15232788898082
0.843274636662627
1.04014984202626
0.828311380826473
1.47817994689524
-0.346927863303732
0.853841182630787
0.86904495098838
-0.487052558479116
1.02559208747031
0.657242969884213
-0.603066662598003
1.17287922430027
-0.510991121326214
-0.519771921546212
0.138392213226111
0.162687863555519
1.06786429247783
0.433177289934526
0.786073947351028
