1.48554148112435
1.02837437573498
1.82449578192099
2.1367617763718
2.06003821844498
0.129176746160967
1.47074653894207
1.83759985433955
1.3428699480135
1.47676602234667
1.68612676060506
1.80945047551434
0.556698660153461
1.3842673698021
1.46983459685511
1.84290924243643
2.06812925224038
1.38990693826118
1.70168527799836
0.179913135392707
-0.259025749819169
0.179276863991982
0.21318037769663
-0.163546290059426
0.293831522634775
0.0679771075631087
0.0619594295912514
0.510974476537346
0.862148352017746
0.915143834346035
1.07441895154802
1.66557603611963
-0.0120390678714238
0.227965930999606
0.442334871985584
0.453132043974797
0.946356363987144
0.556965085853446
-0.144842792661
-0.198469259363462
0.369192247704912
0.811667623469243
1.25261972366685
0.0737847219223633
-0.288857068095985
1.64002819784662
1.45142691083075
1.40562733430501
0.775346964964126
0.761813113809192
1.17574522322983
2.38071752650731
2.43882087387067
0.704242346640362
0.324739000089775
1.00616139489151
0.887102798942401
0.526406118843692
0.275802035551052
0.550686032497922
0.736542325978828
0.513327573335263
1.38450213917471
1.06138186255528
0.54915599029082
1.21974990845274
-0.0749172493869585
-0.868137788368255
-0.322948505551567
-1.26163223985678
0.0273408122699349
-1.47604680680268
-0.479970624955879
-1.09414357573325
-1.33683246958795
-0.302002309626163
-0.359696693587416
-0.311260839620131
-0.0709014183403086
-0.658181589450259
-0.468283511964308
-1.54192714909825
-1.17898624273604
-1.59189437448125
0.117987078113049
-0.894982425526742
-0.813109527520097
0.922516463265374
-0.0863531816116446
-0.502487585086747
0.543585947682107
0.177619074628825
-0.41715710928371
-1.37628037764324
1.62490774666026
1.74674912894355
1.71666787255597
0.94305114140752
1.84137531678597
-0.227027643358179
1.06037459623869
-1.05760859988401
-0.287900686914916
0.412033894550017
-1.24239481986785
-1.01796018018922
-1.28229681627374
-0.625623004991576
0.242504567257059
-0.83424030901492
-1.01651874011936
-0.867000646293102
-0.709444445092357
-1.50107195362657
-1.83289742604306
-1.72412986518086
-1.72158397769886
-1.2754302347459
-1.25766681863049
-1.69421896446868
-1.7806369297305
-1.175236313227
-1.32967165455374
-0.458633213740669
-1.51739990182379
-1.41634736175892
-1.24982322420151
0.0476201531315219
-1.21690273687162
0.25164820825988
-0.436785166693589
-0.318739190488893
-1.79724697336419
-1.03234598400588
-0.0334382369218984
-0.563779331972841
-1.80654808315396
-1.81831399728953
-1.85984145664858
-0.467934217882928
-0.992694865841778
-1.06916416492643
1.21371746285598
-1.21396742399037
-0.716448396650233
-1.20966447593159
-0.75518984870912
0.0719673645065995
-0.500140921556193
0.394974334525313
0.311021369595473
-0.702626247716651
1.37453812667461
-0.552812652971761
-0.629955343743951
-0.302154779968102
0.239337466113048
-0.123676345906073
-0.573461810621256
0.581727169810176
-1.1145290561565
-0.827564008165294
-0.546838034803587
-0.18516441182297
-0.0796375813347448
-0.320456803174121
-0.380284523697408
-0.106984803028478
-0.618445036766541
-0.147782564229505
-0.10007242820188
-1.17210943371717
-0.736774799938064
-0.714133823611663
-0.165777191917014
-1.08618001337055
-0.632848832752924
0.117313069077824
0.518916500105863
1.77139498689586
-0.0723663723069643
-0.148422844010072
0.28743678951666
0.580174461580549
-0.646489073157266
0.783469807416527
0.930310970512878
0.560795956048813
-0.658685324545745
-0.165183355216166
-0.247410458177084
0.849039459657559
-0.882414936442498
0.405432909979942
-0.246353064519399
-0.193674328739314
-1.16237424536488
-0.203028932455836
-0.621144438097975
-0.360478981431207
-0.238262619319617
0.0718946898485618
-0.631305841419159
-0.561537553343217
-0.804970087846482
1.13260484622049
0.209186543840233
0.0207788117095685
1.14542698901121
-0.351192047767308
-0.550826304974699
-0.245168152527455
-0.598183260832717
