1.74345236375049
1.47994375076488
1.02126781331004
-0.0316746574427308
0.544711425644498
-0.729051776617194
-0.776583298738082
-1.60860360901467
0.374812655930221
1.13781535438492
0.517246962664207
1.49161283703421
1.17591762009012
1.2934970339437
1.13719825312483
1.60619166746379
1.4265150634879
-1.17924816161631
1.78783664551501
0.242934117522811
0.041466243763067
0.612173642455514
0.811405957302997
-0.409374742146784
0.6480407728168
0.212291318250787
-0.150390830022892
0.023060691773305
0.0937045546959572
-0.746923770481175
0.447984083332612
-0.426758313237279
0.323682314311336
0.234806151676392
0.539253093894945
-0.163337371750842
0.333049558016535
0.0468109835912605
1.0000200132019
0.446156322105906
-1.95305371011063
-1.03615376376116
1.69845785616468
0.0817614502069778
-0.233185371266392
-0.92482715134266
0.0311435477890404
-0.78638253494413
1.43439776182434
-0.208403290003938
-0.361460982274459
0.144134749767552
0.845798629683475
0.271768051950811
-0.461539426458743
-1.07700314712225
-1.10011611637721
-1.69748150104462
-0.14731398880413
-0.319588685655672
0.113857582805397
0.223644684759863
-0.357675103570225
-0.140669943917414
-0.881569270353306
-0.816723864564441
-0.0700678520250984
0.23787432541661
0.428723124892725
-0.708530746985406
-0.786681614788482
-0.854705164363167
-0.184785841730795
0.258314009241475
0.712710156534155
-0.0792567012151165
-0.354714571736058
-1.35650556341683
-0.0442173133969599
-0.286533135173119
-1.0630378593332
-1.91894031801476
-0.104266763318526
1.17783092349175
0.961404207205783
-0.227476464181803
-0.0789469504711362
0.108805729416567
0.858365729609782
0.154345668378421
-0.330094472565226
0.513790588954123
1.51983079689915
1.35759732181131
-0.377358209897917
0.760803783713138
-1.33549232969253
0.98305337799821
1.20387686070151
1.13542086705827
-0.353881274998132
0.859310348625634
-1.32624622691652
1.35670960001326
0.755375714384412
0.343953429466306
0.172116946752055
-0.571205089366143
1.02691284854929
1.13474698875977
1.25348258532224
1.60122902992248
-1.4405698788147
1.37362240307726
1.18080823985625
1.301511682807
0.573284812604025
-0.324693519792707
0.0558107713475725
-0.0644826367484789
0.423948483912507
0.729402004307859
0.629319795737593
1.25903655998348
1.05652774264749
-0.752127024042903
0.369292211432284
1.10778767948912
1.08563039490136
1.52145792263434
0.94146633248465
1.02211148834935
0.824898387205372
1.02902633354335
1.35277921298584
0.964319434697795
-0.355812185251421
1.03527765499156
-2.09935688867522
0.719147204592188
-1.09494602997958
0.790204084117205
0.68148493508087
-0.344640598046763
-1.4038339711703
0.837362840468421
-0.36529118272482
0.555757784292526
-1.25073542768234
0.8528375409125
0.662294190632436
-0.441113022102928
1.40405091643302
0.215563700734112
0.620970487116264
-1.09682091329911
-0.114558263240396
-0.807140102492069
-0.0366698917725381
0.510380190659643
-0.237743063176612
-0.365587675755879
0.140252056296588
0.795425081330686
0.705092714085262
-1.36818871488163
-1.21915634723727
0.42992471371788
-0.632245562910446
0.162877888195153
-0.244925923146272
-1.06538233546539
-3.39482836342701
-1.09564480846763
1.12119205986254
-1.92652686214354
0.150189319143432
-1.56768609569392
0.365168684284104
-0.314566358829383
-0.223240632094802
-0.230607928173571
-1.29934562178349
0.153291078821788
0.280797264407598
0.425491669325703
0.0812050536007988
0.540067840117261
-0.422782841205347
-0.0740427083347267
-0.787462720464914
0.37933466760402
1.04588726433879
0.0759506308292691
0.44670678840379
-0.0142226468480191
0.027809356348799
-0.570658102244797
-2.94797672262301
-1.36397836610168
0.535583324553437
-1.85718113946478
-0.774478596877277
-0.65023189951209
-2.96170037969301
-0.421911401774045
-2.72390225728433
-2.20272276004215
-1.36156746394057
-2.10754835066635
-0.95641226020943
-2.29525313347842
-1.25548899717926
