0.880266593508917
0.468602952474598
1.47061382935945
0.581029313485205
1.12713485042774
0.358875340418363
0.49280050750721
0.925279693095405
1.09730406512395
-0.10093471123026
0.117125564115328
1.79801400213286
0.103811567311609
0.208766189386375
1.80262520938297
1.99015191993988
1.52846472838106
0.852609061487192
1.50555508430129
0.240713957595682
1.085000781849
0.634391032039738
0.391229768193087
-0.93404502985261
-0.563088647743284
0.0794472788820036
-0.265821392750411
-0.774176362001359
-0.749837732482901
-0.791845350592413
1.38560636505425
-0.8608693850007
-0.250090840351935
0.499098489833724
0.318457781755064
-0.388992390925828
0.0676208525717722
0.162638864928106
-0.759147148299997
1.72350850427087
1.43506187040895
1.14113633200222
2.57530399508356
-0.461728684244042
0.461684128346149
-0.208837890720521
0.459919625530241
-0.243241119419264
3.16765533421927
1.47332296606419
1.23380687265226
0.58732191717783
0.802971574681024
-0.509542111350897
-0.777854880942971
-0.494897971162292
0.58762701647248
-0.264001777908948
-0.122576621255856
0.80807645714268
0.272968235318243
1.12928692200315
0.640405079056064
0.537958790262891
-0.157957351461533
0.21690877124538
1.85363521587722
-0.507001752195777
0.0340014854244613
0.0745906777560992
-0.806297266760552
-0.136686208210567
0.820777051146885
0.0197315305874824
1.72446808527095
-0.741202089824732
1.29527153778059
1.11109401151898
0.0504977459259514
-0.212645754719525
-1.12106962158342
-1.09195532786629
-0.155992342419446
-0.130905207534551
1.0685362280069
0.11944413953857
-0.162245917733342
0.506356463244765
-1.67767039108423
-1.32514225831921
-0.662921412062771
-0.46075038263392
-1.69373435870183
-1.57738371980574
-0.339322961778504
-0.315143284506238
-0.951696296430224
0.0265564495041537
0.075776844326052
-1.54279672671602
-0.359357604468453
-0.838808519376781
-0.186068748587314
-0.0630247677945294
-1.25991129519911
-1.50014867674897
-1.13372261080467
0.532486718397167
-1.88762500766806
-1.32667489970277
-1.5196282995442
-1.88734949155994
-1.24864953871492
-1.99874678039107
-1.48911880601554
-1.97895887639428
-0.972682702805131
-1.77735766795356
-1.57338099829616
-1.6807070618042
-1.68004793040261
-1.88221238391674
0.593279900704266
1.16704170059543
0.38421500203028
-0.206859933995637
-0.207732542302402
-1.18981725716564
-0.409830553457919
0.576882827328961
0.907988597847974
0.25000116653524
0.0653027572710266
-0.709271403908292
0.0508150045503304
0.323572988359255
1.15666605993161
0.715526422084787
-1.35621636992951
-0.679733331928346
0.140841718706317
0.920750355710853
-0.0980416211960605
-1.47668346841288
-0.0341099424050255
0.396483005062698
-0.327337765810103
0.127648031343406
-0.0807387460439836
-1.53970012682736
1.33258716357531
-1.00475127435717
0.429256590125726
0.57896872776333
-0.0823622330484994
-0.677106593523841
-1.67670384746438
-1.19839136798206
-0.0742709158388801
-0.181360466934387
-0.680051735596606
-0.955193886420491
-1.34628623011387
-0.924695586165091
-0.440815100251095
0.145899595870806
0.562218399247088
0.359094381339075
-0.102256355400686
-0.675827579807795
-1.0772049670792
-1.04204477515338
-0.0746135968819176
-0.758315977187208
-1.76275304824117
-1.52321372540977
1.57200253400902
0.0350444618642652
0.992044742202868
1.8115520232699
1.29104588993591
-0.715644136269429
1.11992533145838
1.74052150122463
0.597708546014249
1.27268546176347
0.753148888577539
2.08578914136946
0.976004096272157
1.34064596965764
1.89152650587794
1.00229696946497
0.183576929159023
0.337687239737321
-0.374278935147544
0.0199085133682854
0.0978424947563397
-0.571890336882131
-0.891431931763714
0.479348991632351
1.79501216956306
0.0572345227440908
-0.459919168798376
-0.693988870938953
0.13654957204356
1.00391649313308
-0.077788235580118
0.0326106430696725
-0.0286870599134842
-0.420833478332435
-0.332783028726856
-0.565121044853166
-1.30916234675754
