0.764906034775112
0.645772803079966
0.54503151023511
0.884621186923417
0.777485816824175
0.571275079577612
0.54895288117154
0.505350591076212
0.340692171721392
0.301277984178894
0.577897567310894
0.0126316007676118
0.593326964347391
0.801565935210259
0.608185678206412
0.91593125980645
0.893136658642443
0.395778070645948
0.745693723165446
0.740829268858442
0.869377256582741
0.872216198422045
0.738640033807419
0.486057271593535
0.936007072055412
0.461189577317353
0.361217019314281
0.721829710314884
0.717460951967204
0.599663865078632
0.465762254289334
0.507011376451027
0.351927720819308
0.655622140776159
1.09811883732585
0.569411153221414
0.229395920256691
0.622176579126732
2.75528534356231
1.03320043357346
0.0296169765373146
1.12234154827091
0.327878159178808
2.76085994505666
-0.716327416956932
0.868396725300078
0.984775604255748
0.926705671927721
0.732362684039862
1.07676542809314
1.28742988544443
1.97400615069291
2.34993205303936
0.584428898883708
0.607029410410256
0.948600033561393
0.86697568531804
0.858651032246481
-0.174430448296457
0.518028224853934
0.0603734157930073
0.186040827324225
0.935359080448005
0.882742135217595
-0.0703392332928495
0.539385037646266
1.46471749283222
-0.310353933087125
0.852558118353115
-0.244169165813923
1.15801979757009
0.574512371989896
-0.0757342043051803
0.0308556123928058
-0.207507380756276
-0.535904198248286
-0.495952443357927
1.29769164459102
0.0604152872820536
-0.437165563409658
-0.0259334918770957
-0.622965424652041
-0.152016477493717
-1.69000915431652
-0.325688979761268
0.0449240003699055
-0.405305110718607
1.50620218489252
-0.0978398689778526
-0.12085867299172
0.693664197812329
0.329703630309274
0.530822477341291
0.367380880345145
1.48554287736481
1.4749817999313
0.000172458738874075
0.519062172734294
0.961630135046498
0.248187223047455
0.865649559675397
-0.571021843941042
0.510733195099348
1.60141649495675
0.172874212083993
0.316417742038572
-1.6649883824745
-0.219081430404495
1.01758872985817
1.07334053776134
0.818099672624083
0.527065160939087
0.691211269560132
0.665431699385253
-0.947003044881809
0.341007905949681
-0.641116322546212
1.13041561645732
0.478823869277837
1.06028831440227
1.11759100720823
0.598669835051118
-1.46403038277006
-0.205971922234634
-1.06978138149891
-0.994230896220151
-1.23651058134997
-0.887703387884412
-0.858428967676822
-1.82103060342089
-1.367355049207
-0.673424574426645
0.128503964336831
-0.0514600354083241
0.973684396978154
-1.58307636135532
-1.45065541463134
-0.768718257513084
-0.761313753951653
-1.08072293566051
-1.53055675651278
-1.70400543397764
-1.49889614797626
-1.85856251735135
-1.18628319875086
0.0245602743595598
-1.3919496011341
-0.354878055266809
-0.753739417925413
-0.53226577923432
-1.01563434828561
-1.69726361428514
-1.2706301071464
-1.66993829345694
-0.937627648639514
-1.11617593790375
-1.70889609669435
-0.884823258740852
-1.37494068934536
0.244583943953191
-1.71484766269149
-1.21330925824877
-1.48584074471381
-0.916008237367882
-1.85404289840915
-0.50303811735066
-0.428698440027387
-0.714970530232978
-0.0566343822312501
-1.71431575223854
-1.8396914409794
-1.35025246011357
-0.63823941044874
-1.70043557819945
-0.743422057067129
-1.93330517529499
-1.33058838568811
0.673409044451784
-1.96429204799219
-0.765092111847863
-1.29994878654873
-0.421105528429569
-0.61612958526112
-0.5688370361351
-0.75433977652117
-1.05946455609933
-0.811300018299337
-0.563869092541955
-0.875654015241514
-1.03432175846385
-1.22026454145218
-0.955886069861539
-2.2995638454423
-1.06413827953271
-0.281953989269102
-1.54282120784246
-0.32846329923029
0.393982889144566
0.126073799207269
0.383994005437878
-0.845406357648921
1.19717888225422
1.22851833804335
1.30472187025893
1.42857492223925
0.862517514285074
1.77164670503416
0.982719684277475
1.10159338447728
1.26594514862924
0.0431338953909988
0.00907072779084405
-0.458994656380716
