0.716937089340301
1.00267257729649
0.846934587730183
0.882646217180657
1.00743306217931
0.209834601561711
-0.162683795245312
-0.161232928907126
-0.0349922737758212
0.413722104810242
0.415816271550261
1.25198652350644
0.471030757893691
0.38436087762827
0.604461925861168
0.927963765025627
1.09425994844247
0.835983688453263
0.982507637549148
0.536484684748029
1.00722880582655
0.659516071224087
0.23350127398533
-0.277392749327403
0.353599262825047
-0.0974699647020057
-0.421380473882122
0.455145332809004
0.172953943011066
-0.321630993901716
0.378655969086862
-0.0197525037137845
0.217249774167034
0.723535367653796
0.276178494140751
0.0983142691730276
0.212664930468604
0.528115096530541
2.47607635624611
1.19599907653976
0.832356443192055
0.539967787336441
1.55845336503583
1.40208389305292
1.02245282575676
0.640102594729216
0.859863117264635
0.959011369001388
1.76757074203894
1.0824651261029
1.17027920708222
1.50749008027096
2.05594920788574
0.54685772929377
0.293448970455863
0.829772910913837
0.757012515733777
0.633144973400619
1.12164586990414
1.21015632344362
0.788080739438171
1.30523674385262
1.09437847103106
0.866403624735559
0.499484784896809
0.880502076409728
1.60970396814918
0.835802405683985
1.15154672116095
1.07408125754872
1.4633948968965
0.98051705248045
1.04167351111458
0.377661156175042
0.735091241390472
0.553143913041526
1.40004152683971
1.33904402487912
-0.0290459247255454
1.03629912869248
0.377079970009488
-0.229685987135469
0.848335708585028
0.50648027839804
1.06230221883111
0.909918843710598
-0.0808029548666095
-0.660336287062289
0.258327835901426
0.768200553304099
0.670843903669439
-1.97749334215767
-2.21893511600295
-1.98552504334364
-0.527847054262272
0.304266840208032
-0.0324265434295367
0.443366252539844
0.0678798791736336
-2.04583928431524
-0.0537393041502236
-0.546711247922485
-0.0731006519616582
0.196830740394817
-2.40873249868383
-1.92547068479129
-0.459074202222106
0.711066416353356
0.402757383202796
-0.963244307707102
-0.606055380939011
-1.77689451662857
0.436274149017872
-0.668683632643117
-1.49672347044808
-2.08450245780144
-0.18785513550948
-0.386404174279336
-0.019894910201258
-0.785921581570674
-1.69652501928744
-1.85556411201908
0.69132631836429
0.28883014624018
0.327276409944747
0.11157868144042
0.796975605407451
0.585304431993164
0.696336327681946
0.389604928469311
0.726573184950712
-0.0357552753032512
0.852365347578821
0.250033685488643
1.20177660048522
0.510432267426753
0.448818212662186
0.561323561775536
-0.883084063271864
0.482388590485871
-0.235191375104821
0.307485357851254
0.515164391462602
0.141687983256002
-0.0200658213443298
0.270017948584632
0.349606191905027
0.0718568459905715
0.15281182088973
0.328562125385308
0.950645937406186
-0.218579688853986
1.02735561472908
-1.31309102350857
-0.442993887052236
-0.388804434561769
-0.277535388985911
-0.158717843340615
-0.212854754992425
0.414162420221149
-0.0407002709826971
0.39073732047622
-0.0824132415858837
-0.0159344760182786
-1.17077681868673
-0.642651232815776
-0.092673269817349
-0.617265497257515
-0.662843383138391
-0.996050187746827
-0.675173456826492
-1.50697069130682
-1.5320055733402
-0.274874010310925
-0.572106040081568
-0.425233629305088
-0.076695175967089
-1.18624036139715
-1.25677394227855
-1.16823634545314
-0.704068508030381
-0.295987993639521
-1.31716478193869
-0.769683851469173
-0.351256886877633
-1.25637536388278
-0.305021598541939
-0.528290800881151
-0.491362900835156
-0.99393519721913
-0.354488661700265
-0.619027882195783
-1.6086823705857
-0.572422285274265
0.109047138168408
-0.68288235148475
-0.825002635009796
-0.287451475679825
-1.75295918273897
-0.470314871303658
-0.604773625353505
-3.34373694325643
-0.345863724851288
-0.878238201592029
-2.54459772271031
-1.53451209588619
-2.26688976528574
-2.39605739051536
-2.98713936843938
-2.83028007871582
-0.824009191822747
-1.2825046243757
-0.823115008526181
