1.0350866930062
0.537137173061843
1.19617198021775
1.90584347609848
1.31683884202708
0.432561506653008
0.559732214596001
1.36931143705648
0.0634664989192455
-0.374130732353776
1.51274966439037
0.957054892009508
1.22916296483913
1.00999103621019
0.848444560807308
1.32726026830246
1.20667226312279
1.62936358532342
0.900671833132605
1.47479000063623
1.54209997423131
0.854811172737309
0.551834822042247
1.11458461081005
1.58818207309102
1.17017405918589
1.30246009064099
1.43869259731447
1.28759962893533
1.22290559161194
1.55575407822732
1.72182286946965
1.00546777453483
1.89287925816734
1.7245804452617
1.09627553504329
1.50390317442202
0.802930461233052
1.6478026460195
0.622178107201246
-0.28597216175117
-1.10687142709073
0.654542930881868
0.209612242466563
0.473615086563586
-0.0823290571397674
1.16630058749989
0.746484168544244
0.491835759908556
-0.410363372184583
-0.690087433966396
0.638295217333087
1.18171135549791
0.871448494327529
-1.39575454066121
-1.91734287230499
-0.233010190904036
-0.415255216745223
0.0119907237423122
0.741470180382666
0.9024973458053
1.06883950252209
1.05462812335284
1.04663980878069
0.822430962730836
1.11136383005775
1.66681013312933
0.356135650709636
1.07124267703117
0.479315613348222
0.52573401758019
0.524493890542761
0.864459342246266
-0.00140290746363888
0.237751358621898
-0.192513712671921
0.775836189793916
0.456601720090439
0.0635458931356261
0.500656755052164
-1.88972488072715
-3.28227225391908
0.019111051962587
0.084267527806705
0.273116007740982
0.340323535711724
0.346036358443298
0.357160496488863
-0.0386774021849433
0.000354811846327703
-0.0268541750645958
-0.0524246264958733
0.207572092636964
-0.0303563371663035
-0.241985018007737
-0.144005370155072
-0.248449481725387
0.470708249850994
-0.246697095764758
0.00316134757983519
-0.630231148416223
-0.606831371312754
-0.458366877366613
1.07817287985477
0.302958944030591
-0.295583983487777
-0.563101649791609
0.144855155077762
0.58653386932724
0.554902308737508
0.329921752105618
0.301658462062662
-0.493420594751427
0.377287235323289
-0.941976270332365
0.331138374579955
-0.12833548730828
-0.385171408596877
-0.173642496051084
-0.424990660647606
-0.213198021458028
-0.205149540753447
0.881796157889263
-0.523466329856518
0.39076386358645
0.0345504549014836
0.116918618757048
0.341665299701573
0.00640935890739345
1.27862271762351
0.605510470244774
0.0910302120525108
0.660301574108548
-0.214505452035622
0.218579035444009
-0.117279596628287
-0.33371307704141
0.399617942835913
-0.111587220151947
0.0249135827435394
-1.13707963690942
0.974509049227891
-0.0405768022049551
-1.6714470871554
-0.71489656514183
0.364527159561557
0.218369873649403
0.378742662634142
-0.0701150956078393
0.208983160304185
0.491077663403151
-0.885079395199965
0.11507978276942
-0.526082728088696
-0.309070461158361
-0.917775976948225
-1.69708358469771
-0.847052699471381
0.261842221138391
1.11105198907901
-0.529449456842381
-0.755307733840938
-0.544051513294702
-0.234346371560251
-0.0182354181787835
-1.62134672418209
-0.22993023898566
-0.658022873714464
-1.45880146815525
-1.30149191494108
-1.23007438980419
-1.82599223428765
-3.01981694062331
-0.260805195469851
-0.385328735217941
-1.44831746546211
-0.831429526652707
-0.972972225286987
-1.88478485073356
-2.18720835299441
-0.849096608484753
-0.903141302442722
-1.82743285013656
-1.77507060086936
0.121941299696182
-1.12158565213031
-0.471095267975785
-0.050908228256004
-1.1031679467497
-2.08958492283524
-2.01734607540756
-0.828379052678544
-1.74239015971273
-1.12326716332446
-0.305683123629648
-1.1969984067606
-1.2807818922094
-0.332494663138637
-1.98723886179722
-1.62296125414255
-1.50493453871608
0.767189550546412
-0.969694153339031
-0.0841068245495477
0.187145303812504
-1.42351306723637
-1.70958119453377
0.359885902527599
-1.60665921318345
0.655756040287814
-1.01035101594948
-1.75107387636756
-1.22201779906584
