1.0228281627962
1.22343198181124
0.469655435164018
0.403415283429847
0.752485521569851
0.313646689319229
0.134568271969462
0.189310823878823
1.06789389875054
-2.07476480041284
0.570081019138683
0.608973710353912
0.465043390106399
0.45356140343544
0.225730748028626
0.0204587616369318
-0.295436428741956
0.740368936918219
0.719913931807265
0.914351197747234
1.22804044994086
1.08664316417249
1.18254395128208
0.0279703060509451
0.576672072477992
-0.154312385945237
-0.0119727361098155
0.622543523493286
0.139977123168856
0.113207392870969
0.769936253781652
0.408611257019098
1.23729114071062
1.27089061264484
1.41670704967995
1.09217742976082
1.07326917825837
0.670064627245505
-0.215594291671875
-0.91155323393781
0.578969531379798
-0.190671298037756
0.19544623516838
-1.71848435093916
0.0424386317853385
0.494418810920362
-0.0565808626060261
0.447539807836787
-0.462980778847176
0.497756905665062
1.10284640875169
1.3737779062629
1.79315900020939
1.15186044313747
0.8870368085079
0.909810341633062
0.877641599963063
0.870604914282548
1.2817443230386
0.515017234114036
1.02937250032525
0.55938803502748
0.716115916643042
0.233915446849393
0.855552323231369
0.369094949778394
-0.131385497796515
0.00820690136361382
0.664240621601254
-0.963920776389203
1.19363122553447
0.255458448375449
-0.193251727704466
1.5074085918668
1.08132660036385
1.32147167520452
-0.77884695602068
0.114862018611085
1.29623503943933
0.289237556102132
0.375899855447033
-1.06180355757994
0.202032230684934
1.27202458527319
0.676165533176895
0.192436837255411
0.940418045038021
-0.462488695325276
0.897568122965171
0.618460422967119
0.687630904864687
0.987115957998241
-0.0482351679827957
0.237915148461263
1.28331835961113
0.566396302369886
0.110155063487995
1.28350588521493
0.975771746755353
0.48662195710975
-0.176303413038056
-1.21487837793422
-1.07723036452925
1.87778631892292
1.51594398646256
0.4140911298934
0.410163668515428
-0.36169886020811
0.323602354740262
0.232090741828354
0.833167664014295
0.333596385029653
-0.268263381518982
-0.447483017725614
0.374768745575286
-0.0463619011102579
0.323288378266915
-0.0475616212020437
-0.181490816229043
-0.725550602192385
-1.00116969283694
-0.494588065418038
0.542861699043847
-1.52400134384067
0.0831233620587691
0.271585026366732
0.536277604356996
0.799286468081324
1.00774776415036
0.609467241260704
0.483382448261556
0.473670328579753
0.760055807192709
0.102331916066931
0.00517537179551906
0.494270553446134
0.115409440132473
0.449926151128775
-0.213114388544044
0.609449444550256
-0.392202968027919
-0.756283334718862
1.05849882911162
-0.373670859230392
-1.27942868683733
0.388810541174136
-1.10020386391061
-1.46366178526686
-1.10224118056183
0.848952855545789
0.522369802466487
-0.277582310853092
0.498670302694191
0.923972503012058
0.106496801500858
-0.540864902715368
-0.404354091756953
-0.25451989509632
0.421323347323306
0.662359998031282
0.424287766925339
0.902719911596523
0.381120396846141
0.791807610328739
1.63716915226539
-1.59757638403701
-0.550276704065703
1.07621815455628
-0.221570849838104
-0.048600647602919
0.222574144827047
-2.23960478199421
-2.39474559906147
-0.624180054282914
0.952685800421754
-1.8065910617382
-1.52679988473984
-1.60309797332137
-1.20894079999983
-1.7306913223867
-1.41654991252657
-1.75903664357712
-1.49301373383605
-1.21800791671523
-0.802581917636421
-1.6900885228657
-1.00221691663142
-1.61418050981922
-1.61389019854155
0.310135348845201
-1.50400658785088
0.24415911581676
-0.760402177045782
-2.46728932838529
-0.178142442687879
-0.474533031560775
-1.44399558128639
-1.63839302292755
-3.18731087957742
-1.35588027923921
-1.11915328675665
-0.829644604927434
-2.38661852950796
-2.50806161045382
-1.14516443492898
-2.18438792798546
-0.572990436413945
-1.03394772591919
-1.79078437354191
-1.82091602191988
-0.738048263075025
-2.24783276370994
-0.87140187881532
