1.45494128172459
1.2206600892435
1.01701218866731
0.290197912815087
0.97546691430262
0.821011292278427
0.681015906246086
0.49855745741866
0.896770764936138
0.375462683755629
0.951382719562119
1.53933902466084
1.33756845586625
1.63387497070611
0.809733846481976
1.08640033864168
0.69700248724923
-0.712505766781256
1.50638142865732
0.981175063705
0.787134371120193
0.903234002091239
0.318605804324552
0.475609774127803
1.43293194488113
0.341121998227561
0.291730154889797
1.02355493845643
0.775807560477183
0.428035360072262
0.851586951982865
0.56821884159947
0.530957216784281
1.3116566385058
1.06409949227564
0.0674111498224617
0.0896634494434125
0.84099460982291
0.090759145623114
0.0874146560636037
0.0616287873978104
0.217804458445662
1.89530564206311
0.295708770399531
0.973905427547497
0.371307741355785
0.564786502808851
0.687319101778438
1.61015587690285
1.16185727501555
1.29774375876015
1.85966567215398
1.51461784117426
1.10060838614412
0.686996934514517
0.0703828516774101
0.366996624727222
-0.190758103789993
1.39725000245153
1.22239296031926
1.87950133791882
0.1245962898596
0.648936668459798
0.824342907280656
1.26207575107659
0.603702982121498
0.248317006138028
1.3881681924491
0.590031948122091
0.0766783776244053
-0.0809169765335562
0.02463152138702
-0.0243751715830957
-0.684451922048951
0.391738510100343
-2.10023475015288
0.0563666425715113
-0.687125245348485
-1.0305949278016
-0.529268388762473
-0.274802779373419
0.042831485741433
0.94704485912952
1.31809626132848
0.726637249052418
0.209229752076418
-0.711095439296288
0.466510758727471
-1.13969900905032
-0.829597415171615
-0.0764494378404501
1.1030501836113
-0.698166041797641
-0.91666802975531
1.39260855951863
1.46220710281503
-0.173104271381337
-0.151726466608145
1.35235486813078
-0.264408565197778
-0.34587565453733
-1.50614047271446
-0.662865462608314
0.170665682918565
0.193185756252287
0.975122100191512
-1.64033911882897
-0.173345616209061
-0.00157677444355668
-0.62597691786783
0.575246061103555
-0.0972463849768177
0.366455846030016
-0.737593081436946
-1.53366091952901
-0.620639668715849
-0.23143295335175
0.3319968153546
0.170459566828232
0.938311882513825
0.680975358157159
0.992684349285887
-1.68582973395171
-3.18265576732738
-1.6392353304003
-0.0105515274630336
0.427787071804192
0.46155899100141
0.0122018914843266
-1.527182201411
0.217701241568608
-0.939013692068376
-1.11366763392703
-1.12553440816242
-2.66671450425216
-1.57546120376899
-1.35517160177123
-2.73250459072076
-1.14634503728177
0.244499481341541
-1.21137572533965
-1.90361617353634
0.32773995418476
-0.663100755106804
-1.27047591764861
1.81855006413264
-0.417879144693264
-0.568974419219012
-0.258887911148102
-0.0981377768795424
0.198795938064773
0.0185746766415369
0.654758704282632
0.856409801037738
0.452097161065825
-0.553540104558285
-0.527722552389456
-0.498858069703067
-0.510555509735279
0.230449380527945
0.0184458318664645
0.192250104865407
-0.143279236887813
0.681096996934074
0.42038004293806
-0.648193394143208
-0.490603568117395
0.764749927708039
-1.33702955621904
0.0420936122236947
0.157955901447416
-1.77966062773996
-3.04282791371907
-0.383431331258688
0.430990198559316
-0.508148351879352
0.303143126893722
-1.62921745989875
-0.165361180709023
0.614831785280802
-0.249865151371252
0.0305926084278675
0.20879090487879
0.433053031898523
-1.29839535191196
-0.280897824684061
0.820789207441404
0.0505730517840564
-0.0881955701485529
-0.430301239963289
0.308829447347079
-0.327984680031202
0.014544626185273
-0.308911359663569
-1.12083997622776
-0.971926334831464
-0.0714622843590938
0.301370423557436
-2.48461219048463
-2.34089149167834
0.127392523100057
-0.918364372116722
-0.732850209065617
-1.06732804628761
-2.00790569476907
-0.0665678905618534
-2.06860693809428
-1.19811757160718
-1.6227106664376
-0.878000275290101
-1.88520136000896
-0.580481468960549
-1.02487425241478
