1.34965567137054
1.19512472882646
1.27750569060104
1.41381989777194
1.36147853970632
1.23892215283192
1.31967616660687
1.41769094548919
1.32372021432785
0.406134472553221
1.41969947628045
1.40902149548535
1.20134683801956
1.15010848575621
1.28263445178896
1.22885544607012
1.23067820557855
1.46093059403858
1.37531286478779
1.22944505917678
0.83846892997808
0.759410815521543
0.769432529036957
0.982262434992588
1.10833105028935
1.14733172212709
1.07575096645524
1.11920726061773
1.00746512650542
1.17660614772565
1.43962523470792
1.37893435335607
1.03592792480307
1.22035644148866
1.31344905391536
0.784221173883026
1.09007148187213
0.706641980904382
0.78151489086417
0.988146817285948
0.622822149968223
0.719862909574989
1.37041039738638
-0.0839060840590316
1.14870612520095
0.606743004831819
1.22459607072093
1.130467913554
1.41413288399236
1.02471191934183
1.07291013919639
1.48630225854444
1.41594526777578
1.26914231283777
0.790660485058127
0.752254785427224
0.828212409339465
0.48410403706743
0.74595216292047
1.27191722459315
1.47778157298453
1.04829379864668
1.02649385022793
1.09125092169891
1.19200118772597
1.26939587312568
1.3158311333909
0.518801977227704
0.830629773656873
0.504210822989786
0.359634626320014
-0.241347469724474
0.672514920989918
0.146444449201737
0.0365577469503302
-0.992705351972683
0.271489850559402
-0.0676149865421124
-0.556613028807164
0.0389934550193918
-0.696185429492659
-1.61645778976264
0.239239178932476
-0.639159772280587
-0.330977774126615
-0.200975779596282
-0.279243628916481
-0.0106110802447674
-0.00191525484440213
-0.270150309478509
-1.10547190585708
-0.388862584813825
0.61114597557368
0.908781801607076
0.189002119482225
0.495809430992944
-0.363453684343556
0.143846426911383
0.165373731734748
0.178625478518953
0.306345486955
-0.953196840603036
-0.110291008263737
0.721387695649603
0.353510544019026
-1.91031183197686
-0.726052989624536
0.0625765800410599
0.745191195769963
1.17295342261832
-0.0628958907581721
0.559261115676797
-2.39621884096479
-0.534891328933213
0.644995541263292
-0.0139033571263551
-0.338388175534933
-1.93033067159996
-1.03226482670197
-2.87970757118544
-3.05621742969629
-0.605590277584045
-0.768198860340315
-0.791126379583496
-0.412065458222996
-0.520333673644452
-0.285998974596215
-1.33624560856061
0.144067518083375
0.100189698189183
-0.256426615649111
0.0727457022416762
0.0933097677218612
-0.514083401392001
-0.290305618175445
-0.11783580583354
-1.56912199849648
-1.55364816491091
-0.668381504597852
0.550552682528575
-0.585751917038341
-0.244072331961774
-1.03579901339698
-0.105836317192617
-0.968445839095677
0.296968887232059
-1.36553784596008
-1.04361841220683
-1.6257996966659
0.198188868838416
-0.602541736887687
-0.788232295367665
-0.751044545751421
-0.652097581756134
-0.0411180740122715
-0.281344112343066
-1.07875463540021
-0.465453079953935
-0.961816529505327
-0.790849051874107
0.70072916890888
0.185123117587496
0.534619395813697
-0.310298616049612
-0.223907845685723
-0.924860594012498
-0.122736005983876
0.178602163086617
-0.104013628179956
-0.886974646063932
-0.699961880368749
-1.32084480432941
-0.828973085291904
-0.265152363079064
-0.208165489592562
-0.966275394412093
-0.0585420971815504
-0.682018936662947
-0.545019137101642
-0.198232933618944
-0.672297600868522
-1.22656971155306
-0.150369845472706
0.0677355787536454
-0.658098543912071
-0.725332373592812
-0.0955899929069471
0.297083562262825
-0.95951212644391
-0.837050856394241
-0.22749180459902
-0.284755807482299
-0.504196440035881
-0.573891044635483
-0.870092057687179
-1.06998437441765
-1.66473554514199
-0.774165104539262
-1.67470652417446
-1.19746740646408
-0.348371111299593
-1.97724464022898
-1.38196247393373
-1.95064105354135
-0.963128722172462
-0.16257699998252
-1.70380003211106
-2.0063463751491
-1.23368838980298
-2.35002259743516
-1.14616516608735
-1.60215993684295
-1.90686983612762
