0.702802565935156
0.35479116540373
0.282543159367118
0.110203803247638
0.443561721756495
-0.594115896549248
-0.567279721862635
-0.0128672922298956
-0.243215182328422
1.63216238543441
-0.750785529812621
0.124144421016055
-0.371012937588122
0.75714282456418
0.664818908907905
0.773932387431795
1.04641041585926
0.474364451765302
0.837274877166707
0.126786171733294
-0.339739154433969
-0.143756464445007
-0.580096286115522
-1.05108618586152
-1.01295822644081
-1.22481350452888
-2.03587724770987
0.0305609671137115
-1.08540387319641
-0.96091250578312
-0.16175579369612
-1.43513238701233
-0.834479249701594
-0.129537547345366
-0.895931476269607
-0.963679100988916
-0.925847775097747
-0.491825609129707
2.41989317642608
1.24749100669007
0.112493666598834
-0.200911013681709
0.846512734141218
1.75750745774053
-1.4088101277051
0.529653512158142
1.31695249162895
0.897081994831513
1.64426597088669
2.30434769463345
1.51755736236565
0.267922121735166
-0.532836140207997
0.237363197027199
-1.49383567187378
-3.09408558011778
-1.74365961171593
-3.14612039754243
0.482378905810177
0.781638394903657
0.930236953035666
0.267534679716226
-0.854454192456638
0.0176196768044515
0.304115393071049
1.05112317167682
0.717805048217031
-0.477437446863957
0.624432519102305
1.36353031246316
0.64788493984421
0.581213869966673
1.51472157961781
0.321795372140157
0.59143803296397
-1.89164540389795
-0.127422735794596
1.13832543496939
-1.6447391638412
0.046784570997009
0.401918920297667
-0.00270445805306932
-0.737457842564721
-0.515940811610853
-0.28704894794947
0.242077511497679
-2.33206400685681
-1.19682527464212
-0.782814143147689
-1.5573596565175
-2.05137298940986
-0.0831787401547004
0.572894809777945
0.336337546716445
0.50397737215645
0.132366863447002
0.207055744840345
0.733788683192138
-0.595950279811153
0.136855436329406
-2.47951966956244
-2.42469672621533
-2.97659296975979
1.09502919414015
0.235983339585987
0.163084209623161
-0.912075589969404
-1.44673019787182
0.353061286231289
-0.0952898731170671
1.88581901621868
0.74931661307557
-1.23383233990972
0.114978403936302
0.761116098221863
0.255026367882447
-1.16623584850541
-0.580821742393524
-0.0726857529811763
0.11462500917907
0.535161067207658
0.962408615511047
-0.840885998257983
0.447278683568716
0.324748298439974
-0.520959239678798
-0.511145216958041
-1.26890274843415
-0.88347162880421
-0.00758628424167472
-0.556243360348971
-0.355964392057354
-0.185623061257266
0.631843565588172
0.903743773249739
-1.33820718626148
0.039608871267196
-1.4097270182733
0.661388322762471
-0.746998361480731
-1.12499513378428
-0.233458995218587
0.165461442056969
0.308823154365101
0.326479030934756
-0.0520724423317997
1.66430323625913
1.36110700440812
0.914053228292275
-1.05460927885268
-0.482633622367978
-0.741199506156891
-1.03683455124054
-0.16721377164895
-0.600104127674187
-0.173959344184689
0.344907866762504
-0.471403314716974
0.951504229289075
2.20731741352278
-0.188550949322698
0.0566765194378074
0.0536742718525609
-1.25882768817088
-0.0974679253998018
-0.46703773283872
0.483475202278115
0.656711674882231
-0.727569444628785
0.0923769453601561
-0.117694438999702
-0.85823678368339
-0.72531942193628
-0.468244743031521
-0.123039079103099
0.0867980655298858
-0.813241543845595
0.129683766871545
0.287250219341461
0.836996000082892
-0.448044444459594
1.41396037528469
-0.610317926613149
0.0627218559038975
-0.451865011493238
0.979018409938604
1.03000696728198
0.86354657545066
0.228545459775804
1.09536637787168
-0.315360435924091
1.16878207762062
-0.110465846237821
1.04090342269674
-1.50378314239898
-0.705216874683703
0.764503040675029
1.14671312502178
-0.51014859097513
0.031765559449417
0.823751533699551
1.62392873388911
1.60578961574621
1.76302595205121
0.962017700128208
0.677317183231313
0.69965858343398
1.46666578238083
1.20417574153298
2.09940903903637
-0.242300566428781
0.648660518426736
-0.206252525628777
