-0.268319399511715
0.357544621991095
-0.337087719113744
-0.610839011943204
-1.2976541369518
-0.379777746650756
-0.133301777667103
-0.302184112979589
-0.630867489101572
-1.80332130873188
-0.864937597815183
-0.584771757602183
-0.802004830880629
-1.1769492415091
-0.168541693302908
-0.720478665991077
-0.395664539290228
-0.454506539977466
-0.616056270696999
-0.223143072266079
-2.54876050037753
-1.1884134822267
0.753941130483865
-0.193879758122393
-0.74160692272706
-0.293575189609929
-0.452173595831124
-0.458219700618595
-0.373276323394468
-0.411172840371837
-0.556714614454588
-0.671212384490775
-0.909618613381369
-0.993126280658443
-1.51987682988208
-1.96613928799896
-1.12141026237535
-1.61001871184535
0.135111157769784
-0.192356827352926
-1.5411524485588
-1.81391663639351
-0.1789916074238
0.842364935484533
0.077400838800936
-2.38393571438524
-0.807027387306171
-2.08712846633999
0.139301602818377
-0.46602346169325
0.00883139072138793
0.219450119557102
1.15653576954535
-1.07443010672746
-0.765505250125085
0.188637780223055
1.35758284839974
1.25786047565022
-0.384716297894993
-0.620752028274982
-0.356029612525737
-0.490580849203597
-0.770785443155214
-0.473136782711805
-0.380577414010682
0.807968042314443
0.450987585674748
-0.642574816633616
-0.375286175552411
-0.546073275921444
0.081997097209987
-0.577215490504207
-0.105562667053333
-0.655147728896048
-0.37801355544805
0.0255811446002655
0.104992977354618
-1.79906980412069
-0.196506926999127
-0.603728054644212
-1.44347122821272
-1.32806458541404
-0.407060756199206
-0.437309973541434
-0.0211981710723686
-0.693266232891602
-0.747886273883428
1.92738883932518
0.0454660113863425
-0.257275534815012
0.529637541690945
0.0849279912721388
0.410867781826389
0.494837833349843
0.480159506260573
0.654682984496435
0.551632689046545
1.24596926424249
1.07639023042625
0.532961180752322
0.573458990260908
-0.0976155147805008
0.981149561435308
3.49226301056839
1.59306354709608
0.595716734990325
0.393521273467604
1.65412494097091
-0.912058173066704
0.43625087683522
0.478331757879471
0.468583696299923
-0.153543843269445
0.433176348939228
0.797628829849758
-0.000419854339683639
1.59558007556315
-0.0276046249324914
0.0166438238801472
-0.0806231421359608
0.366763363950927
0.644152017980795
-0.468421316562269
-0.297620857081752
0.35203910938456
-0.299510302026688
-0.319053283633241
1.03712472378779
2.00901629130568
-0.4900699889335
-0.679314838733764
0.432775141131574
1.18351667850099
0.918712961723514
1.00716879410001
-0.374955716286038
-1.22191403503551
-0.0988449606785049
-0.46331710426401
1.19368607145202
-0.719152604217761
0.26194579334766
0.594798144202764
-1.35879022944609
0.439545449892031
0.467148058192554
1.33700107746376
0.842845502447047
0.853123164278776
1.13045883281347
1.63705235332861
-0.476783256088619
1.34564734154166
0.73759326698797
0.319733950278201
-0.918401977535266
-0.88502505967301
-1.04681880251118
0.267256684105913
0.661344616019781
-0.690992297484342
0.706823853420984
-0.406227764732335
-0.345030241957263
1.18869620805819
0.0586161691213744
0.427265419291507
1.60858038399389
-0.926760142540919
-0.591905785735083
-1.36385204364092
-0.305454646881563
-1.3252386145044
-0.360224272256588
-0.80280553247374
-0.112035133374186
-0.37212044896995
0.853562447917804
-0.859744612551348
-0.89444598316185
-0.3413435135276
0.664576679637074
-0.852685969558272
-1.15199680807778
-0.371900322047604
-1.03315303240866
2.83292491559369
1.04159412643736
0.041418286257717
0.172183515121324
-0.75104501561659
3.18166372336138
-1.20490463104367
1.71876610961441
-0.743365314168128
-0.248180987377218
0.00409635431573507
0.60597711237365
0.231099612194872
-0.0492649536898771
0.438744328643994
0.743187341064917
1.60610519972725
0.965863605916029
2.24147390928496
4.65797232480258
0.324552454064314
1.14652580398466
1.13079309076678
0.712939587647622
0.680194720864731
0.917908097447074
0.820837739392548
