1.93971929907491
1.94534137393072
1.27838026450184
1.5565034399151
1.24560015165982
1.27895211516795
1.18258084580967
1.18059597347558
0.979334620656466
-0.0865977090926228
1.47651103349098
1.44675685255643
1.65867873940911
1.47757301093039
1.41973416426156
1.2093277555088
1.5866609718636
1.03003640619102
1.46152591670844
1.59780453091536
0.838777752026025
0.903252591319132
0.827767811862953
1.06554581344187
1.63111231717204
1.52283379528302
1.31155502350181
1.17459812363605
1.55163006567783
1.36884966453953
1.10143082638209
1.45491158296455
1.35908786513373
1.33419727839118
1.17478972426293
0.468513443030872
0.303888579872984
-0.0536537417237339
1.76198293183458
0.418641235690404
-0.752763349500154
-0.896114108999392
1.16959002615679
0.548746620690743
-0.26231605034796
-1.11979895228343
0.884303489418058
0.863575279198602
1.23152741916373
0.645372253627128
1.44686789808465
0.821897400570892
1.03449591737531
0.483411335455926
0.0978092741754879
0.321300014754839
0.371471397877468
0.0948215939626754
0.5543524503775
0.153333476842666
-0.115963361589601
0.241999652078538
0.724090433910648
0.499873035720946
0.790593951166176
0.163427956227833
-0.580923581692862
1.04562438342899
-0.33562709290623
0.358449064754198
-1.33525555932452
0.335410722039747
0.586574212248376
-0.535668386848164
-0.557737498568272
0.453846797621915
-0.327871060085537
-1.68936049009842
-0.696413262851825
0.71520938689807
-0.915511015977624
-0.651921925627502
1.20687177618647
1.0220845560159
0.763653426264504
0.174588013693794
-0.540070226461167
1.39854811980454
-0.696440568215929
-0.17419402599445
0.203148543752551
-0.816516886526022
-0.122795454156861
-0.637571587889609
0.30759857471585
0.61691717949727
0.0318915022508802
-0.267086127917568
-0.158479068871014
-1.04453338823887
-0.907140924104154
-1.23506923122475
-1.47300622021468
0.520080947830108
-0.11741113136563
-0.97097743167925
-1.55970603079435
-0.607855513180245
0.610167312856997
0.569616484286681
0.631854467089337
-0.0368219309594871
0.554087247396005
-1.08010077432862
-0.602888651213218
-0.8412355132517
-0.551288574374024
0.14602249240784
-0.645951291679818
1.03770107714012
1.08547736536227
-0.344359040070484
0.696886708635803
0.029142700316427
-0.0680166337491136
-0.0358262782266549
0.37706378351083
0.560058148047835
-1.07061079444024
0.882291764593795
0.357622336097163
-0.119626850825697
-1.16152270303365
1.31468462040445
0.215417854195758
0.841259116517055
-1.57920761553805
0.727525478019519
-0.945420144909923
0.0524142429894681
-1.5916513350115
-0.408980045178266
-1.19042147848269
-1.51657641676692
-0.23559079172763
1.22369830802427
-1.77085536719321
-1.31516883463617
-1.63394614938061
-0.140801620443154
0.268172782364609
-0.618938209231939
0.122410640238168
-1.00875609184172
0.251754234181427
-0.605601983988263
0.0209984078877989
-0.387805252247518
-0.0223933621657557
-0.274696074926393
-1.46665895635924
-2.15989839576521
-0.949208934335004
0.40316196636644
0.186719108550632
-0.663466700399173
0.333486299762586
0.0918380976408988
-2.67878779141133
-0.271213124626519
-0.484033282805227
-0.762132451031399
-0.555100851601242
0.602936009193379
-0.484958528706892
0.357675237542586
-0.0324643677870681
-1.55623011666768
-0.226646677509643
-0.00951832462179571
-0.642064363751266
-1.66010328636636
-1.28921478934166
0.44464539331324
-1.01466803109996
-1.65000571666985
-0.461205044002892
0.0953781032576696
-0.261534167658096
-1.44004794128393
-0.0516741045610966
-0.708319795593287
0.202475359739226
-0.28728414614067
-1.24351370124137
-0.836545917427855
-0.744035402248769
-0.978081288691685
-2.94611880792137
-0.720672551302814
-0.380380264747035
-0.396649269892203
-0.485230483330064
-0.459265624197807
-1.10127693836637
-0.187013125904799
-2.20116597654803
-0.689471338654071
-0.130672869774035
-0.419033113290921
-2.47752023076572
-2.15615982840953
-2.33632772683567
