1.54555025917377
1.682429216921
1.26740280973513
0.967205973127749
1.03936430941879
1.55421305534432
1.29045741254841
0.87574447669243
1.34667125645275
0.164782892058913
1.10837876406265
1.41573236027808
1.32446838620767
1.37567163722272
1.53484942391103
1.18714030463742
1.40697604040817
1.27508090528209
1.35449079051984
1.51770930806045
1.5356140230076
1.64157876711545
1.57913503756851
1.0485411452417
1.35724482077857
0.949588237842343
0.63806646733728
1.33200277650385
1.12177123135573
0.767697454718101
1.32487566050788
1.00837346562159
1.36031924160694
1.41618290109325
1.31890788519911
1.21950411807984
1.02378983006426
1.20115260441543
0.441445147640612
1.16309295211546
-0.146559046193658
-0.502454032309148
1.1203702045359
0.0489348694361285
-0.158183599511222
-0.61787163193307
0.485368768918056
0.366077995958515
0.645186206408373
1.86281266082754
1.88162183048767
1.39731859454275
0.93217103484706
1.54452366718433
1.18961268657627
1.06633757330211
1.43856724086278
1.28614299836673
2.12214746415137
2.02825893140901
0.651543197970158
0.209369979621964
0.479746406808222
0.788464890953616
0.587163303917218
1.04521062080504
0.661443689238787
-0.286828631348222
0.118750793428751
-0.920818412124381
-0.509581815942146
-1.10522143451677
-0.774599557515342
-0.797342820060544
-0.990847762536509
-1.52658669318204
-0.454783367378289
-0.803104743118573
-1.17139976620211
-1.03015299829403
-0.345762418465819
-0.0861055039983746
-0.485669057745424
-1.16770149241994
-0.458767944215071
-0.955821772663397
-1.35835115302139
0.277055126625587
-0.471499634343311
-0.340950273904248
-0.00819496368015125
-0.57325914445259
-1.14416451368164
-2.14532818924746
0.272012305897011
-0.0303158926625943
0.326783995225887
-0.219990428752531
-0.199382841641697
-1.42958528704635
-0.719537237219844
-1.15435292210868
-0.598956716422165
-0.328274258901266
-1.09936715778367
-0.756805723357596
-0.854487794940708
-0.0697126990136054
-1.08835767122672
-2.0037216247626
-1.83329491336477
-0.821905234136595
1.23508024414691
0.293133465103863
-2.15135163503909
-0.814695942772961
-0.923593914333962
0.477664355904821
-0.531281872660896
0.884912016360646
-0.131914581715768
-1.08365325039974
-1.15100877677011
-1.03965662792342
-1.18850533642738
-1.0006464185308
-0.9311504667727
-2.08926003005757
-0.659374004455737
-2.02221785480296
-1.28604176827455
-1.22825818634072
-1.392890735859
-2.0953246692753
-0.994904621356253
-2.30624956147714
-0.943604948321071
-2.20733166109145
-1.36104328026834
-0.609190846572303
-0.798402892425368
-0.474544075405616
-0.589909674115346
-1.14638523057124
-0.368728268000111
-1.56850578227959
0.169683097614819
0.235407066367098
0.0789515167199948
-1.24357047153107
-1.13191731879842
-0.419323777466918
0.243933576925371
-0.349180086289786
-0.567329114333696
-1.05509323576132
0.365520740683868
-0.467634414915023
-0.491528284439592
0.448771342504077
-1.04146401484867
-0.755053071280882
-0.835664987562811
-1.32348453244332
-0.94284733745438
-0.862135468242409
-0.555175787118253
-0.233140604104981
0.205077765315882
0.0821364957465433
-0.12840764093986
-0.032359844745347
-0.0961789271020636
-1.37651275985965
0.692863800959675
-1.11240903243693
0.0880186431465545
0.218379488240677
-0.0288881760911068
0.402294922747679
-0.0493775316718449
0.560974834541742
0.438688467594072
0.755906345850989
-0.371014244211126
-0.113727603582538
0.308265861626115
-0.29967339890002
-0.103521654807186
-1.31479932563325
-0.0437363518823494
-0.579189228243935
0.357186005340875
0.600020229685465
0.517390714827036
0.689072879523504
0.35357346461782
0.254453301354521
-0.181769798149804
-0.232659162522136
-0.818711208498713
0.881886664801429
0.271540994868615
0.62412289513911
0.326999402325684
0.354963986364255
0.620682203275493
0.608533308584909
0.12728225213321
0.725538232615933
0.00770047894560897
-0.257690183574353
0.0279448203979132
