0.290933489014384
0.574989224848549
0.127764083522341
-0.198248790533687
0.649601331199706
-1.09564013460251
-1.34115826678657
-1.30584936610855
-0.160447572001574
0.8473491024472
-0.67582820583097
-0.00684811677376363
-0.115336234172601
0.354829856332041
0.0652286427817655
-0.146122115776578
0.535462927311213
-2.05031074579767
-0.257003670179021
-0.525574198803131
-0.996830529233707
0.299727558758521
0.457536340911096
0.149153699121814
-0.617582905552122
0.36504823864245
-0.912597307189472
-0.38002868961882
0.484697688845788
-0.769336442667936
-0.940857914108732
-0.573722239649258
0.0509198727115394
-1.07319825483762
-0.869796192765765
-0.903726821627325
-1.08184706868354
-0.265959952010214
-0.276423370501083
0.182416531629949
-0.328641165508847
-0.166037664784979
0.303570692349839
0.549089575588647
0.320255530572507
0.0659865328817919
0.056546804337928
-0.793599657545698
0.916609925474716
-0.113350776366758
-0.374102826450408
0.195740028928837
0.465557011319961
-0.93997997410414
-1.03331887029175
-0.915508114235678
-0.108043227582493
0.0148188351624256
-0.0793731122858899
-1.08251460717946
-0.460237578241204
-0.439104791258704
-0.882820522920663
-0.625976486042828
-0.798168858120312
-1.63997750706433
-0.780968769962779
-0.127598234215455
-0.726912254186732
-0.703724738636077
-0.602891748947212
-0.197525627850088
-0.687700282760127
-0.917309746130068
-0.911863273945475
-0.708740056708882
-0.868640796552301
-0.16009701747802
-0.840898696310107
-1.01441613155499
-0.395426869466178
-0.765785040128598
0.138210101264128
-2.1895885744408
-0.396446178597787
-0.107519175511031
-0.608008042330378
0.352602890725311
0.0830677529204689
-0.529286889781097
0.910055610286137
-0.638176458855716
-0.146055464183377
-0.442178480449276
0.0685147073853764
-0.425007678592886
0.261799477873404
-0.633645616544091
0.561651505904421
-0.411277415506476
0.347200937732009
-0.595136863662085
-0.272280061426161
-0.892101684834108
0.0541703651264299
-0.052568121750306
-0.710753255177374
0.536724675606752
-0.815042011105806
-0.666324191091323
-1.46254856097167
0.546777588491412
0.232098173630018
0.225900791995984
-0.330879575216284
0.817343600628108
1.12635167608205
0.671939004711258
1.2795292003027
-0.727108079294123
1.14418501473013
1.4496459350879
-1.49071497633131
-0.784233380282086
-1.59091469587232
-0.641585896030255
-0.515637921546506
-2.05864125006909
-0.123743676695761
-1.92178891645521
-1.44920678006781
0.645854033592473
-0.612432861018235
-2.10403919824419
-1.12890596955367
-2.26425817798453
-0.531342082848474
-2.23558737063389
0.0360179534265036
-0.329598714591203
-0.626936939638904
-1.65390539211196
-0.690859888867584
2.77913276711136
0.0891965204720478
3.58382004551093
1.74018123975658
2.11557449315306
0.774149097921607
1.60613836703934
-1.17976476515117
0.865356085753441
-0.327168648531718
-0.661667967575011
1.86266711974305
2.19636215709662
2.19322997974603
2.19116353030914
-0.0918883926081427
0.809118778492901
2.34546400223602
2.43096628939292
2.52180716472337
2.10393563369216
0.884798182565772
1.30605313502867
1.77855362004041
1.70637593494802
-0.848441837546687
1.17028981904906
2.28217603245842
-0.238077429103626
-0.623412496477761
1.72428857667875
-0.116742924288512
0.906178181224233
0.159392781671607
-0.22564390136107
1.15365928800598
0.876781818081594
0.535498330683062
0.723864251708759
0.400126095213632
0.811153325510368
-0.770222516838319
0.337987424841572
0.935888211949808
0.221424870714849
0.207534261952056
0.613966872274686
0.682986053199802
0.776389971314705
0.313528676277618
0.0264779066732008
-0.104461151741287
-0.572709940011162
-0.529215898664173
1.48875226666493
0.167762260038499
0.542774444615652
-0.789958590581005
0.541236429734775
1.41154224874242
1.33459148074
-0.385944929395741
0.62971574782301
-0.227007659447431
0.235700050154744
0.346794235522932
0.40597922008112
0.552869535670059
1.09225956069352
0.923036751220508
