1.26970412593226
1.19452562195474
1.1962248239563
1.05248937503277
1.16995313274438
1.34020700011462
1.33069873956727
1.28742946072331
1.1107918148635
0.626011386470315
1.18099222764011
1.00199215026464
1.28802879710133
1.2337262899931
1.27201374987202
1.19312109537169
1.24538069333741
1.08629288556739
1.11369800121607
1.29706590195326
1.30046430230933
1.25157582500676
1.16771429707314
1.29645110530752
1.32284689680511
1.33298702609047
1.32446809816874
1.27808434752362
1.31731043528181
1.31490861352092
1.34212645117797
1.1520237798494
1.29839768772717
1.28353273713424
1.49469909811463
1.3076225718598
1.43073824919828
1.21098172198267
0.69029576595116
0.696607948141919
0.675092768268227
0.983690815910488
0.823853134062113
0.465169348200158
0.779630589830609
0.745739438560661
1.06425014183121
1.09887666950906
0.93086180633008
0.912875622884264
0.776079565067276
1.16464431306633
1.19478998137513
1.1280341024486
0.912566667621857
0.945339041154558
1.35896701706991
1.25363056298368
1.00830397511511
1.16185495279309
1.22092730501746
1.27910116453479
1.17677675782371
1.01777923243451
0.970350976337975
1.16060756129907
1.45447948431108
0.435875254387478
0.559087577538907
0.975769818974631
1.08570535430674
0.433534424400033
0.90976898287261
0.620019943107386
0.654431767660958
0.303229030282463
0.961094720356303
0.558573334617
-0.33366383382442
0.607291013549972
-0.317763651138802
-1.37005668732973
0.0119950489284039
0.266930655024814
-0.0726291757820173
-0.0128818022671982
-0.578259121545357
-0.270245923238016
-0.972383050459432
-0.566623877321042
-0.739801784499028
-0.277360812475365
-1.28986794120978
-0.704737109353743
-0.0596775870517821
0.484148410657299
-0.158422974237256
-0.0633453295675708
0.194331747180105
-0.675158803146226
0.443975801182365
-0.247299013615439
0.0318006712167398
0.487214099308512
-0.58795526785185
-0.683882020515899
0.0172381573779054
0.524759745452035
0.0188130537680664
0.0431605598524345
-0.291101717493426
-1.2880459718631
-1.14276796205546
-1.18153484061859
-0.049242102268957
-0.27820438605653
0.100412517339709
-1.15993121088204
-1.05559409061251
-1.27120167880441
-1.11926108385485
-1.25590600953534
0.178955043101607
0.127258091995433
-0.0527862724587521
-0.179673023170945
-0.243100230328769
-0.34429049320692
-0.855862511711607
-0.212860841743514
-0.269411542153044
0.0236352366344612
-0.0288981074084376
-0.228709312814081
0.173684264117814
-0.702339011740712
-0.614405428815542
-0.168749831762134
-0.393959279501677
-0.524647927085365
0.110146858952292
0.856399767407462
-1.07417849640603
-1.16133431015996
0.0188232725045081
-0.153205118978877
1.17271734792698
1.21033904357722
0.835883656881656
-1.29649193892483
-0.606410081315594
-0.420941470264714
-0.000430756380231992
-1.47531842581769
0.0834888571880576
-0.862846261684923
-1.25871322058247
-0.298099891380047
0.239543447112287
0.751039327358414
-0.557563497599227
-0.894634466556273
-0.699012768102941
-0.843533029153047
-1.07231137996479
-0.777836666340639
-0.14626204718233
-0.766933807490071
-0.518309977734386
-1.35812964266714
-0.909799870687368
-1.25445251275635
-1.19840230391218
-0.179734975306845
-0.674611790022442
-1.142774273187
-1.64037098313903
-0.762271007684666
-1.66124564912584
-1.63018131229382
-1.35835135275226
-0.98138732911082
-1.79249999035472
-1.07845639989101
-0.882182933103754
-2.22993343979618
-0.833188897025296
-0.601978086801113
-0.782168061332485
-1.53187285286711
-1.47126929380387
-1.25677274828275
-1.53795846998469
-1.42552478933098
-0.15498058095396
-1.68360769159346
-0.704906258165445
-0.588999969041303
-1.37886030808114
-0.92578474116362
-1.88877179395861
-0.990427452329609
-0.844808271826462
-1.05786982991274
-0.820805296301803
-2.38768332699529
-0.262919205254293
-1.70406354814562
-1.81536484429189
-0.791105660222632
-1.18994726514378
-1.865472123259
-1.46876775358717
