0.653777825874321
0.691937981908414
0.267924206105834
0.336146524308308
0.350474488951452
0.715102238535501
0.721947402760838
0.76046714497259
0.710224187744469
0.275985723032471
0.438871261732907
0.821536759070509
0.539085532303747
0.412955774486688
0.555210101738751
0.539582362686074
0.578809567033081
0.745793171068884
0.544923936017064
0.587124050588314
0.615473030475577
0.667971405071452
0.719626678091265
0.754322918889787
0.599412204837318
0.586572077099883
0.684474859450532
0.755595133037409
0.635634814168686
0.667107677822579
0.78758844229435
0.525778869059324
0.644211636245491
0.620312830366071
0.823064048049199
0.640121231860103
0.804149380212741
0.687816114363642
1.4622579405413
0.448536504150415
0.655630293645616
0.326925306566012
0.873676455091146
0.817813505998537
0.854454676090815
-0.259199547739772
0.368178966130894
0.408738855641317
0.592632539384381
0.37640442371572
0.433716632770808
0.533854710176567
0.192721496263918
0.704611243645777
0.563033300581299
1.03080088707706
0.764249576944619
0.815910512398817
0.457358131157636
0.924331842878218
0.98030785205592
1.13816627324427
0.25263855421068
0.698540951578242
1.06916831964137
0.923607564639638
1.14431926843092
1.22598937675472
0.609028239576367
1.10792021639581
-0.0500661007153109
0.865430237264244
1.36658331232529
0.358248702840801
0.752969879443324
0.781639350180681
1.18562278955312
0.44100710767684
0.280658112683906
0.910325181397117
-0.328403989689606
0.0376481017987279
1.17866128285743
0.388749639336937
0.40551479896735
0.740281694392374
0.516764129256911
-1.97735566704468
-2.2168445920728
-0.269655546025626
-0.640298049955502
-1.50688821760764
-3.17770950874425
-1.38822077906211
-1.2366844189746
-1.07928201267049
-0.198962809631304
0.356760243503898
-1.05133724303992
-2.51219590418542
-0.927258911820194
-1.14262059052762
-0.934937063780077
1.23442553591183
-1.00451015657402
-2.44041740138194
-0.294293542742655
0.00572376530840884
-1.43190504845366
-0.744004326215982
-0.437852829293829
-3.55707247368771
0.696449934379791
-1.87048611869726
-0.170951917051525
0.141735474676953
-0.323364244760433
-1.54109040700122
-0.648454410732478
-0.665304057413242
-2.33816506063631
-2.0018093491417
0.49805137632685
-0.103909259163892
0.859040911513215
0.58061104210106
0.603375109609169
0.376076075660397
0.0602607154384771
0.53359546386562
0.509109282846852
1.13748817406706
0.814281607252837
0.57603875714946
-0.180667119393929
0.587924354098309
-0.993166694236111
0.0782028860589716
0.476121012429051
1.37210776980121
-0.352497122910887
0.0659141904463111
0.0821681540711702
0.651811478769434
-0.304374210713834
1.04526357496117
-0.616508363445911
-0.290721579576037
-0.766558890283238
1.40564523071811
0.330443086193182
-0.192211077390281
-0.250284438856322
0.18242971700186
0.377052543647016
0.301684413679901
-0.0106062205056918
0.192262114487164
-0.407497699062681
0.287469322127189
0.965654694331843
0.113724555933874
1.20972170706059
-0.1378301371115
0.479327966582695
-0.575870116485083
0.212511171957068
0.157689844717414
0.198120696696271
-0.208465058611692
-0.0666191254588834
0.423094017352031
-1.16522862896828
0.496700094037016
0.356968191668065
-0.0743307870313176
0.142485605442238
-0.480244911909475
-0.168896777912766
-1.98997322036789
-0.112164734237342
-0.2966850236898
-0.176448743526067
-0.60705764572731
-0.350638988480847
-0.0447708759782039
0.131365261543218
0.419648556670046
-0.132863836250506
-0.50941875167262
-0.487927756200553
0.256661373956261
0.474671066456615
-0.162603786106048
-0.611460768952251
-0.216696099533402
-0.275725863062395
-0.408630810980677
-0.40215488755628
-1.57324978271603
-0.356443425199302
-2.92718382345471
-2.31269189016052
-2.39743950438842
-1.31025812110978
-0.414430918469324
-2.25557108313231
-3.19406253203654
-4.46412407417515
-2.12153742755997
-0.292985710226157
-0.790598298366168
0.0192784472385101
