0.663434105662543
0.733459179914638
0.286843297766993
0.14493907707306
0.538598455669459
0.433762532195728
0.635566654628373
0.568182992814561
0.693509526680592
0.804519789345236
0.264474690319826
-0.206727593904258
0.416030304192733
0.480894529350341
0.210845131928089
0.0207930025141909
-0.109328021625241
0.545897594139491
0.198235015690706
0.591239749772242
0.617311915186496
0.840415309015139
1.10969651531431
1.029183701531
0.392437452431037
0.835884012519473
1.45866854052131
0.645604697533513
0.778071065587366
0.482368936127752
0.43389890154635
0.0295710998474054
0.702020543204208
0.757734734308969
0.209289551653399
0.681976982990557
0.478924236865207
0.315374045616594
0.918647147314956
0.189868295939025
0.287502695249767
0.854318886250164
0.0816469399213291
0.245264864059235
0.494776254731895
0.85927135300629
1.01247438595796
1.07551770721
0.461107085003464
0.383151120068582
0.525956682545019
0.587758708016812
0.254194713999569
0.494993057518841
0.490423698181229
0.506662362473929
0.82446309670657
0.768201489283592
0.455008113810567
0.00261954928684563
0.890645039427454
0.355252435887971
0.498587572336943
0.457325181871791
0.634537802402921
1.07614640285736
0.438935884083702
-0.385560817586012
1.1529956355871
0.0306573975513884
1.25708643871684
0.49474804945519
0.0904330661641833
-0.387930673050768
-0.356187794324356
-0.698204341464097
-0.61698689424683
1.08456701332884
-0.697979429820459
-0.465572712215404
-0.584161769273407
-2.09346751067029
-0.329829096835309
-1.33023149545147
-0.0375967419236833
0.08362488916114
-1.97678501116525
0.13933684542941
-2.00187975512832
-2.24757643457079
-0.999672247989291
-1.34166751805366
-1.77307702980134
-0.898718462262269
-0.275025585041031
-0.0731121527226009
-0.448992399960539
-0.466390814749642
-0.494312022742174
-1.70701840656491
-0.380439663037153
-0.926872833715682
-0.20858161422032
0.850954405852185
-1.99360868045617
-1.97566493445854
-1.05904723555627
-0.123541751799303
-2.17132196188906
-0.593709354336792
-1.79250957253495
-1.5537554722081
-1.69345615838991
-1.72646887882496
-2.1692932196212
-2.46478274648093
-0.852514467914965
-1.49575195608521
-1.68231634439467
-1.87514198290233
-2.22226598118017
-2.88992442176912
-1.55572150716666
-0.131240997814879
-1.2814035599475
-0.910523529583316
-0.628562617495826
-0.293450359468104
2.69265826291054
-1.81212138377134
-1.25888589405772
-0.134008122826515
1.34786692883847
-2.5110782753202
1.67322979924022
-1.73604573955082
-0.899861112932631
-1.90758407195191
-1.05436304430833
1.50362676256619
0.307863594850464
-0.762219505418264
-0.963457512310663
0.612155284313481
-0.191500432164842
-1.10352667273677
0.427936324807315
0.940097744067805
0.0629528889487635
1.43369909773373
-0.48440440145937
-0.969583662819078
-0.347931781619419
-0.929877933725659
-0.736063983869714
-0.217817745589223
-0.380561305680541
-0.454581518372496
-0.786891557543839
0.501136561842316
-0.818541582008014
-0.488220565213615
-0.308392308940502
0.200798556753645
0.87897824615303
0.46719619625342
0.578260690084945
0.747998341442352
0.067206281059517
0.149691801133527
-0.180317817157399
1.56812399700254
1.15792135092845
-0.0971663900586749
0.494465955039972
0.747416352064378
-0.639416153826148
1.23466135895176
0.0937432269920197
-0.498627097169259
0.0529858873720622
1.78201761918514
0.501618297635851
0.748469239720815
-0.859399376120043
-1.71051053654741
1.24791553248974
0.472614883165433
0.694425402510478
0.302121735520208
0.836134990658229
1.17746094628521
1.00547617004195
1.58777401014646
-0.362968822319444
0.352662378933058
1.08316825605249
0.659307671069186
1.94881006437632
0.609609327101756
0.19814618362369
0.526953877000657
0.400783005022504
0.279389389598782
1.01226541785521
0.572407429495987
0.897208747863229
0.382713864364547
0.481128501919079
0.479085288659263
1.08694765928163
1.60556986506215
1.04761345968646
