0.840856974576037
0.92129081699817
0.804610721622135
0.347208708889129
0.474552567801029
0.619455298622299
0.659198907551001
0.622320647763618
0.760343990972099
-0.340696119242068
0.484977978664176
0.812671959149796
0.688952919895352
0.706377789499836
0.721993314202848
0.886270011993677
0.882947485175484
0.864674998397092
0.65563062851277
0.680000603287727
0.716403407801985
1.012772983108
1.53642037521072
0.663583511329488
0.688038871815874
0.690674578176451
0.624790053905299
0.643844788897764
0.638429022646929
0.49731332459239
0.80873575732299
0.473513612560085
0.42985499256076
0.661633350490008
0.700022914667103
0.44529068544428
0.658477926515511
0.400913081184165
0.197630718864755
-0.0663318140735238
0.323960215358675
0.832335374325072
1.02270845206717
-0.159557565076934
0.326151869244222
0.0853567742831605
-0.000728147722965027
0.973930761969171
0.729412362535287
0.612052593328648
0.511067948851083
-0.146801940048095
-0.212475376972011
0.964664449493455
0.693310097394509
0.554069735494485
0.768299789550622
0.675194317851012
1.29871167061688
1.43429815977256
1.15217333953846
0.982659859098676
-0.740528178180681
-0.185326197407819
1.01427700497441
0.320981535223728
1.04444194603821
1.14778032636876
-0.31481528087284
0.503827466874304
-0.744495180200542
0.620643329800193
0.62860046890168
-1.62695109908359
0.220136868642803
-0.255446258266463
0.494855638216761
-0.390248969680881
-1.34204065487669
0.556692156004715
0.670405070127036
-0.792462369522068
1.36866198534548
1.08486769574764
0.82991170302439
0.566881838063047
-0.671008812997107
-1.82477846444896
-3.76252128101135
-2.33180470801256
-3.09924228571864
-1.69335585271292
-2.80146735993898
-1.83718391015217
-2.21220411113588
-1.42062601736469
-0.152076520745168
0.506071464265659
-1.39005262676143
-1.80125878195879
-1.6477472376496
-1.70879275720058
-1.70396465394858
-0.0277591740529979
-1.38309043219075
-2.76545451345505
-1.07636057171541
-0.258012820925095
-1.75131201488882
-0.163802434590654
-0.990722081605142
-2.8992181822396
-1.33631366964649
-2.32981917834834
-0.908623692917087
-0.159931499712409
-0.588700356787918
-3.12503525598435
-1.55176680981172
-2.41799201573499
-2.97969593892387
-1.96553499836223
0.761902295387753
0.972123365425375
1.0388746400467
0.447520362989372
0.158191943681773
0.165446960854304
-0.0695971387217785
0.518683459648944
0.462811328012335
0.482885767756426
0.517280700750454
1.07775451353812
0.314688727237006
0.834063770132971
0.00371017235253696
0.844784376970201
-0.45946915826217
0.556375562533448
0.885235943186779
0.817115038253045
-0.687299740401843
0.573410048597265
-0.369698538473898
0.240871627805863
-0.669574870626035
-0.144004319705056
-0.629425061133846
1.37530175193108
-0.791238823032561
-0.117212774470721
0.198686740516093
-0.86557383239276
0.0250756520227168
0.070986518475649
1.05220774293335
0.379494737367238
0.00811161085226323
0.806307873251815
0.797660767490966
0.945625135887699
0.774380135679926
0.579977389794308
0.494580255858516
-0.644861229955159
0.261284337491065
0.582096040748139
-1.03773751599979
0.150307974374868
0.315824950136022
-0.544705236055701
0.268076065141885
0.263069687688318
-0.0813415474325958
1.0542538567957
0.388290502183508
-0.649297061154734
0.115689608559534
-0.428672488867693
-0.014629654850251
0.319481585067087
0.164689419376827
0.381391223157667
-0.209010369974475
0.239283084528903
0.354566985804173
0.809145925831551
-0.0609310709933731
0.0410834095992833
0.419576247707479
-0.0989801142289783
0.362666108536344
0.186219217256752
-0.368368704768949
-0.147854203420152
-0.204013791041435
0.363184229138945
-1.57179790660062
0.652122094861229
0.631148566131154
-0.308238318586617
-0.435337334380142
-0.504831883566193
-0.775512508181495
-0.159374536043329
-1.25343376483597
-0.38460063727386
-0.145527374201739
-0.435086538812141
0.897303603974437
0.672839670672042
0.805578362277576
