0.594800317962775
0.180971059964982
0.710433194244373
1.17750429832434
0.66821307541009
1.68317351828805
1.75804874502403
1.5178646041371
1.7454778710076
1.38202738060627
0.986630796509114
-0.0570982912413493
0.473202228339262
0.0344272654030242
0.853489868794627
0.818100871384839
0.632179327407013
1.25016661014671
0.475332938569515
0.763200568342714
0.653790936712786
0.73761829560431
0.796108137856943
1.06318857072649
0.445720549850671
0.733596303796262
1.29896110206324
0.770702722792157
0.554897160493654
1.1916415910958
1.64616424733939
0.955436868826404
1.18074498536544
0.687481344046618
1.39229467346779
0.655928005601263
0.745935317284003
0.543814339350268
2.23094556925389
0.65065271248429
-0.417920289323607
0.638502654118925
0.223549016671601
1.21675783542251
-1.94110622852606
0.867509833354175
0.684555463701134
0.831706245682972
-0.190917754469577
0.547886563216856
0.334400255029077
0.661222395344799
0.922165172438956
1.23311342179469
0.661408801481154
0.819771601361111
-0.433962042931321
0.111423355130476
0.791678269550668
0.829532431146721
0.380055750222454
0.950512795136416
0.459604238758988
0.465112630343117
0.388093410595255
0.813609829239671
0.218967184922734
-0.605009941181204
-0.0139825306887788
0.466928836192646
0.805344957090136
-0.610293381559661
1.11985305680437
0.618995994634161
-0.235443959108817
-1.34982423950378
-1.11977992632979
-1.39127822036059
0.32066506355161
-0.525913665840033
0.817368706097622
0.945760764023236
-0.0846163488265423
-0.727173069060037
-0.340415076081211
-0.331092295727669
0.458127197449786
-0.778383204483563
-0.853476786924734
-1.0919298351778
0.0965956187378268
0.205390508212763
-1.49581377242433
-1.09381501353198
0.31229519199489
0.224672828804371
0.992154591076876
0.460386461383342
0.48043936063547
-0.574303825879167
0.036791104100518
-0.471018514697949
-0.024737600588071
1.3285892134733
-0.948833672656341
-0.25952804789393
-1.01968160376915
0.296929575184998
-0.757522573607272
-0.920760285267558
-2.14181433093698
-2.22907277247921
0.285767651125375
-0.989056040051334
-1.44448252947763
-1.31722099169752
-0.241515376465569
0.0480691395389747
-0.713846278928047
-0.103792597964062
-0.328301398682066
-0.739262288637008
-0.545536091312434
-0.984175671594763
-1.20503655088993
-0.714991107364359
-0.159636010041458
-0.300760009562653
0.249829787522753
-0.214431673119429
-0.484242856676576
-0.952657670540314
-0.421312065110883
-2.37473625332571
-0.0648276360824427
-3.0445202760426
-1.54517771884001
-2.72896860898945
-0.645098901522149
-0.509193879271065
-1.31378356795332
-0.171067564816126
0.774701793100978
0.0678969700426886
-0.0470191613778989
0.359461329272272
0.581651491319744
0.942726768584872
0.356666695934379
0.483217966993489
1.01503353992704
-0.117471326250583
1.50077768920846
-0.166289698772821
-0.386164841857225
-0.129439773880633
-0.0556799185555048
-0.19322961765121
0.612615127184541
1.11300883395725
-0.350763264755657
-0.469852189876178
-0.236037586448016
-0.160998406029739
0.0558061719518827
-0.193523905155571
-0.147829888231418
-0.208767215066004
2.0530608850312
-0.200582374949961
0.0488304956129418
-0.429851772082093
-4.49532192900319
-0.510733695826434
1.06307573131799
-0.508061501023082
-1.10427486035076
0.25517437217893
-0.23636052701115
-3.55947157205386
-0.545410198350982
-0.253315732619638
-2.8920658985764
-1.73525576812894
-0.674083916267666
-0.59045152605567
0.572299465524968
-0.258133758367266
-0.35971612496314
-0.247189883368626
-2.68134476068821
-0.0560623846219736
-0.707661349763746
-0.164414361176092
-0.593897417391621
-0.753785496459854
-0.767198430321698
-0.170266947434069
0.478396017018463
-2.00537148284575
-0.413199859674992
1.7725711784766
-0.331235830410549
0.494944627224164
0.786195008735313
0.72668411023669
0.0876493050173794
0.380812748461309
-0.452563569528852
0.81491848409718
0.255814240297941
-0.0400661916407721
-0.0223871519837568
