-0.230748424650429
0.525146532776185
-0.562858471997372
-1.53371613907038
-0.687427453263543
-0.101196180844718
-0.351686933664908
-0.62281654318028
-0.956751400063674
-0.636911460488175
-0.552897091941857
-0.891077524348309
-0.589949809139423
-0.625744783043791
-0.652419127510109
-1.2821778893438
-1.65001632962025
-0.774694057028746
-1.39115439965091
-0.467008090015049
-0.1879912922112
0.0937685521600145
1.1584467963726
-0.681088148511595
-0.706431608134509
0.423537272645103
0.163218310927742
-0.109453808080707
-0.297980191014669
-0.865487871651317
-0.723549882184095
-1.38042833824502
-0.320486897899562
-1.15689770588742
-0.0228724196353802
-0.815802710746059
-0.866877401913122
-0.27458482675754
1.25299375973872
-1.40313260406046
0.290247865161673
-1.29036472685994
-1.82865280590633
1.57213817448095
0.93450006431181
-1.75559620212489
-0.526221520417182
-1.29299926193178
-0.927417867197043
0.907782611947421
-0.276175568025216
0.288659833887199
0.394586300487503
-0.8012703905248
-0.451318587276126
0.338009806184362
0.968591218892371
0.995177019719144
2.57119709756432
2.09793237594496
-0.153163867082099
-0.709430547077665
-0.82639630750633
0.0729567118141331
0.194312694427337
0.0698330839873941
-0.170631167657028
1.24243385263064
0.503068114456943
-0.145322152067204
0.776948793912672
0.657429949375748
-0.0908113878997668
1.14190722698986
0.551642259301406
0.456318434022356
-0.647214844529299
-0.152719901172138
1.93987819477596
0.158712868109111
-0.446355930031396
-1.20888339881619
1.14028394408001
0.0541125024206553
0.319252892685757
0.3505696138225
1.25471213009063
3.02172073975948
0.993736810731424
0.745576734942342
1.47828533068158
0.584150243154996
2.25332166517884
1.79450909869153
0.161458009311919
-0.381921378766853
0.580106314845615
1.02019792701434
-0.752955419056382
2.02856929329062
-0.32858248009678
-0.843977449366708
-0.325856941552258
2.06324455714463
-0.574240777944433
-0.383315256395496
-0.996222911579109
-0.286415917624585
1.52239246663541
2.70590986891967
0.684859643394973
1.90086747796298
-0.539106860271809
1.42414980001605
-0.125475399662061
0.237607812862456
-1.13334471820239
0.808434931611447
0.922194025989134
-0.82905225026504
-0.687413023464231
0.234655092563102
-1.12042658566247
0.154882248676233
-1.80342327532057
-0.230770091704649
0.592996098993661
-0.00484138026586332
-1.52826459492694
0.356674448824306
0.219311190284233
-0.696151192766167
-1.35963281951344
-0.99009747646808
-1.19874247684449
-0.544292744993815
-0.733287266131822
-0.941369232365664
-1.19929487453584
-0.0398694576811385
-0.858327852948356
-1.03447978568755
-0.295551006510204
-0.792250718567519
0.261342288211278
0.744388440970883
0.500677322307705
1.18852679113458
0.696309008615791
-0.317619908862289
0.446143442477984
0.499632936061289
0.705159293099925
-0.256000511245187
0.581485487267132
-0.890222078037397
0.899688911093453
-0.230666094623699
0.453774148910712
1.85254614718813
-0.127015949847142
-0.59376613549532
1.12147227870153
-1.06449108802117
-1.67320730091909
0.347353808324668
-0.644717719589324
0.0870317637757119
-1.00148085268115
-0.710168439751548
-0.385828684471859
0.0856174272608703
-0.868339725544327
-1.07794309981409
-0.334950166657857
-0.844469520440451
-0.74984030431058
1.96333683793114
-0.660224067376493
-1.55570239712591
-0.55615021300261
0.79456144620473
-1.59565744276283
-0.920832911166669
0.232145035908268
-1.40379453028026
2.01715540631975
0.670596508230179
-0.0734247463859272
0.500806588194847
-1.72099846659965
2.09418964960323
-1.23395745342249
2.00996225671308
1.29706882733682
0.730223241830045
0.710592196760136
-0.388066339492229
0.628577675109572
-0.615049944039299
-1.01963253673728
0.701994574454856
-0.348767930403369
-0.570348276737372
1.26980978418574
2.34215227502172
0.188883748665994
-0.473710838045126
0.208628843588223
0.309194571113471
0.364345015062215
1.28742470583183
1.39834616587984
