-0.765469366880269
-0.203525879545322
-0.607432584765356
-0.802775711366604
-0.651250165178651
-1.13867807957304
-1.06167004135856
-1.31884542396235
0.169030288513187
-0.707238875069521
-1.0502823789993
-0.410446710760393
-1.22205304488067
-1.36098444900814
-0.181661480538603
-0.254678298157309
0.244893723976444
-0.501352025853939
-1.27360643327269
-1.44102585848658
-1.5134453699122
-0.716830523472381
-0.243389507161957
-1.6443325711295
-1.72325387397122
-1.51100260876692
-1.78179592211415
-1.57904936394506
-1.64124561373628
-1.57353174148777
-0.866504272627808
-1.38277047310801
-1.35928335164941
-1.35681118989319
-1.28216401116025
-1.34869553213066
-1.48121783876526
-0.652101590464879
1.30625130088033
0.207007948867826
0.291269433701119
-0.15530856088065
-0.325071326611691
0.591002396295129
0.0861101128187015
-0.424487849894973
-0.985248741921675
-1.44809491900006
-0.0653037378159809
0.948647881958137
1.83531011034159
1.94425764426551
1.14502126947555
0.0441902137987402
0.499630453880347
0.63063776718069
0.696655971577573
0.761055361643398
0.777639075502814
0.669413651204878
0.263347727177326
1.1904194991132
-0.869241433268771
-0.339053263337084
-0.0666854936435699
-0.489971071784647
0.856333346116244
-0.0295182249189154
-0.415563475949896
0.70723410669694
-0.852420255892623
-0.090596743089157
1.28959256894637
-0.423205208788581
-0.294563029159168
0.529971626840463
1.12146777250373
-0.706211140230896
0.00800222290081473
0.237207125557027
-0.635154172698557
-0.793365654909812
0.202438899283836
-0.437411686566766
0.257403438431126
-0.1859488238429
-0.710959402513451
-0.0821920511974619
-0.197622334796271
0.970320242779666
0.0780085589860272
-1.69011229520166
-1.38048918723508
-1.05345511012866
-0.116240557197328
-0.559772916784485
-0.11733985913681
0.132559348849223
-0.602296121686536
-1.49045509211158
-1.6839294154601
-1.1820519578416
-1.08773068150869
0.62301889782025
-1.86020285376003
-2.31380961889213
-0.621494523454454
-0.146920081490884
-0.68174756834652
-0.964590429989742
-0.846267603482727
-1.59022468728484
-0.637967409435708
-1.79634892383679
-0.0918583940354731
-0.478696988974349
-0.675824332004946
-1.54339918126173
-1.18709433862606
-2.18425162286296
-2.51833798808325
-2.32605250139179
0.897154035774342
1.6792311587525
0.379710951031809
0.261101371924967
-0.296660275746786
0.611971296721236
0.518782034173225
0.494928478373007
-0.1393144727549
0.70408883922655
0.516415933699256
-0.235701333278197
1.35563941356229
0.998550965732004
0.0230311087302368
0.254887220171911
-0.361372746149399
0.732142517721022
0.211485420000039
0.866826996101886
-0.0824762072008739
-0.612556431406169
0.794813895722753
1.45964473218924
0.44341080484473
0.765681553544376
0.333379396880033
0.610336176518857
0.926223712970265
0.17900119324007
0.15110980642762
0.278073253317516
0.914207153203344
0.996369617497761
0.332383825077866
0.405264635079695
0.496190247376575
-0.11967610169184
0.0189946220088693
-0.201786338326227
0.549044902766209
0.041572046487139
0.312372950170648
0.509380670892007
1.53539441797601
1.27431948374904
1.53357347103088
1.38268256962117
1.44125525647624
0.890676711383808
1.20851968150322
1.17588624476904
2.54150445651167
1.30822726000911
1.62178461405589
0.324151032673863
1.07799141926354
-0.334523103746696
1.42732550434785
1.16569093678116
1.12579401950744
0.625483733791679
1.48577751163003
1.46061690994166
1.44615844645535
1.39848530449526
1.35974047419763
0.969882754573397
0.987371099654333
1.26926250230922
1.09393951634351
1.03492186618714
1.10104082297077
1.19709757335913
1.2675847986989
1.50477327893876
-0.369956008701244
1.25900558179765
1.63329540823441
-0.53619685673236
0.614155493287482
0.162040213190648
-0.358766385431861
1.32577126484017
-0.449856883039624
-0.256671671529732
0.00794097388246
-0.283837862851908
0.414742116339197
0.275673896597401
0.43362413879026
