0.965154466508875
-0.34610063756861
1.23844283540961
0.823370017490268
0.650674701461886
0.586211734742041
0.801228104676045
1.35179186831177
0.850953670059649
2.10526834939511
0.501135114678715
1.41886653757435
1.45306736492483
1.93072803596593
1.57463360828889
0.763777265809295
1.66530872390654
0.440538586378833
0.788473236497572
0.681834402300322
0.767040061792885
0.153051712160537
0.0579128708915891
0.344075332528871
1.44971032609953
0.607427480540471
0.581963422465865
0.635657994156486
0.826810728514971
1.14344124288795
1.12881639311266
1.04960329551266
0.434132798340338
1.14585212008548
0.836800717092099
-0.477257679492858
-0.974005113179468
0.145600307608636
1.25995453641201
1.06189186581819
-0.499087066239459
-0.395497780669173
1.72585899136631
0.308090642939119
-0.420888412696733
0.440821539066932
0.287285318563854
-0.545441851006897
1.36618704385316
0.345566421079467
0.285246955471255
1.49296576919802
0.952833701185502
0.139329391108772
-0.129867366210987
-0.189366398542153
0.289037284076559
-0.27991632642784
-0.323973196960132
0.870556714707993
1.17898613629382
0.506397008289856
-0.413399927408346
-0.450338910727512
0.5446810303154
-1.23504984596697
0.254612555659698
-0.319531161340648
0.312304148170286
-0.108175842225101
-0.425921536564592
-1.08808125488307
0.0412913151891655
-0.685729301180279
-0.0346407314930727
0.932560222238615
0.14907632311658
-0.413417414165428
-0.917211650941769
0.679839950328532
-1.43458772770945
-2.21301070281247
0.932306539018843
-1.30517361520949
0.238953453120309
-0.587033461619153
0.166834830923945
1.6672104452552
-2.91271200421029
-2.27306453477495
-0.220703799171178
-0.0239201254609265
-2.6256256800436
-2.06237287114938
1.78330427303549
1.17763572405608
-0.185766219398083
-0.110379339637708
0.967559389337306
-1.21732611357264
-1.99224792010023
-2.18783665848474
-2.22748501806219
-0.384944424159973
0.204361446630145
-0.462709714425635
-0.363589054315366
-0.751907218811652
-1.42862846801318
-0.811579395453129
-0.983038946140074
-2.81939705243603
-0.162108749694688
-1.40823130737471
-1.05344184719391
-0.35893723488672
-1.01343439533224
0.388180320765314
-0.190083998018203
-0.661740806295554
-0.014357453912183
-0.0120387484985824
0.427951140736682
-1.24388300000969
0.819117119549829
-0.048382461707918
0.452232587735832
-0.674850793515906
-1.39724357247301
0.324149376471707
0.206595527602016
-0.221535883388973
0.799230732687695
-0.538928115250485
-0.961166240820662
-0.605193136413995
-1.37909002432567
-1.21664195927936
-0.132661346159332
-1.0785996153863
-2.09368606401488
0.205091061669982
0.0316868943551203
-2.00451379977982
0.503197879821443
0.62132841732157
0.949004888312789
0.565565370913731
0.503827777639257
-1.02789933641486
-1.12597876054117
-0.584581366682932
0.404096028252822
-0.197328489030157
0.078905703325222
0.0476754012713344
0.0960579262923957
0.222593705113167
0.335032914329334
0.283327115509161
0.642698793721867
-0.0727057377605822
-0.349697413026987
-1.46057394012463
-0.405074793510105
-0.733119225363886
1.02688936044675
0.869014137977265
-1.77896854170356
0.313260905428204
-0.16458605907917
-1.28919965360226
-2.24022731797497
1.44643330902364
0.0535262715722911
1.17121605747316
0.218659103347081
-0.297506303794528
0.229207030252607
-1.79740602176725
0.570323491401306
1.14255032866025
-1.78968540762051
-0.29360620169078
0.69699642614303
0.727088455223872
1.76836659191182
1.35754443348443
1.13564505584478
-1.11217370152889
-0.718142866872663
0.0678851524380469
-0.171182643856393
1.43418121585907
-1.03280458759176
-0.17898390424106
-1.30799937562779
0.665019411646066
-1.35442193716576
-0.974662086451697
-0.0536192598359529
0.743681498836444
0.937182387132407
1.01362642252566
-0.310449192877341
0.350586673138886
-0.768406759226436
0.727563572351025
0.55311490776277
0.570440089769026
1.21211656451434
-0.335396604394311
0.282515582593498
