-0.181650295635657
-0.43897016650599
1.18201347029957
-0.399930355248169
-1.19096721931207
1.27984690659054
1.64998288755814
0.859394563065251
0.0318142613767256
0.984996628114473
-1.48298807264314
0.697300026785912
-0.167156455328279
-0.0562178437572859
1.35665011208136
1.41323525388997
1.52081294780546
-0.042626449277456
0.27233140177981
-0.424417585282137
0.312329679545321
0.325409019001433
0.513502885662568
-0.4315706903268
0.126438077551877
-1.29938074554699
-1.30159375536007
-0.0340362855449707
-0.690936551070779
-0.914408438819759
-0.145807444888162
-0.682458655668867
-0.201826741578386
0.391510859976085
-1.25904252311799
-0.508071111072986
0.308378782362211
-0.208546240480958
1.27632331886409
1.91968287018695
-0.138024074930697
0.219254379276553
1.7606502810563
0.449234196493291
0.462235652566063
-0.312426655808724
-0.341590527569428
-0.459805639765666
2.33467421823308
-0.664855549842744
-0.677787414023926
0.378020919934605
-0.356267329390905
-0.448267289932734
-0.163050941788881
-0.206005013609537
-0.0944865291549673
-0.545688973230607
-0.43696916232406
-1.06028446989735
-0.213208447759256
-0.317301268030505
-1.23225793005822
-0.792193847284065
-0.866248802625943
-0.262780772654763
0.760919977836331
-1.08200960986531
-1.73689903635265
-0.391941922039806
-1.1032532223935
-2.63125974031394
-0.190824248172745
-1.52131246508562
-0.442497925456564
-2.42689151262374
0.400450884202845
-0.65850013587671
-1.60494206233545
-1.41758620903107
-0.742093669451238
-0.701774938091696
-1.291520562874
-2.13956457383541
-1.60824094742744
-1.34532242465112
-1.87464471914744
1.58977705160394
-0.241852397614898
-0.459071537102674
0.259906927413921
0.746893911423951
0.173975104006592
-0.107746075278036
-0.252470438141882
0.700730750900149
0.59836989290213
1.39925135667257
0.671729197513783
0.410016295545732
-1.22940449696393
-0.470678832046884
-1.0228012094451
1.72139117187157
0.715776167917497
0.500379955944296
-0.837914559222432
-1.40490693392924
-0.575054203331906
0.79520213900074
-0.493223277541663
-0.156173735072118
-0.453272040691386
-0.439884488972969
0.221223937209174
-0.826636458099708
-0.253554265027536
-0.204596863300367
-0.0921218461766324
-0.279016396843134
0.00558177538686045
-0.136904520227808
-0.377645986328492
-0.254906673252543
-0.577191212084355
-0.348241035502256
-1.4787685078906
-1.91533482519196
1.57956547702861
-1.62955498839175
-2.07529148796399
0.299859922403751
0.0995636007292658
-0.535652586324072
1.16096693222339
-1.52063609320144
-0.225303865288874
-0.307795690908598
0.264523390792527
1.10217292834017
-1.10545202110519
-1.00316777862214
-0.0892757062537901
0.955768274639912
-0.924913768590218
0.668533715644091
-0.112061121217464
0.107649472681761
-0.551825122066445
1.55054044805855
0.655280222600667
-1.12835617123871
-0.14508102213918
0.367610149900733
-0.442339641607932
-1.01979588124495
-0.54974649177864
0.300336744645304
-1.06436881370271
0.242190942947353
1.39104495676977
2.18685020322139
1.24668904837022
-0.456880077542916
0.810980262831981
-0.743941912836102
-0.699216181893436
1.07773966927903
0.649326360815037
-0.218541675161626
-0.186954543801889
-0.591613292957938
-0.276079768975567
-0.846137264410254
-1.98107867510611
-1.09851317937599
0.857008952665529
0.829859930641022
0.336200290398904
1.94121230720885
0.678007500875683
-0.509796380374599
1.1308350749566
0.281424323208324
0.777633685682436
0.554320313419247
0.955570160927747
1.16314745493647
0.457262173288777
1.91619665844751
0.89041926515669
1.35062488269636
-0.481667339987246
1.36311159086365
1.25961939745343
1.31471020394542
-0.299935897020547
-0.712324725532637
0.483890829121136
-0.838419279939315
1.01500743374212
1.71327444494496
0.499534680763953
1.71728804047683
1.04056234641545
2.34210574709428
0.589936660493173
1.97029874347475
2.64373034209532
1.49356619428623
0.29633568113829
1.04215222363014
0.50463509723566
