-0.0715202856738518
-0.17530350948951
0.948205957833174
-2.27470952024308
0.141282351688828
0.843781310851203
0.485550141138074
0.687637793230473
1.28317898115742
0.19844784874988
-0.266467023801873
-0.507545942930835
0.76985886123777
0.460434519242758
1.04821894482954
-0.491764382801052
0.360006990889322
-0.334609728120892
-0.526311795017117
0.698705790408174
-0.181308994855392
0.0683993791695613
0.189674984071315
0.608782177393843
0.568475480888798
0.656666369778708
-0.0641288103797004
0.963344076442724
0.726518211810842
-0.341338901279784
0.365441117557306
-1.90042903109503
-0.0861146359191622
0.653994251577847
-0.287992117494352
-0.154475456298854
-0.439334616104394
0.100771283894398
1.72565115845604
0.133589728348633
0.102586260620464
-0.851014130906002
-0.225675428375535
0.58328580255157
1.33259838096366
-1.63450007705223
-0.5126509876424
-1.72044899526849
-0.158831868566374
-0.0725516920195912
0.0778352941073873
0.364075101577409
0.03768737765428
0.354530472559048
0.0881834785721974
-0.764247658955389
0.0114741688825205
-0.267921589769647
0.0410110837913949
-0.40678195279302
-1.64701745522578
-0.575243654256126
-0.900552894114187
-0.596933821180467
-1.85044195798717
-1.09819725295154
1.12442488281046
1.10837974382861
-0.856831511817393
-0.625063918435331
-0.979874699002681
-0.200620716895963
-1.99986404183309
-1.39098876482545
-1.25929892853233
-1.74655510874596
0.859798013314936
-1.02536173206902
-1.02412229033342
-1.61647447364893
0.871208841525328
1.35073087708865
0.241432846480402
-1.56112095336698
-0.324981658861243
-0.342356329803766
-1.37289737546529
1.04359060881831
-2.49653715047995
-1.86913178690311
-1.08292172647366
0.36611151764376
-1.75493949997757
-0.21582647558365
0.404157543165338
1.25259960171956
0.861480737772013
0.1740834674329
0.646641680110433
-0.861675801296529
0.116850988351835
0.253540509592988
0.727508546727589
-0.572233940556616
-0.36428201006434
-0.259202594561482
-1.62790385934519
1.13187881843781
-2.19167034269503
-1.26868238583452
-1.23506866030466
-1.71045590976056
0.718495346070854
-1.13278631811769
-1.42449506933275
-1.00582745403421
0.500587463576166
0.0719823278302392
-0.61829361316707
1.2992674762001
0.654619154915358
-1.01418115155377
-0.645625050869678
-2.38605071026107
-0.188609058172808
-0.257762743942345
-0.436543519710221
-1.60365738322318
-0.0458006558696218
-0.587878562880732
-0.467627599110615
-0.352194952727192
0.33246678204595
-1.28740534187925
-2.09015666616066
-1.85904798119048
-1.00597506546944
-1.67941120619005
1.10412732240179
-0.0277653597961253
-0.766608980366498
-0.79732102483768
-0.745224709196181
-0.99310433960286
0.33897057012329
0.25982775041003
0.758371780481603
0.388769546892445
0.532642268823209
0.924714560523826
0.167160044957808
0.349848261697258
0.277918232150636
0.545653825945186
0.561914242758246
0.364221514212857
1.19519372349129
0.620836306223674
0.487850681944566
0.500014211250956
0.681864421796973
0.678626983195752
0.049261850493972
0.643107857607596
1.24973947419223
-0.0767314755116922
0.94261824474858
1.54462450311949
-1.0944797419636
1.15685968346782
0.588484720160215
0.148230948308479
-1.30978998477224
0.552137898664491
1.20533158326221
0.873634229577345
2.12214763759653
1.41908247102078
1.31335673689868
-0.363029817531066
1.2893885560788
2.13996604278282
0.237302625791893
0.760746665858159
1.58721355410387
1.80515985958244
2.00954792837771
1.51946749781922
1.39825978681973
-0.161676630380285
0.951018479386091
1.02838517180579
0.121743521415693
2.31149572465948
1.00742569021041
0.790135395974363
1.40759791109589
1.72381270281679
-0.360860578488942
-0.189898138633518
-0.314061050092102
-0.739509785303188
0.100685487850757
-0.0891740155648551
-0.852201872997665
1.41837145399383
-0.568666711304971
-0.641313068678742
-0.18138017587555
-0.383780216894333
1.5283434145825
1.10168799636153
1.39259613454373
