0.649522629364757
0.172425803960116
1.32050461810562
1.2363576039925
0.822501905323991
1.37308972457452
1.12574122402506
0.436617332955209
0.501751396974055
-0.368504969033935
1.24874825816047
0.321194049384258
1.18374261006987
0.95486801374354
0.940126782748115
0.35522717665017
0.680429150503408
0.127396115107233
0.465045366061506
0.251213835881931
-0.567300046284855
0.116549101785868
-0.0616286513948003
1.00361271703088
1.19339676320942
1.18702553777731
1.12466082852539
0.854745352896084
1.255428583908
1.28957234791902
0.677420504927607
0.88277768947706
0.792045446512053
0.287644591017783
0.931675804620088
-0.642038463306475
0.090933350769919
-0.897397643361931
0.797776558001191
-0.0611598026317605
-4.60616079077349
-3.43366773015247
0.152242825771889
-0.487986554901268
-2.37649759294168
-3.48788720997386
0.194652558438571
-1.33971228601887
-0.196017549197394
0.311149997288394
0.316055008139879
0.866388266880771
0.328799885308589
0.817963780027447
-0.790033296539081
-1.67175268854155
0.0524382265267403
-0.37931394268238
0.565019381753833
0.118347768482718
0.505631646751517
-0.0318796788370812
-0.245326672971956
0.319789304093486
0.237621170357326
0.269212536268277
-0.725117264419781
0.324878629138133
-0.0729260565088465
0.160690638488134
-0.30332966784222
0.484723412484288
-0.251546342837258
-0.113743352967058
-0.676184221216393
-0.256546353317395
-1.2665958820034
-1.97646006630008
-0.785069449269495
-0.427712350181683
0.0680094354932258
0.0399035790602996
0.0771983494790901
-0.294173565811547
-0.532758390556301
-0.00300556000806824
-0.727689243695545
-1.24833128598126
0.0625739052515198
0.0352355534157127
-0.175330230968293
1.44904461350982
0.525891482847084
0.687497385574197
0.980801679262614
1.29551865333694
0.640243008318146
0.711668516078588
0.614150788490159
0.867446342356114
0.110304470606981
0.596350186917442
0.437697397332649
0.865274132193112
1.20111296262611
1.15861585907124
0.0203490686519931
0.617378669113646
-0.193780995562397
0.404432989026902
-0.0404252805735617
0.392131187508836
0.869042087444925
0.887650828450789
0.533199557807379
0.702076224733254
0.978452577679689
1.1417849147589
0.706914890368278
1.43076378247107
1.60901422294449
1.26451163810523
-0.125726404345936
-0.800138466919867
-0.28052702531445
0.343958541692083
0.0392097827246576
-0.119792178962532
-0.119440487736478
-0.520832864522509
0.0972856664092646
-0.0354274247363458
-0.542696385896017
-0.962845774890508
-0.396223749795404
0.13437508803587
-0.469896102153908
-1.23003423510012
0.486726418319468
0.0549393843862376
-0.283748381566488
-0.540294784887268
0.885381294769916
-0.307983914013456
0.54748014214842
0.825849665327874
0.662375025239805
-0.625802806550732
0.366716696682285
-0.730899498112351
-3.05610575729821
0.4117192873186
0.2912786685075
0.263387809318276
0.0274646429054042
0.642769203750532
0.308617620903819
0.575327312295763
0.118908189116965
-0.391305410812732
0.591324316040398
0.242278263476115
0.345548951776454
-0.306041620820749
-0.138713710249892
0.037247214582689
0.704028163544537
-0.0654559904896829
-1.35885010136737
0.869190489156287
0.191365867492341
0.595724898089116
-1.41157380242183
0.676771217273411
-0.412287258277205
0.683513570412342
0.685103755153891
-1.17379647056494
-0.179677255941565
-2.81481740021873
0.534741423871309
0.505154645733218
-2.91409574694672
-2.5456329345355
0.910351295498712
0.321983952754014
0.349793507896566
0.426710660196873
0.592939898409724
-0.390895883891628
-3.30432075749433
0.00220152091295524
-2.03917735244667
0.416049159867317
0.679229957872787
0.644558236855976
0.508160660043905
0.869505820369921
-1.68089566869641
-0.745628373482525
-0.136036363950808
-0.728567206844826
-0.762901670849602
-0.687974990854356
-2.9171570847564
-0.316058150750781
-1.81455690309213
-1.10963474005776
-0.703982999477563
-0.905922779544686
-0.896154262206704
-0.463804432300814
0.0524620561285958
