-0.694119319375075
-0.829208643342257
0.881450065117157
0.0885924042699431
-0.618386967873078
-0.269432717868158
-0.108633466087785
-0.552797669102603
0.151142946142778
1.28168152358194
-0.289080070833649
-0.552697666772687
-0.656007204290165
0.0161915335909188
1.89041636275525
0.996426146886845
1.41352018462443
0.028564490388988
-0.378629438237822
-0.683995651240592
0.111387641830468
-0.0157403513521829
-0.0490418617833035
-1.11845757431764
-1.18869149468244
-0.819918096480115
-1.47724718472959
0.984796855862238
-0.280569952601104
-1.26453940502058
0.00378644566863088
-0.75533384009857
-0.455023109074226
-0.288500578351796
0.728518231854517
-0.0473538667328644
-1.02099271148995
-0.0924400565533085
0.344892357431004
0.920868823762835
-1.74660165579331
-0.635783997832327
-0.160050411364031
-0.157606132396305
-1.37832031155103
-1.30141286763147
-0.811134930438109
0.494651120591045
0.80660755266087
-0.168343070526908
-0.658244452112214
-0.342379132330493
0.0977635961929123
0.209760112801503
-0.0124498339786691
0.598211234901034
0.203044440810929
0.877366621044058
-0.0286064331535222
0.969387661085608
-1.11085481685291
-0.912837084802663
-0.773829849124094
-0.44166130366383
-0.584786408371694
-0.93405437544962
-0.337138370768643
-1.43101871644242
-0.921643771904909
-1.03351990828298
-1.00964220372995
-1.36438540866713
-1.20947333390028
-1.47184253525727
-0.987072685119363
-1.13654403268617
-0.709175268113861
-0.504266787045268
-1.71058295318761
-1.2264943631211
-1.59885082910336
-1.88633338859113
-0.826140262429691
-1.95948820047494
-0.21951585280076
-1.33605611151757
-1.5581905419309
-1.1877988727436
1.46101382128054
1.61148816672764
-0.523916055214937
-0.733254546280014
0.702988666322512
0.428396349260857
-1.08729393233211
-0.435894376179479
0.0622911747701854
0.00099081980757676
-0.737297481493485
-0.0305552825143609
0.479905318992285
1.51352448731209
1.2292693187699
0.701980000960932
0.0275987075844667
-0.734401173158039
0.456600015883138
1.83005412534964
1.32693234129624
0.268176174436199
0.289150987005043
0.403650346723891
-0.992514161946828
0.063769520930783
1.02374088203542
1.26509199177106
1.73756761671861
-0.506210765119546
-0.035022233001806
-1.36155406994491
-1.16393484860952
0.961553256297239
-0.818436940414818
-1.26076259083912
-0.0138132200263034
0.123481699320181
-1.33854970407309
-0.729261373817889
-0.259565632850752
-1.15357614355468
-1.18939052788027
-0.0676046259534776
-0.12644276423184
-0.47571026199658
0.150572984211112
-1.22935411725796
-1.11077561653408
-1.10574095902129
-0.726662272743011
-0.00265174655369177
0.256578232175865
-0.216657165625497
-1.01007075594486
-0.133570982369104
-0.967302853928773
1.20630195320658
-0.59681033000144
-0.0719791123322476
-0.464706320278432
0.686801428160105
-0.134659725221686
0.16826517507164
-0.946638429440795
-1.21058461538685
0.112234119134687
-0.0211398274529819
0.0972495724101386
0.416201754283383
-0.307977673039
0.0338773457975075
0.0113207787635086
-0.0724458091397301
0.239667819696456
0.184152160980562
-0.481570968177834
1.17159238190839
2.59537475256031
1.7738590933922
0.732558996015695
1.18032632394802
0.451119176312381
0.969335011047208
1.39328247178691
2.39510480562764
1.4991955494022
3.29640734971238
2.12206880896828
0.791489643992056
0.932753141761202
-0.773461985467859
1.72916070313145
0.631315978660891
0.66786972612691
0.748261682551074
0.312685057339564
1.81088240707232
0.78607593836177
0.89323659268654
1.29106279473293
0.740307022747864
0.775035998994093
1.10468582152135
-0.606814971640028
0.28880627591072
-0.113422581342974
0.497947345817841
1.406021730519
1.45827072399912
0.560393251542458
3.37779237039785
3.80719901456228
-0.236195655632305
0.270513329944193
-0.399306248668532
0.499405286511576
0.350593620556305
0.413537943041139
-0.549012622232227
-0.56027147172499
-0.646784516263088
0.439254295010632
0.555999340224637
0.410253182635532
