1.07628780259826
1.10451427251034
0.376354759958044
0.87306768483683
0.00702810076189813
0.866596947549768
-0.229377659236704
0.47506605739247
1.605165158002
0.672116125842688
0.561932070167565
0.821957310552393
0.733382790276509
0.757013329214617
-0.0179220009890334
1.28182167042794
0.644365349381443
-1.66962992749213
1.32466312674525
1.0200546826719
0.589819631627436
0.61828831357122
0.335504428848695
0.54170200413461
1.08759158794309
0.610120669644103
0.197872768036218
0.729688908941532
0.495784186872669
0.737122706817009
0.81977710162119
0.761713598189305
0.436368583213636
0.09036137625598
0.250568066073169
0.035459055207366
0.225891952362633
1.04651832564821
-0.455379127649442
-0.527909301203145
0.0899700159391921
-1.38154470850688
0.371315441601825
-0.693595253030505
1.24892410893617
-0.444991618097939
0.734333714505742
-0.977971667964909
-0.0289353057881562
0.500781416785547
0.983256693569305
0.337741874823279
0.674413613492582
0.294620571839478
0.669375857861674
-0.183423795598984
0.77243359613678
0.391972535889564
0.459081832242485
0.0189170966746475
0.0450904461271246
0.131168902881059
-0.0666490840191136
-0.177904187796799
0.259938667839377
-0.219492033082656
0.191592023747588
2.02377613155803
-0.276799114949018
-0.0947085397843975
-0.162409259689342
0.965569602828844
-1.01055614733632
0.281667794512584
0.176337659240287
-0.954925736390881
0.915583028685101
-0.0920199131829127
-0.890601769817789
-1.03101300663237
0.478617512245723
0.487636669784572
2.05812982473468
-1.77470542374612
-0.373982192980075
0.570044626592918
-1.75974918203531
-1.49630150883369
0.0806658397653754
-1.0813660989781
-0.091205186241979
0.50925761060521
-1.15066000965777
-1.49782445825136
-0.983957866686776
-0.64535173746869
0.782573055055891
0.695666106660941
-0.197373632034422
-1.02358174839416
0.571873800972083
-1.33919306785866
-0.868880881884861
-0.499179261257215
-1.73648284837297
-0.492910752324963
-1.72411319279759
-0.47436915086462
-0.99761500314466
-1.70744866009757
-1.71961797012368
-1.68511779112036
-0.861907819430651
-1.84629362195778
-1.43472835447229
-1.45087468684422
-0.862848890476417
0.816954090530708
-1.20099382258573
-0.718346441488469
-0.917723481045906
0.0704034764636549
-1.37940349361607
-0.289179612122024
-1.571521720669
-0.565951680378929
0.195731820520744
-1.45011618381551
0.0200286413699271
-1.22826328585557
-0.759455931273953
-0.873844282587219
2.03697366093137
-1.94205249126479
-0.981684595386244
-1.92242338597714
-1.03610869513712
-1.66070161776861
0.268535687275284
0.160946252348021
-1.34144336705279
-1.90303631399355
0.128178014675896
1.31848872189371
-0.499525188947259
-0.317043772045605
0.824210439696013
0.693911809478758
0.682336770073362
-0.864026393085582
0.931808738667326
0.623655490142604
-0.00431858145042118
-0.980933470996562
0.0908369551358827
1.18240555619437
-0.077470339239645
1.61769100855935
0.813467568305448
1.10339437295096
0.989724487453131
1.0891630715587
-0.264532288601381
-0.689338668761556
-0.93991834715756
0.255020869971788
-0.477725338955448
0.405088661583525
-1.00418965277268
0.0364680560266822
1.07410944361956
-1.16897818636473
-1.92872421197688
-0.330285079215516
-0.356276770645926
0.553509672886188
2.39546813545652
-1.24249826826067
-0.203563931219631
-0.27153299108
-0.115306913778982
-0.183992588086136
0.0264995368092742
-0.406419295761453
0.73141093169486
0.0510190276239648
0.311357096857384
-0.179472396487409
0.392561752353192
-0.457329574123634
0.356968088537513
-1.47390564715477
-1.58750787802451
1.2020985372341
0.630526133082446
-0.226975066849498
-0.376876309572222
-0.199529633091816
-1.50532823803301
-1.56301479986509
0.173011697737362
2.79787599150733
1.19149064941073
2.05621903519745
1.0235663781509
0.577465364427761
1.64271163429327
2.29409665020174
1.96006340767571
2.42234396445898
-0.771837882167139
1.986482308517
0.985880424793767
