1.61444190533165
1.54628333004914
1.68683889765407
1.0769166247438
1.47021262577457
1.26841268344292
1.23104429606268
1.34016489053129
1.07309474723819
-0.494516909178648
1.47546648999464
1.3750776133822
1.54911483010651
1.47167553695282
1.61123257933734
1.64965113240057
1.54520745581384
1.2699455408876
1.66653349499117
1.10897982381694
0.999832713434932
1.12524121498073
1.26304153853268
1.15861505566026
1.25015823514753
1.38932858000031
1.38542153847825
1.18094382766605
1.28221949320361
1.30604304643209
1.16748599138164
1.12391866239064
1.17168202742097
1.16746735723507
1.27404112315281
0.993314759499952
1.2239499476569
0.81847217644744
1.23527707022224
0.90648600485196
-0.555421252125248
-1.0237280616506
1.00793376853172
0.976667618934308
-0.238492959009576
-0.913918730202215
0.991972120928374
-0.661604391975252
0.882636020363874
1.21907052870036
1.09315006019451
0.711818347500419
1.06687128713206
0.685209247527917
0.257473564774427
0.625567921481023
1.02650384356405
1.01911037630582
0.937641020552161
0.920080971266697
0.514320532264116
0.0569833583772531
0.565581399065964
0.683472564917797
0.680318014995334
0.482811079240638
0.0119189013707965
0.321155672310954
0.126306956436041
0.0982159053553193
-0.663615396833389
0.720034837358714
0.242046285845614
-0.350461545582975
0.463884009038442
-0.178381262730473
-0.927416278243027
-0.736907772927686
-0.272853853806273
-0.0793758590460207
-0.293652780034552
-1.13840762581721
0.247226140569023
1.03777940365693
0.559237460477948
0.39391577868557
-0.755239357396991
0.870954975322839
-2.2997233382585
-2.36528985261385
-1.13354260648708
-1.60607096846071
-2.04270998127739
-1.25565283941627
-0.493248700788655
0.215263408014495
0.423947784744991
-0.674857448175703
0.302953289397812
-1.84177271803311
0.0534463367041269
-1.15361291912874
-0.540240527804966
-0.945139032185023
-0.0322244099436522
-1.39368289624556
0.0781130148151613
-0.32383214380211
-1.78409397411526
-1.60477908152469
-1.1857247686316
-1.82481196114529
-0.765635774809138
-1.54045189864594
-0.165608484573409
-0.0535764076091937
-0.507141305647967
-2.59921768101371
-1.03238223146236
-1.30056961064518
-2.43709185886398
-0.390220112145334
0.364126585119783
-0.391496153106031
-0.225925281832074
-0.140574533600439
0.258636669048325
0.420735750047662
0.423434663631012
0.363787860548741
0.358283294238563
-0.416522405603156
0.72505527261325
0.0136016109446836
0.622683886931766
0.325617717348672
-0.459806041139105
0.228182740990817
-0.319443439040263
-0.592833356378073
-0.215169020781104
0.0459572791913166
0.618882857355889
-0.457399826952551
-0.0788560049667
0.681021060037744
-0.234735866766567
-0.197362345353861
0.0036240339230054
0.255132629657457
0.0633024725890404
-0.391851138511147
0.378489304018225
0.357665782359248
0.101462849509825
0.571218799970927
-0.816478553407689
0.0422041518610014
0.514893588629639
0.89352362111799
0.169193882588094
-0.333138403493926
-0.362370849968189
-0.36941174693231
-1.00312269036247
-0.632360700592631
0.863993930299892
-0.209900377629229
-2.15865381780511
-0.580193593287022
-0.220568270122445
0.0498815355056447
-0.516368463581601
0.418666387484267
-0.880798579810211
0.127317005487021
0.124877630626137
-1.12118418547802
-0.0273622647205314
-0.342625728693064
0.0756563886297678
-0.683471406333256
-0.790164749846471
0.391478512423699
-0.0995950635089761
-0.134922159124428
-0.241195972983903
0.488365940719603
0.0102060372588031
-0.469677846744727
-0.355335314796095
-0.132006590458313
-0.183943737175861
-0.439576279447109
-0.647880095760358
0.0777744868773393
-0.240635008407109
-0.694481743480023
-2.09527151824226
0.0603473659119103
0.838513216752082
-2.00396888881766
-1.51094495098075
-1.76836505527923
-1.3917260665153
-0.363962179819241
-2.11395405742974
-2.52399949823451
-1.81491102852031
-2.06707631502999
-1.50122268693054
-1.42205903046569
-1.38886501701858
