0.962233035043233
0.706178563626631
1.67807530032053
1.97648301615411
1.57654280437879
0.55776162568409
0.263344502595124
0.0477920799040291
1.47958317676792
0.84236400990885
1.79046424278379
1.09478882433214
0.849024200322278
0.951929476121968
0.984517308211735
0.912356793454601
1.3879165519501
1.4088083761306
0.953859735352847
1.01825624115065
0.649615118235993
0.314487943021983
-0.138631562832738
0.895804389668788
1.06924179158931
1.15854065983
1.30383117382704
1.13795152205338
1.10555850420385
1.19599478176181
1.71031007085991
1.48703629006177
1.63469478365468
1.23463587750793
1.62051641420811
0.97643635320173
1.36168515387946
0.760147014758681
0.66605453128482
0.861965502590039
0.546652464671477
0.661434714734335
1.14854578140374
0.339585242676878
0.411751559158443
0.674442240872455
1.45515879906916
1.4612054397645
1.0997663116155
1.08819308098805
0.926120744116897
1.3438023178199
1.26201437467597
2.0113859286455
1.17521209982446
0.533974078584217
0.103412106267859
0.129901837177581
1.35337246723501
1.53570708389598
1.41244124690364
0.797398786745787
0.284693722989215
0.892647666469889
1.3808370285204
1.59884603474046
0.889218185566485
0.973363773307803
0.120293082560334
0.550357003765392
0.0965620616260431
0.0271246320107565
0.585140656064042
0.421014860983549
-0.4043223289758
-0.116770841083661
0.419027084946764
0.501555812035586
-0.523772295067599
-0.963270850303142
0.317775280835679
-0.443693373375752
0.195147741145889
-2.56698966898386
-0.0622756065778268
-0.051967432256773
-0.705946633968449
-0.855474879666613
-0.532853611014147
-0.635843326165818
-0.658921399993523
0.0356510125329359
-0.922918203867963
-0.0326614787595887
0.212082977454453
0.415451588123259
-0.140268418615336
-0.390490317737944
0.229534440080657
-0.296397017502844
-0.784618081379101
-0.545814614801504
-0.525293544708646
-0.47527088876267
-1.22066383680174
-1.24994517200633
-0.543669510223786
0.196320401710807
-0.437913742789825
-0.40887571677737
-1.27879576524835
-1.62816870680263
-0.387921451352699
-0.968193800167754
-1.67009547532809
-1.76167484869638
-0.0690993667168097
-1.15969766103756
-1.16988940788811
-0.304140154310656
-0.942720937996499
-1.07450432842083
-1.38654774073367
-0.743428628328865
-1.10939190580252
-1.22842889756638
-0.827077153947548
-1.82834488389265
-1.20524355430622
-0.986707483936115
-0.487062989103154
-1.64381842351265
-1.15322045260518
-1.52906194533471
-0.677759684486503
-2.60133273006623
-0.602509611282732
-2.01837063604022
-0.120748714308359
-1.59247630434603
-0.947554157349956
-0.378778879853543
-0.3999250559312
-2.20143493955631
-0.0256860945226901
-1.90347232071953
-0.499259162624872
-0.153804958203451
0.189850824761929
-2.25564804732821
-0.779402162979001
-0.594547620398854
0.0792725462216486
-1.47992626844708
-1.00393280922489
-0.53108005230182
-2.14526965758098
-0.0506447490639679
-0.678844019517524
0.223379825985916
-0.650998137225122
-0.204345904244207
-1.74936500078755
-1.17043850502499
-1.01302023120113
0.336311474264328
0.42586956133568
-0.854302236992003
-1.04247048258832
-0.897641204566638
-0.961351328013183
0.227837506793522
-0.51626072293767
0.342838072912773
-1.32362497315085
0.33226999186506
1.10636005850499
0.454154055174727
-0.700005141716578
-1.57510344726287
0.177497793757059
1.07746007981271
-0.506254893689899
-1.28556213187393
0.722131893766474
-0.59636762838209
-0.126552946436096
0.657537881878173
0.570778831826525
-1.15658155823894
0.140581369674901
-0.563858995164513
-1.58640162900274
0.689005664186427
0.757809182198944
1.0067444465564
1.08425562953218
0.990981287221708
-0.185574677165284
-0.356163798502382
-0.460005781207495
-0.0159647840765992
-0.119931532706887
-0.257908204233509
-0.478960376405369
0.418114011351975
-0.282028509132338
-0.118942659610973
-0.814889258208592
0.00427933324596871
1.11565264076634
-0.0540653132539021
0.914235488865598
