0.323703868885411
0.313170824851868
-0.924186231137798
0.37918060543265
-0.680264331426945
-1.73276177223903
-2.05727490806951
-1.70990032282689
0.744116939671906
-0.21090680158608
-0.644376433518612
0.680489424151881
-0.51072084914632
0.397579492501795
-0.747527056971217
0.648280639304552
0.147787141622868
0.0427530881176874
0.658154959837017
-0.141667467525261
0.629759843735213
0.631610157090844
0.349173998301205
-1.71982585328373
-1.0603989724053
-1.43440454479292
-1.48875509030576
-1.06791225905661
-1.24980946238427
-1.13313129485774
0.288077183567881
0.0177588897355185
-0.603136807155761
0.0516741805644223
-0.113654243820148
-0.208503147397641
-0.232696538495295
0.233340282855968
-0.406445045982304
-0.867140547515044
-0.152793634135035
1.11094249518629
0.539261143170698
-1.25798283427122
0.0252326617472213
0.19690960858001
-0.152085285407735
0.338597073675037
0.362171481372415
-0.00217733017985472
-0.354404137739274
1.00998397468238
1.13541988184002
0.918824299552086
0.772265272467394
0.89513340004804
0.370794179693058
0.624932552008141
0.260483193401719
0.207404270065887
-0.0643884380871906
0.771526840947562
-1.3634880627869
-0.663562281582108
-0.444049818736423
0.871992751641038
1.63784688471698
-0.337164567243354
-0.0990303355484798
0.379762859102887
-0.792393277964956
-0.354108749174389
0.731314388349812
0.10856394918326
0.162467545220161
0.775751527926059
0.924674109930184
-0.514051627092292
1.41111954183805
1.03542176047335
-0.876498121238622
-1.64821494709603
0.125242174141325
-0.204044653950685
0.3372850475106
-0.109861212131303
1.21017047191702
1.37447431545968
-0.92255269153055
-0.566010197493465
1.53656586992157
-1.76040266407204
0.0259050687793635
0.20714860096476
-0.152189965461019
-0.808905889389986
-0.0441298787136252
0.68749735445846
-1.06547358732098
-0.0537694688817763
-0.525655209420429
-1.22053707359061
-0.18247173201592
1.68160924913776
0.702737415969502
-1.44145345052287
-2.36580120336186
0.36745477378317
0.836925269781274
1.24084721395308
0.765577547492298
-0.259200507167494
0.553994866153985
0.184845684754585
0.362985600023793
1.65944003471644
-0.898897194952677
-1.45783334252485
-0.0882721599133137
-1.42679247163347
-2.2926917577336
0.552155912389315
1.61542796473812
1.91286543706564
1.76424838923838
1.03584310624963
0.346912656692205
1.00062890838525
1.07424012705151
2.01115366945842
1.66955428028661
1.10137549601888
1.35926351827683
1.96115606501152
1.81140514024379
2.07086795676015
1.12262324010176
2.06035095465197
0.331257686475856
1.13777194102894
1.49305364934938
2.17303163932861
-0.927570536203638
0.250762753523648
-0.890085060101402
1.38300181723296
-0.171223894290588
0.29165984810185
-0.800002878967072
0.540285685536329
0.587594280820102
-0.515140600254256
-0.458429348884335
0.0300728837504233
0.690494327547562
-0.557355045467493
-0.396476680319642
0.190332796109899
-0.709125799001074
-0.38626464466791
0.54678070242493
0.291554318173445
0.873417399521153
0.552500045205019
0.322390596122078
-0.968570256737783
0.139989042679621
0.652156994053173
-0.871884699931877
-1.13954716772964
-0.56588789214373
-2.13231492236509
-2.20544558309048
0.243965651379518
-0.316347815509703
-1.38123443013376
-1.73838901548033
-0.0299661691829099
-1.28701482031605
-0.355351498718484
-0.868628717604991
-0.18578036379912
-1.05388706746004
-0.815826396293323
-0.046298790324263
-0.555473079800435
1.112344706676
1.07382626481239
-0.398035960176147
-0.476743313840087
-1.31935791650096
1.56902718779693
-2.44208963649339
-0.136460565225916
-1.3110177433471
-1.38036519177223
-2.24197918843244
0.878392715463959
-0.740409833554284
-1.57767078026775
0.493409919244625
-0.873831391941292
0.309102194155083
-0.100214874449139
0.997477880407664
2.21594347449763
0.195478755432565
0.250416273840264
-0.038210646264591
-0.544155632245514
-1.01641389207248
1.06229765985671
-0.530760155806078
