1.66366570043276
1.46273176472801
1.09352759482511
-0.803774402571223
0.0396541609429975
0.427969919029938
-0.422187772893676
-0.732616069526077
1.1734959503686
1.89854304873337
-0.612973743133449
0.886268858241048
1.24451452588859
1.81921812134925
2.04336099808331
0.999617621148746
2.10005223259747
0.369044082117076
2.23931804555442
1.70253207482227
2.25725521978948
2.31417796191958
1.96243743770914
0.555123867688647
0.887029682421352
0.501402151940313
-0.283910284770224
1.25367927008136
1.17572566608247
-0.248652157529478
0.359299250382304
-0.757460330992569
0.960299222664005
1.71097946770274
0.403433324926113
1.28008279736562
1.13893096501833
1.39969957103775
2.17978042795122
2.11271558167129
-0.89577713719364
0.035147921593284
0.404319360328312
1.6526820805456
0.576236438451463
0.00261293035114059
-0.108522986721888
-0.102255778431256
0.601417303315182
1.25090496471952
0.882246607876419
1.10614263678953
1.20478139835357
0.65342313717344
0.439438706558179
0.0741579219897897
0.498475275390102
-0.041201404171819
1.01640641159107
0.365777604263769
-0.567308171866842
0.458627737894451
-0.926148756077924
-0.502405514390527
-0.649972885644277
-1.25588641962168
-0.318203055905089
-0.708616946304739
-0.825684384691886
-1.36015627946282
-0.613092628464981
-1.6124815402781
-0.102049362392679
0.671707995005418
-0.662614499297977
-0.930289092393992
-0.154063348507519
-0.0301766175974593
0.736458654985398
-1.05719944793391
-0.871032692077245
-1.06995204339284
-0.0321764311489368
-0.35147823434151
0.201615481751304
-1.16975990251716
0.870602227818951
0.509729937182201
-1.79034278909076
-1.92921114266328
-0.335935992264508
-0.687668877984228
-1.4947058844129
-1.68457285582775
0.274349313515576
1.18545121673418
-0.400899157964066
0.04539742182585
0.270924713781574
-0.367856156110116
0.0329890572840303
-1.71602537585123
-0.238260704628947
0.488407708342571
-1.32806721098256
0.461216279252579
-0.945990714841306
-1.05557842720046
-1.44990798520568
-0.369158801511685
-1.50547170106707
-1.61787962447663
-0.886351369451977
-1.63021417866045
-2.02546208790187
-1.580986856283
-0.000781247446701287
-0.23546622016923
-0.842096687481944
-0.697714783337907
0.610449352556523
-0.744761643156843
1.32003701754973
1.6294403505159
-0.862709742832676
-0.49345631902187
0.104634252546653
-0.925143712086446
0.787964389088553
0.760493032275506
1.64627367055958
-1.17016350039623
-0.223045726856779
-1.0735279676413
0.00466668783149045
-1.08740640503757
-0.318659934356162
0.825404804484049
-0.665474972946747
-1.39888489967715
-0.863834337140175
-1.51493606114686
-0.8636267402719
-0.0988765335006079
-1.31305865321184
-2.0735226839727
0.405594672991993
1.54145992547768
0.693845733244636
-0.541014814769728
-1.4683675926801
-0.0679847390837904
-0.578630173459667
-1.44920655635612
-0.800716162704222
-1.20223966272555
0.354819342841361
0.858445154616341
-0.679522775507474
1.91943347030052
-1.28183829477805
-1.73381907631803
-1.13220490863279
-0.371285312997128
-1.53091231610103
0.0321086385568456
-0.688062568139132
0.344315074535171
0.178556287673549
-0.0833438571639065
0.145568172375289
-0.340475917993674
0.38253654375933
-1.22368188058662
-0.146259486034868
-0.0277103160357975
-0.172310798878794
-1.09891426919152
0.313415085956485
1.0792588471464
0.254570707172432
0.784836226498228
0.00908251687488572
0.395591417623471
-0.698936718453304
-0.146518446482227
0.5848204043529
0.385832690646677
0.672979090489804
-0.722436225238685
0.355523437172533
-0.130294651328196
-0.877686469848997
1.1008010199125
-0.240489912073994
-0.0189564092828817
0.742031361636007
-0.359683954836219
-1.10654949200696
0.289326381257773
1.4583193582513
0.117918364700691
0.0699749581068268
0.367481015812714
0.480301290413609
0.989940565262142
-0.409755700894712
0.148156782855409
-0.814168333765248
0.891586420783021
-0.682942061952945
-0.187422317729304
-0.322890364238494
