-0.136273392602973
-0.283824091918659
-0.652948880784831
-1.44635825514814
-0.903564893994979
-0.388527415296536
-0.499551066305358
-0.661622446780177
-1.17329940765796
-1.82428891391303
-0.706621418604252
-1.32458955659116
0.202421348812435
0.0421167627553162
-0.0144849357576945
-0.886661230431995
-0.437944886106666
-1.33148310967875
-1.12398409574715
-0.278361028581883
-0.385010889632029
0.184037592213487
0.104951788381512
0.344463561414111
0.35670713309498
0.330744718687409
0.184723641907823
0.292663435637302
0.327001493718569
-0.0736918996309522
-1.58294174089411
-1.00652121755238
-0.239663263932972
-0.600375626991908
-0.628843515016538
-0.331497986331126
-0.950631494433163
-0.506473306595155
-1.74153918438861
-0.797321754321451
-0.763243077589441
-2.00869656810254
-1.12907989871846
-0.264701498960363
0.0418516056971579
-1.94968756147825
-0.876661327900557
-1.18957412666786
-0.96081553822052
-0.935761405714439
-0.904803506089818
-0.139891593321713
-1.00432386881652
-1.08047218898702
-0.623085152343826
-0.321586296312591
-0.349227857044236
-0.14403396933875
0.286968703130956
-0.606806093828654
-1.20263425640943
-1.47021964202851
-2.07286153270612
-1.62890073454471
-1.26257559754893
-2.00348361227121
-1.09377317918068
0.259734264210266
-2.44762266520057
-0.634481541147167
-2.41192371753986
-2.06565560172398
-1.50081163542463
-1.79908656226012
-1.33438612357603
-1.29760507886819
-1.45343568892841
-0.199056502829695
-0.251935055472312
-2.0098406084077
0.366172160198759
0.108949077816596
0.165569881715617
0.644831125801668
0.362918386157775
-0.558204918979224
0.576732469177322
1.45482354036032
0.83781542002752
0.32718733552995
1.47810207771901
0.94707609451116
0.696444852129694
0.108603142100981
1.40614530370546
1.42705127116531
0.615705191846978
0.353492144980525
0.574738236054536
0.936598610125679
0.542831420541333
1.30764912015381
0.987307261184076
0.433855458696963
0.780478042683257
1.06673945358583
0.807525124674945
0.543432029913761
0.55250263522762
-0.133177453187085
0.352549637252455
0.301606296680213
1.19067554306254
0.79138529885114
-0.95605942117214
0.256159156314133
0.701081308332649
1.54369141110196
1.13904120922712
1.70491903643368
1.76764082292685
1.22239686197103
-1.73448768705391
-1.8749608502966
-1.2603400645777
-0.299253382079122
-0.0386555192834381
0.0631729629521
-0.239132798504749
-0.510157072387111
-0.277362139666731
-0.687509174964286
-0.816362266090587
-0.954456548810609
-1.84073126971674
-1.23298709754661
-0.937945846684678
-3.15833566028955
0.860455636027587
-0.261707812233626
-0.550861328029941
-0.688633023918045
0.996024848583568
0.516604247676627
0.77845490248023
-0.00236260443852109
1.12380411217626
0.114209742737374
0.845550053926417
-0.425264502054184
-0.580576646969508
0.658583206207969
0.481939051750977
0.706923115422891
0.00358364914785882
0.130068532534831
1.27574127787623
0.718168552893079
0.637012127951989
0.0914984752899371
0.502274006670519
0.607514592055843
0.8333049977755
-0.546683791275011
0.636575740299608
0.124748888642111
0.185478593958451
0.486441641073828
0.696791040217223
1.00669940627612
0.782352409577771
1.14857929023648
1.26811222185803
0.607310793106314
0.538740306361269
1.12516848526521
1.32314801591554
0.771700830798795
1.08643594103111
1.13173524223874
1.08644493232286
1.32248172154123
1.24214453942689
1.27404784211858
1.11846481647285
1.51079575668477
1.05863440367383
0.957750842657419
1.10600503797433
0.981797831734824
1.31420950422263
0.714838729044887
1.33504892442707
1.28442649068828
1.44762347207289
1.34024719520335
1.38954792549113
0.713825239896486
1.38685486872168
1.02978152010369
1.35014730394027
0.140844990372299
0.250525588463782
0.365595218680215
-0.224929018440656
-0.132197905507905
-0.893703537304154
-0.0492317401465224
-0.0407618185349164
0.432858007395169
1.08607624115376
0.776327397486979
0.995611890702265
