-0.920052685866628
-1.191796729292
0.319693519179191
0.112234548328678
-1.33012806367761
-0.203478255184841
-0.411243275872015
-0.131491737861946
-0.0154008838976434
0.457316211445313
-0.770207825592721
-0.924725056739783
-0.325288042545323
-0.531742892743384
0.753130452009575
0.065630341476964
0.364237556049736
0.290739118060249
-0.345669442277566
-0.445617858223841
-0.56023476020354
-0.450321999021298
-0.323381700518303
-0.676412951928147
-0.583026012639218
-0.639998440184507
-1.0230217322259
-0.304602991769925
-0.813753802437133
-0.59463062973142
-0.264708329195824
-0.343217877684911
-0.420043489267047
-0.592067915572402
-0.986150599609873
-0.293222617246559
-0.879482490134917
-0.508075552039338
0.221753241496365
-0.393855661254763
-0.382156101836388
-0.71728111434325
-0.881239254851641
-0.706410357714208
-0.664339663879507
-0.506005726489944
-0.0910332115765474
-0.21213835482129
-0.31950610022211
-0.62520090202551
-0.517061938919448
-0.282185517466169
-0.460397622773287
0.479173734823208
-0.270788087216472
-0.914195901057703
-0.63102576929329
-0.812918602979772
-0.482179601169919
-0.605338305328103
0.296054954501046
-0.300641874652742
0.20107838365179
0.379459937991489
-0.0370658967525727
0.726023654007617
0.49367887095711
-1.2031390860071
-0.0512951494885356
-0.189289048908221
0.41133294150188
-1.06278079920206
-0.336903294468444
-1.26186753459898
-0.311226139026301
-1.15200150546154
-0.782828922571498
-0.0102281703620656
-0.792025336346103
-0.774131664586696
-0.308686552610396
-0.278838581810225
-1.43167869458173
-0.887003874277473
-0.793789455606268
-0.754151563323563
-1.3811049253739
1.05037485597609
2.00769322020739
1.59216073828297
0.496825773002513
1.0450811613848
2.41763792989895
2.62585808205723
-0.0949595222550733
-0.767586037393954
-0.990404471346491
1.33708413244544
-0.115393433586147
2.06671733766316
-0.351137943100928
-1.40747330497912
-1.15636125881443
1.61392659050898
1.29864704075362
-0.397794497697013
-1.25934817623821
-0.947818488930373
2.37378585595343
2.50964518111939
2.32886541107687
2.46429752414546
0.229998609520465
1.8936794834278
1.79380478563285
1.4719998155732
-1.44983166391795
1.14302980223251
1.48271410359951
-0.00878383174387861
-0.384236234145691
0.567207442795812
-0.0771432882686302
0.991722072155189
1.41091337037751
-0.157323150268876
-1.09387239852363
-1.59823506465707
0.111068414284406
-2.10977976737182
-1.6390292537798
0.538004943662946
-0.777117432456699
1.83688820488539
0.612180360347188
-1.75379796056702
-1.81552022050399
0.0611745287587996
-1.49043606653982
-1.39293982979289
-0.175311562522454
0.165987265213647
-1.03122498557332
-0.376583644776272
-0.359921671047974
2.24015323954958
-0.320034411523335
0.228407005217198
-0.185834314454118
-0.422735796744361
0.151916760026353
-0.632515370217753
-0.780733858969133
-0.700812351018351
1.0779039932319
0.1068067953572
-1.60164230679289
-1.25952519885981
-0.860150714079272
0.129199023082068
-1.71254551297778
-1.49123783664868
-1.43137773364544
1.62990268754615
1.24815784144247
-0.569907189154844
0.35122811504198
1.22080963163008
0.246182158802957
0.198025960596595
0.432145877156456
-0.15637176147742
0.283036507586076
0.268641417339604
1.53616191264799
0.308585445982492
1.25975080940727
-0.0359117153316315
-0.455986710277439
1.26788831193348
1.10450235225651
0.712384417508905
1.75932421393876
-0.519076224260479
2.11399056633955
2.13438078870619
1.11141241137849
1.44653063482361
0.138389332341573
0.217380779196672
0.23760600629514
1.12196441953997
-0.349646422838628
0.0949582543271144
2.21249533817522
0.879493347476405
0.105389124894891
0.705710600209619
0.107680433158204
0.283372207896045
2.09704914119823
0.503273801732176
-0.206730074063793
-0.44308412838714
0.4872463992308
-0.130892040379962
0.0341240145394261
0.829101167194428
1.48522378252513
-0.190275960122036
0.219054017770035
-0.955812280479074
-0.466114968730497
