0.881210551760825
1.20939153634239
-0.342524152562293
0.976982242678594
0.489152897516259
1.52846459998401
1.513905717158
1.38624793164849
1.13296704858287
0.100600988094176
0.61328469553808
0.706807763075806
0.750521954242401
0.530620973259515
0.434040897482473
0.460671449153887
0.689986511312067
1.13702305547422
0.162131896426685
1.55903302975234
1.05062478230191
1.12628162483897
0.356801805943501
1.38729322781931
1.37085701407783
0.908620989224721
1.02497208063823
1.51886551843334
1.24593070133809
1.32179521393858
1.32794325217375
1.10852528168913
1.49336356250664
1.47733729381624
1.49554069679648
1.20306405222949
1.22690977516627
0.825962728699447
0.210049433967948
-0.79818650448887
0.461927687823933
1.36537875708933
0.124906328052889
-0.328006389486071
0.729295456296729
1.16838104262764
0.621296933432038
1.18541935515799
-0.186666720030752
-1.55527954852642
-1.03053233462325
0.664801109886507
0.542594251881286
1.036399742663
0.293062818451644
0.959466924864732
-0.043476184594671
-0.0103578430307858
-1.82701090517439
-0.801571333110103
0.943151313076662
1.20691309604933
0.645347164865975
0.320193368614689
0.596695698287809
1.05424184761991
1.48996975715628
-0.141407117410717
-1.52379552230884
-0.695587235891028
-2.48068331662285
-1.36618686210586
0.180649777685429
-1.65064558631833
-0.800926299888662
-0.221277260458529
0.495462756326413
-2.81628936597316
-0.903049482182178
-0.767256356349802
-2.92870999485406
-2.25324568019885
-0.629960909828253
-0.322127573877111
-1.21305499218736
-1.24701422428147
-0.488328073221562
-2.5800053777043
0.0139785279005893
-0.15399892542187
-1.25528373300287
-0.422788948167848
0.12960274097581
0.0944928698812507
-0.331012786357703
-0.550165702986957
-1.07367301048612
0.524068972199217
-0.506972861313422
-0.385156407653946
-0.251021748802402
-1.2302161348758
-0.758121998289456
1.60496337430171
-0.313233066176355
-1.57705839261941
-0.261910059830853
0.282795435522071
0.252123728954779
0.126435561949223
1.14956920221623
1.04033936914386
-3.13917664813256
0.782850920949164
0.308615803917345
0.848748719692447
-0.2718666038248
-0.91719381013709
0.252975191840816
-3.19636870348676
-3.23938609572593
-1.06170277694152
0.667128999993087
0.350424156744122
0.439142582436244
0.248962879995253
-0.329288016551525
-0.273980296967882
-1.35379970507478
0.389465721151068
-0.0249371703234888
0.540729213583593
-0.163764031047202
0.0458720455523679
-0.558752827067386
0.118447924782068
-0.149451645973023
-0.0407767281674362
0.530996472263575
0.00445836404221672
-0.0517119812257482
1.49562014389688
-0.232461867468951
-1.61481577602945
-0.0857222805841248
0.402326328471343
0.383601669538556
0.358778976882645
-0.104955028456955
-1.01001480487515
-0.208878404338293
-0.0192785828164438
-0.721425929290474
0.533490240641089
0.607805367608807
-0.579920693149776
-0.550015680243452
-0.0656163572923658
0.250078401900156
-0.360128153253205
-0.583246236874145
-0.864082344298552
-0.42810993053424
-0.674994246301576
-0.367701190351302
-1.43018524831716
0.192190614277158
-0.11943327385399
-1.27426713486577
-0.776582541059683
-0.622747356527034
-1.2837146463798
-1.56318763203857
0.163737291347463
-0.363557567889672
-0.663424613621692
-0.032221418489708
-0.0411688135162768
-0.263926359590663
0.133313512760904
-0.239284390465951
-0.550234289410676
-0.193089824127641
-0.212458364581054
-0.401279834636414
-0.402592990702128
-0.503457559227325
0.0646041363477331
-0.0869478495726867
-0.642868377284204
-0.32889125934364
-0.591334896276549
-0.314189692245306
-0.192643960737827
-0.132779772386275
-0.258051545533252
-0.244098517954933
-0.552935028969905
-0.564126625364567
-1.08878282855151
-0.509168032657731
1.47765862645053
0.678315352435364
1.15867917949654
1.95819811260967
1.5976779568731
1.28825438196
1.56604804721908
1.17571455135744
1.70254098027219
-0.172518246401689
-0.120234908693979
-0.96147574397148
