1.20004662148733
0.733919542361237
-0.436118990805821
0.922341942474403
0.616203575602617
1.26839570406377
1.48952411838971
0.922222213083492
1.30874990507825
0.565274125239787
-0.575324348978537
1.38415543380196
-0.125040702707955
1.00540775913936
-0.0206847449356692
1.0876329917848
1.03308178838322
1.00886422113058
1.36607653640926
1.70652032655813
1.42537931271718
1.61523476260329
1.46698227051338
0.0674420725487285
-0.0452160573924766
-1.19072247882134
-1.10991775104322
0.625188842887474
-0.354823156075804
-0.711873197530714
2.14123377327227
-0.357327049246883
1.99010874269906
1.90354858129821
2.15120634380744
2.02092579577278
2.02855768217144
1.54855954044032
0.966055804801427
0.883290289401292
0.415716763417654
0.58540148186973
1.14972259908819
0.652158385402321
0.132512079885526
0.460120546418483
0.551374588733479
0.369324132180268
1.29758014740435
1.92254031521597
2.06724729609517
2.7018077227202
1.97102587395365
1.42632262488653
0.963778703362835
0.914494841416798
0.699655459412293
0.624348736742923
1.23499028959536
1.74485849847242
1.2931039582306
0.784504014600017
0.358653399147575
0.881750300479637
0.406438483285683
1.12454123510425
1.24744905097809
-0.515165448591035
0.771210158009874
-0.170477366237304
0.689777298163316
-0.694537932237133
0.55637589376641
0.362138605235891
0.499832188740349
0.403649794443847
0.0535656775801695
0.189144210114015
0.64532186835063
0.45691917695015
-0.419601934606466
-0.8071724435637
-0.0106061170136576
-0.415525560925779
-0.258383170691916
0.261470469970304
0.747975900565486
0.741798796509024
-0.600480818568148
-0.803818723354151
0.595264684152044
-1.68356250422853
-0.915575033611174
-1.07939228391785
1.86760478156831
1.82272155228554
0.517730150262904
0.139973924817005
1.08647847949617
-0.493589627124585
-0.107213847471723
-1.48249059058651
0.187103718234133
-0.140359930651206
-1.22354359923423
-0.890739746573938
-2.17787372361928
0.903178342682374
0.199801393241122
-0.116296617830773
-0.316262476352073
-0.930211522149953
0.155707958757365
-0.628947414266471
-0.800309257420352
-0.10143284835452
-1.53928775080612
-0.624570406907425
-1.12248634082468
-0.726219042034445
-1.02766994574086
-1.12510709187034
-0.313457285325599
-0.248013770979954
0.464113892988223
-0.369373841575601
0.0907167886773507
-0.280844894618118
0.143764454586503
-0.0315496746580024
-0.323067915891579
0.408762605939772
0.33248030082682
0.207602908013969
-0.087087878299198
-0.461517082822741
-0.22399906074566
-0.347150279094682
-1.27394884035817
0.45857937844577
-0.894984358260392
0.571759462823734
-0.764775504499514
-1.46308114760079
-1.28876973183059
-1.94817594144441
-0.465785901340293
0.201038666724635
0.238093776496586
1.12274746477679
-0.334387989679541
-1.2399873375194
-0.256471133697673
-1.06634613882296
-0.735915371325604
-0.759460457074403
-0.420105788934054
-1.39122745975736
-1.08023388362024
0.490499430177565
-0.18114144922783
-0.363111588084635
-0.329490533741
-1.53404795736004
-0.923662197072584
-0.77447844825102
-0.845175565716176
-0.950833398020067
-1.00802083308173
-1.3826002332275
-1.22791079667755
-1.02662567817763
-2.2390890995894
-1.45066452000486
-1.34924528196837
-1.58537868985059
-0.422007220153119
0.355823023430162
-1.37260861801454
-0.995546567344363
-0.346468262944372
-0.903932165920556
-1.18803551914984
-0.65332237947954
0.0309794523116485
-1.6826284948224
0.711441612335678
-1.14492972067603
-0.60435013766017
-1.16396280370294
-1.00563898582729
-0.560992140616863
-2.2909200564994
-0.729263509637065
-0.300141308767688
-0.542973282896296
-1.33295404430529
-0.58577107157275
-0.550262959474126
-0.74732511080315
-1.31698536051292
-0.260262918858992
-0.437366106770551
-0.146061599183307
0.501818764200804
0.329188528464646
0.188713225826988
-0.520471130129544
-0.247386103462747
-0.557645002401299
-1.29199925411911
0.626594029085277
0.256351432386944
