1.0230951795852
0.514450580820758
0.949244795520202
0.526120663022795
0.928574462367361
0.915596891012103
0.661067854749202
0.353782039689621
0.431813037832023
1.60170430407198
0.932301408616339
0.960234230368988
1.60318790036205
1.36052905180908
1.51230744313786
1.1442560711632
1.4697632013482
-0.725306840909361
0.871368531987068
1.43131286567317
1.72732415661987
1.06127595026232
0.337905180743594
1.09268006325578
1.69814200645329
1.14732454334701
1.0674846851389
1.33005648341549
1.25345957798588
0.795697365446016
0.831144786050903
0.814715889265541
1.23606503033852
1.67699942795508
1.23547548237593
0.788665760810096
0.512197391820377
1.28940258340772
1.53242625781318
1.01060236771141
-0.0963147488441602
0.228594642972515
0.559902042845276
1.09870603576515
-0.1839811220384
-0.167317806364527
0.180801567943868
-0.160590943397042
0.588041337414388
0.874833299767221
0.911557820891029
1.42462129437959
1.89534828844355
0.458396414320996
0.0172322556593375
0.00842868221675455
0.42440697806109
-0.0872906577624689
0.652255782189402
0.44798410735927
-0.779975511975681
-0.205889503879047
0.0115203243018463
0.123880656722658
-0.809278237868446
-0.347256365047125
0.788949792454839
-0.214846723546333
0.54312550645633
-0.811837797964744
-0.611826780813883
-1.00272768647507
-0.754416703414389
-0.427748511355933
-0.747493289277794
-1.43475809113614
-0.243854036165049
0.041540780572226
-0.740696214036385
-0.559593673881963
-0.90440908061278
-0.994527663391354
0.436967095784679
-1.05193938293905
-0.334280310838924
-0.108271697251886
-0.655441316106572
-0.80818286387009
-1.22040946216526
-0.529382938082561
0.0175347392214274
0.863682512323352
-3.24952306402936
-3.09869745761745
0.917866970421766
0.704634889061247
-0.216330122591456
0.753134312529018
1.46312240886154
-1.07745440030975
-0.799332970346822
-1.45308409438771
-1.50286395060671
0.713398519350679
-1.09289415381279
0.549742910786953
-0.592498266085246
-0.54358917379428
-1.23035637993071
-0.953412599949951
-1.98158199014732
-3.22318347114937
0.000251096750931065
-2.60161628298387
-1.6889966146098
-2.83320329505425
-0.188030798709999
0.0815323526393833
-0.675239322398609
-0.0666617073458076
0.387842910020575
-0.285695995882559
-0.421104682860861
-0.685179078410866
-1.08724837007538
0.167679386534576
-0.0118529285082878
-1.14398017907376
-1.015194167224
-0.578594918441947
-0.675981052309669
-1.49009225326902
-0.38070725430246
-2.64064415505057
-0.686776698163236
-2.24181573966729
-0.776958891082691
-1.84551376932214
0.272841495144719
-0.580235588946836
-0.114444308621048
-0.606499946948675
0.865720191077081
-2.52579273791671
0.591110403526109
0.662171302032868
0.996106756672921
0.599580020589896
0.907578351883116
-0.44418549277739
-0.453934428560151
0.0859908838386629
1.14025511448659
-0.444445336430485
-0.419251185520739
0.25578937860619
-0.439048730132574
0.185159857364808
0.378579614693975
0.651865469162704
0.312383470256507
0.357241925982709
-0.710933839022322
-1.38136675910987
-0.55801789911229
-0.466686169058467
0.358372000853018
-0.0143166797134376
-1.18964716039036
0.129805699874056
-0.00949860313921344
-0.808370040221954
0.435817324814854
0.448609180702173
-0.28177954857751
0.27743555200755
1.01483808043454
-1.18094616160307
-0.670739258970188
-1.1839346850977
0.391218443176523
0.849225057371333
0.344054365428458
-0.633442379588298
0.588305668870824
-0.0613085998594686
0.463779941534733
0.346927851219225
0.353145827989723
-0.846044260698048
0.421952280766078
-0.477655420321613
-0.92450771663925
0.973864179536131
-0.613511066194387
-0.334215924159357
-0.480687236686823
0.730318037669128
-1.91684391037186
0.248919217206439
-0.68410945925835
1.2189881550966
0.900661237990027
1.50075482822945
-0.0534268496799708
0.341314161368596
0.298268789126653
0.578005831475008
0.415668171014159
1.61193534136141
-0.438755029594973
0.652512968255933
0.579972976772791
