1.5804414792499
0.745991353747872
1.15813044147283
0.723470762571506
0.479302961389741
1.18458649412926
0.930262741825092
0.882121403835275
0.475937781717444
1.8630067205689
1.03367883865949
0.665664529605743
1.64655987018515
1.8005616723469
1.23296237048482
1.57008709273436
1.55144505174339
0.606632354933902
1.5998040117176
1.57432475586561
1.31765789178398
1.27952924670546
1.14650741261349
1.19416057462369
1.61560916759857
1.13204064234473
0.923794475857847
1.65699893193981
1.40319528431831
0.99026578498358
0.839392088323675
0.907029459354558
1.21405955457896
1.61506139453022
1.23375090558423
1.02572165957815
0.82180424148844
0.813909283035823
1.01867618949511
1.22799599091935
-0.856460870969899
-0.0941611793400736
-0.0819533814504721
0.412146348561954
-0.58735810684808
-0.989864444498178
0.676283911021402
-0.640070615760027
0.324874564560893
0.89704217989592
0.627559887097247
0.173103519453452
-0.0122641729933788
-0.29370577489264
-0.444775362397177
0.0210587296999581
0.62802989083276
0.291506242403515
0.804821574723936
0.922235354555926
1.14046047166968
0.795090057851903
-0.401718511810365
0.211265760788914
0.850580429486043
0.719836542547416
1.6766867899061
0.670076888154116
0.440003037617998
0.755218353484947
-0.31060668930991
0.532157805307658
0.800385398960187
-1.36965472867139
-0.175544432928058
-0.622783938997299
0.37828926117255
-0.343283619120186
-1.17997615809756
0.321136560784137
0.0913297202439558
-0.244912163914086
0.676405351340304
-0.583451503427225
0.147647722190333
0.295845938306162
-1.27370121781748
-1.36270089371947
-4.44345910470923
-3.37981974052198
-2.68011508537546
-1.7860555263067
-1.47812229434779
-0.206523039853212
-1.70468175600858
-0.985019360694041
-0.12910421404265
0.197796031721063
-0.515223907073501
-1.82225998982451
-0.868506765595825
-0.628893847986028
-0.900283284946826
0.541299668281001
0.385538922117235
-1.28964951744291
-0.253925673629551
-0.2122139288179
-1.7620620916112
-0.554007416999408
0.132092456859573
-1.83886201751985
-0.385438298617788
-0.627446695895608
0.838675235272827
1.13212119078909
-0.0652028446460966
-2.98371255516212
-0.186415194456466
-1.20091948335726
-2.51542310393864
0.287302796776785
0.673336777555352
-0.620697364706605
0.366833388921082
0.272508330533171
0.169225547246318
0.372247986942866
-1.1763458802695
0.119438424438177
0.373226364506331
0.661824233475994
-0.105549868802833
0.907217680847889
-0.834307942586541
0.450983796738446
-0.154277165396786
0.218188801964933
-0.0157050306941
-0.711174341413798
-0.465259552727004
0.221899998851115
0.115934246163996
-0.181527388807017
-0.113754913862786
0.697432922203959
-1.72006692860327
-1.07932220912614
-1.28070905721454
0.428951331610605
0.610425474300684
0.162013515782347
-0.020491336914037
0.290446914388181
0.517529850912482
0.57187466935031
0.995761116679824
0.324682144235738
0.100377421072901
0.346598051469276
0.0387698481934101
-0.373920812886706
-0.00908569854741044
0.403592256131411
0.118870317249288
-0.192795827671291
0.111067404236174
0.14004700792056
0.415072479571824
-0.661507139425449
-0.0995201250459097
-1.01634667162425
-2.08249421547673
-0.112776357808827
0.39533815221978
-0.61012572933696
0.37480263327358
-1.03491990075438
0.28335757573008
-0.582624851475515
0.257356839221172
-0.3655212484922
0.0461041733756916
0.188171800783053
0.327275317538221
0.55127916008527
0.216406769245422
0.744956442669353
0.0503746289611945
-0.817812354443015
-0.748937613031132
-0.315049266369229
-0.175156396522149
0.385169874349581
-0.14650585696973
-0.18918170108501
-0.532044973521449
-0.60349673628763
-1.69614768288753
-0.749944048593207
0.358687028124906
-1.0984013826606
-1.64604830027348
-0.838336811285479
-0.643587742804659
-0.258200692391532
-1.94621869012711
-1.45348906804607
-1.70130401240366
-0.660198586889197
-0.990353926907253
-0.859263324764213
-0.890894927673555
