0.411495144645044
0.481032257299284
0.612945052233375
1.11223580703296
0.981867318532388
0.579295636499496
0.566249362389568
0.570626684064794
0.878422594090594
0.48414049888812
0.668023076187652
0.642696569389885
0.398412599625081
0.187852239736579
0.874425021752117
0.329416910023156
0.836737956082606
1.1515973575679
0.309522257514209
0.431040668821412
-0.123946263536147
0.000745161007241717
0.491260162083361
0.617662635674832
0.368944396879056
0.860685757682553
0.918550806947298
0.344249589740867
0.595047446138861
0.59278073963435
0.658243128456852
0.535777918436024
0.618419659928855
0.241419002067074
0.498905357533507
0.45787298720467
0.44601337101473
0.0880442106340349
1.86378474189403
1.94873942408827
-0.508016438764474
0.59951252800764
0.6072214264122
0.785670197135705
0.851598028376007
-0.57137674220999
1.53760863893795
1.18605450006096
1.67433904860992
0.844847760691054
0.768313655076875
1.51563658282798
0.691165141804204
1.22181636998161
0.63888564764233
0.958881929857699
0.554323694894404
0.884546440081668
0.59685463990587
1.19775333786364
1.03905680438223
1.0174046962314
0.290837593023337
0.660457457315641
1.06079121746366
0.727899375153291
1.94713905610412
0.516007230012947
0.339526160494471
-0.411621996080209
-0.347489733397117
-0.0340181111161862
0.350976583934527
-0.963695828431868
-0.351730494886698
-0.0715195329579981
0.562570351663206
-0.118354338449292
0.0742310278366575
-0.474858034805189
-1.16673686622975
-0.29333000580219
0.233852361618571
0.0384419182545562
0.0303064587669267
0.159416591589696
0.683764908521971
-1.92823782440139
-1.8332645746266
-1.18023081822567
-1.25279323223593
-0.899740154862284
-1.13013577355245
0.0466478141851897
-0.49449574340594
0.617746530780951
-0.0035722956028175
-0.425935244073225
0.0249020133430877
-0.69722452837944
-0.214557401812558
-1.30239916013744
-0.758512837477168
-1.14007891406947
1.52258354573357
-1.0441497490827
-1.37752278510796
-0.281582756855462
-1.49141867434262
-0.786267744134071
-0.521724006859298
-1.31637838151795
0.339055817909494
-1.51205088808247
0.782242645660789
0.233681349291339
0.190137893943404
-1.3879605428021
-1.07275539878294
-1.36370819668225
-2.00376810394442
0.12860734289523
-0.00956192409859786
0.79714686308409
0.136801361995867
-0.345801424866453
-0.276746976266714
-0.37436296868484
0.89672509038217
0.0648671817514045
-0.122812243119198
0.0852259702371321
-0.0167028930251168
-0.336106064496846
1.01811569314255
-0.0241503366166259
-0.547124599109736
-0.546854181312581
-0.612952484699926
0.099764074017676
-0.635554960487484
-0.0893073304777802
-0.92882712558668
-1.44824192297793
-0.585554769231403
0.586599580471724
-0.730177796337527
-0.862562384407651
-0.765657339805249
-0.266142426612385
-0.314375905338401
-0.680322585387594
-0.389829395512552
-0.410588714544339
-0.241407472710361
-1.01041686409287
-0.33361500062269
-1.26222397113373
-0.955066923635761
-0.569003937298304
-0.837875593839569
-0.99797093634841
-0.241704474287379
0.721277992832935
-0.171040627227883
-0.253708095624371
-0.326959408394408
0.0594306900990999
1.66098771118939
0.459493173435497
0.189282999822963
0.282998794345143
0.121131571609145
0.278368480127821
1.39595673379413
0.678537900627686
0.99265974053638
-0.354864376792647
0.850417112561813
1.5171737408215
0.707764289481722
-0.0943473492864375
1.08851437091786
1.07339003913842
0.590201122398661
0.832358452598905
0.696424965873728
0.518389987128658
0.509181333243261
0.821585419561876
1.05483300240023
1.03837304812204
0.936857371307749
0.214258412328244
0.483852616168301
0.834626087255647
0.532207197194617
-0.249959549847293
-0.427189788813084
1.00944985550284
1.00044633908652
-3.39369627311965
-2.97213336099286
-2.56338438600242
-0.771806805185038
-1.49654136109092
-2.61982217121069
-2.95492869528669
-3.43025350909422
-2.83376518025046
-1.70708703996873
-2.46512914669207
-2.51079102071979
