0.334799533710418
0.300930649883046
-0.0946590278468291
1.08072665522036
-0.190786072999871
-0.29421397874792
-0.186965454180644
0.159700800529255
1.22878104265147
1.46070037847382
0.423743739768783
0.761063541816305
-0.689842534311557
-0.273781232542509
0.383821139790879
0.701513527904353
0.869536728323076
1.32809308490455
0.647334074888487
-0.282886509347527
0.103123471895262
-0.252221999188629
-0.460454091331444
-1.05391205326509
-0.844934476733093
-0.860862311716182
-1.10701915273092
-1.0515272172233
-0.895520015012978
-0.689003728317541
0.823478940842596
0.67268262660592
-0.275105981945601
0.0172467619398794
0.0825897482577215
-0.517135054777167
0.162794357974762
-0.0542182373404969
2.57702546788633
0.348952930884995
1.7079208770354
2.3624410168915
1.09203273230093
0.513666454448678
0.958114450441385
1.89783003318437
0.491252920709066
2.2181160293508
1.05634679785987
0.737008400359419
0.353612703645595
1.09251975849446
0.88328436534377
1.29985743642837
0.812953387018659
1.07250457775994
0.396260771802954
0.54640948397132
-0.0198340332560749
1.13184329688852
1.03202792942674
1.83267588062145
-0.0766587799254927
-0.00206955392840137
1.22902138446646
0.245829509424754
1.69452319977395
0.565934277777317
0.196470640953098
0.228090143140493
-0.396031518360201
0.199349710904124
0.962843792623314
-0.220150053306563
0.548599683920636
-0.0457666205422727
1.35672860809255
-0.0574204897722211
-0.761103420567841
0.288467896785227
-1.32858132294746
-2.11067448556553
0.39495371502398
0.7943440518882
0.620418294347241
-0.0620979606385722
-0.559477992327249
-1.54077431368163
-1.60098529047896
-0.582546932169995
-1.31966633815544
-1.90155152444267
-1.79352376982613
-1.65443480350623
-0.0215486484904012
0.538830042623758
0.207963393022239
-0.50042671144653
-0.150177563618443
-1.60593331219396
0.119742853576804
-1.4087520189325
-0.668124196562051
-0.0756749419428775
-2.14524017547953
-2.51993066018071
-1.13658720190891
-0.225132195808512
0.719753787883128
-0.10370144527532
-0.144262920019178
-1.55064882967893
-1.19266174269938
-2.57480215661488
-2.61488466314157
-2.17479780220274
-1.24367740555994
-2.68999979532491
-2.42998569432039
-2.49967559956079
-2.46352668357632
-2.36392723229983
1.02785354351764
0.533761345060776
0.028385192215871
0.259972336667192
0.0197787048893805
0.684759667125545
1.34338719531265
1.06365487163893
0.540579332031426
0.714158251143754
0.798952187223618
0.850506941007155
1.12924456176748
1.35233236395447
-0.100523800653604
1.08298253670863
-0.146757824683144
1.04318671138963
0.295696914854135
0.308035146672669
-0.906030093807455
-1.04130008939696
-0.179862688413249
0.273563165277865
0.818086513225505
1.35087169444605
0.727059886057766
1.16104073956407
0.0851308454589283
-0.0098308328152059
-0.0178654220525719
-0.0471698162140554
0.491837888009662
0.605042325809702
-0.99643571715419
0.248629700134382
0.483522605533863
1.25706211119013
-0.521648328715903
-0.586864536513162
-0.247403905308196
0.369056354404992
0.317970950403324
-0.238444202608284
1.12441557897487
1.28140681940886
0.994277296669213
-0.166380737717519
-0.0490706530593341
-0.523782935953763
-0.0381607344022808
0.599662387351717
0.528775589653025
-1.05298427498372
-0.359597602755773
-1.19152579589353
0.0340187338933799
-1.05386032107413
0.0159075196407807
-1.52749261420849
-0.345855637615887
-0.220931410466007
-0.493811629596627
-0.201607303917195
-0.46187125855515
0.403949506105538
-0.030852589950369
0.853618129681188
-0.541296418382132
-0.0514779243757819
-0.216549622946799
-0.243820478262091
-0.826881331599971
-0.551269023956506
-0.806162651806075
-0.902790252655825
-0.440735242119902
-1.21054247199338
0.796069076643252
0.758467846202715
0.7780151450758
0.750632540877218
0.0186672384591362
0.493980192851154
0.259048983073032
0.80461070131648
0.850191371957355
0.52549505870459
-1.17683048434184
-0.463597717021703
-1.20414148585469
