0.986425186006618
0.996790421735608
0.935239402847811
1.14095188426253
1.17620022165792
0.751363840413013
0.659445097486585
0.617594557150145
0.828692658557395
-0.191434643668524
1.08913280646754
0.754918634695707
1.05875832856535
0.842103005026119
0.880514385317226
0.483630873288823
0.668141367266059
0.646147892850089
0.707883524333088
0.590728696789375
0.65266450147482
0.588104018087841
0.636577114637152
0.874655364191331
1.05914811560621
0.830496686547194
0.75557269230788
0.724468311956354
0.902951639012043
0.934194266828635
0.682630108083079
0.800184645394818
0.650475211555113
0.641535974996084
0.603843119639143
0.361375675922421
0.37572093439989
0.566750864272052
0.575373658358671
1.09471267512781
0.260180137036684
1.08661727328939
0.629005738147578
-0.795648351874608
0.284541502675896
0.749905893182832
1.12184097518006
1.43027507568816
1.67056457968345
1.1501059870875
1.3484498149069
2.0685269750621
2.35257792322408
0.859100632154872
1.44526964234086
1.01973855885544
0.366486650691322
0.549851792918465
0.94580981137558
1.28934772705801
1.97289684266876
0.786513644940016
1.60148810431054
1.31862540122233
1.7355714179713
1.32554201056626
0.775515440991358
0.657051650186348
-0.160050720105819
0.432807356561011
1.06485042774524
0.298285528838604
1.30383298971033
-0.473412694162257
0.22525133489146
-0.683781627241546
-0.15684180340696
0.629776104638468
-0.528419336142275
-0.708815787077961
-0.345931675699366
-1.03483149971963
0.548885015021986
-0.398357963787378
-0.0188074127016571
-0.114217856761239
-0.337651048364478
-0.19258202158222
-1.90791650597626
-2.36455265225549
-1.36042690067335
-0.0989347323061881
-1.74893159757252
-1.98536275896118
0.749813789108897
1.3345605643612
-0.0164286733494408
-0.0373196277463416
0.953907714839283
-1.39899160103379
2.0292206423186
-0.40317857937783
1.32329652282573
0.651011590494474
-1.58579192038264
-1.65914571917626
-0.923084945607125
-0.16468249242056
-2.41513353196594
-1.47026695122899
-0.117565038353925
-1.45960078599211
-1.66321251682819
-2.01577864601202
-1.94168174426863
-0.123323940133025
-0.673663027522592
-2.01019459488343
-0.623881064087521
-2.01293459636427
-2.19478238943952
-0.334645692886985
-0.443612207731249
-1.79616698375155
-1.08375699283599
-0.90967239917069
-0.390794303302584
-0.022116873489966
-0.854188139809958
-1.06436813245298
-0.745208425573164
-0.25514422153222
-1.97818113850689
0.768608295976829
-2.5496640052303
-0.547203644926906
-1.30864244947182
0.493424030167429
-2.22503151928872
-1.49531783483542
-1.03510724889888
-1.85533455066506
0.0589580122882241
-1.04589379605252
0.0816685544014712
-0.844010863504818
1.36366537022065
1.38802934306998
0.889189380026186
-0.3953781487149
-1.01345856282991
-0.816314282708339
-0.0172605537043267
-1.90265217478019
-0.428581231708402
-0.773403774917654
-1.40014068924708
-0.686039812129445
-0.948959603396979
-0.059454147465834
-1.33896767270243
-0.407505802587086
-0.826631486365499
-0.593316333730323
0.161785490254806
-0.122039475211343
-0.144198294944252
0.467587543294782
-1.27997224997672
0.290556133477026
-0.893413660161224
-0.0482459909458573
-0.419328834795965
-0.120668597983721
-0.72539846962394
0.635663139603961
0.799278073292685
0.0309298295049953
0.176095620306761
0.729750574900738
0.141014263649468
0.11438420249799
-0.0546530232036311
0.539938030727649
-0.846899710775324
-0.352927088479629
0.395629925718614
0.196100956874866
-0.130394874506677
0.19819231874837
0.473451239110952
0.610719914718501
0.568166918556354
0.729285790718802
-0.832481828643309
-0.266524822630443
-0.271255058822046
-0.493444648032748
0.151345908546291
-0.362256904887538
-0.280425055479193
-0.795084194329
-0.2814013343202
-0.273132765550132
-0.51673721783151
0.828266410020653
-0.857143183987369
-1.34758173766679
0.304507941408038
-0.331761672534334
-0.0165965923208234
0.407308838604506
0.507143766191374
