1.14599828611334
0.920935373304026
-0.316173128845715
-0.155315015586276
-1.13857202730016
0.328113360797108
0.442035710913747
-0.146277285678879
0.142536217624248
1.1000776223345
-0.105554137556445
0.792440307584803
0.73635343473285
0.999214573795635
-0.270766973939416
1.24085804797988
0.380244364668598
0.750787971748887
1.50511552039998
0.250178719888098
0.500427619007446
0.443955099588345
1.32654529663949
0.272345753368294
0.552156400776837
0.0585558111125938
0.0663156634721562
0.187807072897579
0.247817341128678
0.23558507455822
0.164136278900545
-0.845947826023167
0.0950785796938421
-0.125620831004697
0.253533438432862
-0.653448055383641
-0.835591143000538
-0.588046140001678
1.28763047575058
0.522272416510054
-1.01141652150329
0.183293692655193
0.432944568294864
0.841446542894583
-0.187085185576604
0.2576688883968
-0.120887850462357
-0.0732852441255918
0.335157065783529
-0.217913754722511
-0.00192862269387598
0.962174304453325
0.527585033490164
0.502302890207072
-0.52400852842527
0.182567599933167
0.141656372882849
0.0220296862184996
0.327945554780043
0.545803916965752
-0.216062437106949
0.733543255596199
-1.60461367326501
-1.0540465527358
-0.0228203919696848
0.0279354012579364
0.995124812770404
0.416956472076654
-1.3251029817941
0.401779763074766
-0.509396799235866
0.310333876233815
-0.308057514677646
0.886791561135646
0.208731914037561
1.03175884681416
0.934260926563369
-0.870528396341519
1.81993841556296
0.0989777284884804
-0.849153001117187
-1.25546215510604
0.239337162142974
1.44439188909567
-0.345920321895619
-0.375957141142403
2.20927894411313
0.767316450716041
1.09121918895352
0.454191616443009
-0.259676179271709
1.80884531146627
2.01843953665528
2.03087757309985
0.177406697444383
0.076950185813799
0.868151869908319
1.97882651410333
0.580952477366289
2.30312096531819
0.224063001939087
0.260075834617394
-0.107112442414766
2.72785728001098
2.23787874820275
0.841189624987134
-0.0521626324301727
0.56599122674865
1.64188564493135
2.22062753563011
1.70820307518104
1.64568128576175
-0.784328994705191
0.971236395112917
0.998056277112134
0.821985660640912
0.392025294383247
-0.148843995306017
0.0632958933424192
-1.49532324879903
-0.438747662889514
1.03877080980967
0.0505774010764749
0.340792588677084
0.420778967840052
-0.775947497205779
0.03556649956878
1.4324352999674
-0.698074743239665
-0.101821693107561
0.275968955296432
-0.750049577884111
-0.896988533046447
1.36531185648076
0.795406673990028
-0.222468400389118
-0.554870269824032
-0.0769388689715159
-0.960936170506146
-0.651224032433663
-0.371152534092637
0.679589527853048
0.00769033516589293
-3.14122226096091
-1.73692809519406
-1.34035668822807
-1.46029828301328
0.859148831810743
-1.00185516350635
0.447466347627918
1.60609888836518
-1.65451538707749
0.327227013410678
0.919604911100808
0.419512595134955
-1.67517131941196
-2.32660499535055
-1.36607338339314
1.11270912441303
2.38780295544921
-1.88524430411756
-1.47938884378297
-1.45274794072442
-2.87546685724518
-2.1207761405343
-0.782192966570876
-0.529409809174801
-0.943682563728849
-0.173023668687563
-1.4826702961435
-1.30829365622609
-0.485898327186626
-1.82764985817064
-1.50423382546798
-0.240995238670616
-0.942353897646538
0.361455014640674
-0.201332432620804
-1.12004282709307
-1.01450442327265
-0.564918704148698
0.0930373155864594
0.0846123648512934
-0.96169042517955
-0.902462725588946
-0.149899842273326
0.565565059225248
0.237477703959223
-0.88787015993711
-0.451024944070101
-0.13374834919121
0.218047734789239
-1.98634920399838
0.238418936775088
-1.31411577279889
-0.929358069927623
-0.963054730733216
-0.27299891817472
-0.946716790154741
-0.440918403587473
0.0207178349768794
-0.789181162594983
-1.48720290994407
-0.916912200096802
-0.650380500827191
0.273970904001811
-0.177687993255987
-0.835380634327178
-0.398571804519269
-1.17677132224138
-0.229693076486961
-0.504676432070701
-0.51673689331269
