1.49515189896546
0.399166306955888
1.25173857438869
0.458558686841668
0.765208746443955
1.82233538064514
1.7413704685625
1.50192252660398
0.99059115026134
0.963403983653569
0.763089486217107
0.210890474288371
1.71460620986994
1.74170236711055
0.985135684611345
1.50127152180941
0.856489260545186
1.46466257108806
1.65275130279135
1.76758478640884
0.179201470027883
0.952991634071278
1.57434950990002
1.18339526154126
1.26782905147763
1.45434535605812
0.958641965261981
1.45337041099066
1.17438287425475
0.969842826917121
1.43674406654914
0.566667124526659
1.76220343522676
1.26891025413299
2.1251511058795
1.03443268241884
-0.356291563232293
0.361071353280242
1.24024509665897
0.620852909533459
-0.644936105502758
0.0311727902033798
0.215149977900683
0.73053418609126
0.0831718379163303
-0.226344911078472
0.124040733660094
0.631293434900478
0.321428949471856
0.901460699525642
0.445366445264946
1.8182697387951
1.34039458532371
0.67522322793113
-0.472882602086795
-0.245180392108358
0.92334415937736
0.400400411765398
0.658057007372459
0.876691663625345
1.21182439066128
0.718855748252079
-0.0324656895041953
0.163546678552864
0.437039905486257
0.929143509877008
0.955455440521608
-0.461297808056871
-0.461239383888004
0.443465423325363
-0.585906866817379
-0.872370546359525
0.12324109599308
-1.07238008601869
-1.26706263009401
-1.62178116304683
0.145442021574077
-0.621670253660903
-1.64330738914783
-1.33919895059381
-1.89553099385108
-2.51292755300462
-0.686407538074799
-1.57095029685362
-0.725897454980192
-1.25375325632106
-1.73399446517271
0.735653464346234
-0.965098155176184
-1.43359737170728
-0.012316170035588
0.15549447743703
-0.46018795776156
-0.277586067699758
1.02964044864798
1.69093088908778
0.668042833535127
0.536455423789041
0.770570353692589
-0.0259527716493289
0.852955876134412
-0.735004840022377
-0.47560463790121
1.43513338517125
0.431846392265823
-0.355416011587825
-0.148171163327836
-0.123931418706036
-1.13402019842379
0.397797422639185
0.134208722189395
-0.814885625710415
-0.0972641741861011
-0.409655943873948
-0.79876522324135
-0.308217693140537
0.0344892754317417
0.0483002167661796
-0.721621408640812
0.267204471768756
0.301436433447315
-0.631273876359968
-0.0303587476356616
0.360554452683623
0.231094725514745
-0.235201167210235
-1.35985538831796
-1.97509521169416
-0.132919583585716
0.0307104948543939
-0.951155946508661
0.0711657650885787
0.355843530812251
-0.587044903705418
0.425792783373159
0.0365707747209598
-0.410573767054592
0.423452789152638
-0.162768062014428
0.0140598204081076
-0.0930555082878276
0.668018461796623
0.268529196991171
-0.537014574599706
0.202942130916934
0.687641819912947
0.557630269685649
0.498956952245839
-0.028115803389326
-0.0884441522043228
1.17875061206767
-0.04734081287407
0.329309022171208
0.506068337502473
0.499422978895994
-0.00411644685284139
-0.0570584584269689
-0.168884747033547
0.71729971660843
1.47749660960712
0.0193526061871944
-0.653516881677355
-0.0423516305561008
0.240753255034381
-1.05056086374526
-0.307643921162167
0.349322280742666
-0.926142580631775
0.560113887676529
-0.614621262974219
-0.157601335276237
-0.794022464496113
-1.54325140289412
0.195562866774183
0.876397621451317
-0.109461504920673
0.124813499198217
-1.04673069233086
-0.877248338263921
-0.538943710411944
-0.534948049642389
-0.746636229626094
-1.00719630673147
-0.306020025020911
-1.15016027377677
-1.21628686153112
-0.0300771076473555
0.354153287731098
-0.30237488123474
-0.23134453841551
0.0420986213526474
0.0179534550454909
-1.33808415975439
-0.110672255677457
-0.935590481026859
-0.102686485977464
-0.730212221881867
-0.861266433799175
-1.63944646095414
-0.749671094464036
-0.154570006929481
-1.88752440071311
-2.74405288163522
-2.16440722620572
-1.41747653425719
-2.10409819840164
-2.47460899277858
-2.82199881674059
-3.34765842383779
-1.25226003380764
-1.10302781521505
-0.836786989388658
-0.683673886277161
