1.8465230743411
1.61786540764972
1.10908635133532
1.40042769418591
0.991956385404989
0.760367907726661
0.818208498250022
1.16434390557687
1.99798174829552
-0.821924265507009
1.77749282667678
1.89375115460266
1.30726891443599
1.41772315058411
0.448652422108547
0.452047979751745
0.357035368673106
2.12105700456894
1.80720419927683
0.497100652284921
0.039787660752259
0.20283448978402
0.322364885409101
0.737472959331292
1.25621568220911
1.26282622252399
0.801931600912431
0.678407897052815
1.05588879074544
0.616625111850201
1.54116199537001
1.35829696527609
0.30798479905193
0.333419513235814
0.363547094216875
-0.332488531193083
-0.357142322608766
-0.235730614909139
-0.773024824803569
-0.481833993614908
-0.450187250334832
0.519882369593166
1.7670608518938
-0.917822418946971
-0.350784765341153
-0.443027996359796
0.505562771472189
1.27050822228627
0.87497902899939
1.04433368715244
0.323455510087239
1.23695451930687
1.23458471761585
2.23995693084773
2.30672821795106
1.85342807046342
0.892453714479741
1.56873213529553
2.10403887836177
2.26013199928673
2.23593136552309
0.907381564570315
1.72196502206806
1.01800573861346
1.87115670965603
1.76551351081397
1.04299016752685
-0.691652471660852
0.192020727037678
0.700803541280928
0.530188227698252
-1.09820573311668
1.07424961349945
0.317280694001529
-0.185872095487117
-1.21565097908899
-0.297641534660445
-0.567125430604226
-0.96557783007988
-1.14718228616026
-1.15153296888474
-1.27707191006788
-1.39777193881872
-0.750597703543247
-0.367941270188184
-0.787606060847431
-0.944086218969161
0.162012263797238
-1.32839675971761
-1.27739786817084
-0.0102960040113669
-0.783370289034393
-0.920597779262615
-0.425437103372496
0.906857640631339
0.877442634530223
-0.406801154284702
-0.700753021873849
0.111359745533517
-0.611989485528501
0.0603766436708798
-1.01489890502023
-0.117906231992291
-0.0430013954077568
-1.19983589896471
-1.12455330809482
-1.09609289512709
-0.0881875761943853
-1.19204334331514
-0.755733683588079
-1.31569406657579
-1.32680976857504
-0.806332482480222
-0.780541040530167
-0.972116581818187
-1.26385768626996
-1.03344931470494
-1.09044829839949
-0.433295757267765
-0.952497563358185
-1.10305104818968
-1.15380251979023
-1.1145265157473
-0.532267496174276
-0.67283600794245
-0.909578676687545
-0.168574309416246
0.601180994280332
0.0492008367887887
-1.28982940061355
-0.930753032316019
-1.16913244331779
-0.807400642371495
-1.35666961721351
-0.0143690740581349
-1.4201133773571
-0.0963399796834454
-0.173128672574245
-0.768978090696521
-0.479459518301589
-0.462004478097047
-0.609462641260542
-0.488981539128748
-0.546360564161402
-0.887269916490291
-0.0115000670160011
-0.244697992310467
0.0406525495399735
-0.311024165197546
-0.351728379197554
0.246782377301678
-0.980561211265833
0.86383097681872
-0.656172553114998
-0.991533521722988
-1.25252701767888
-1.04085777627777
-1.23837176799466
-0.234856043355054
0.703186655829779
-1.12065783823891
-0.628203464947307
-1.16214530104555
-1.31386695002917
-1.30401363291323
-0.911670750364917
-0.698389437259064
-0.192809830668063
-0.432079650329452
0.162474904937103
-0.52079443294444
0.322712101204171
0.678970713787825
0.656115020835789
-1.03857988333718
1.93766830515192
0.337213051075663
-0.684237117394586
0.344004543923417
1.08947734704774
0.891193718814274
-0.645160221665293
-0.579626338688261
0.951456560890598
-0.503967804450376
0.748749547983059
-0.394868463945865
0.958469386977336
0.583983548055109
-0.864679814128137
1.04229632686638
-0.952030201295728
-0.968936164345051
-0.526259213503047
-1.09391463199263
-0.65731973367361
0.51906628181474
-0.551885019539518
-0.659647555389965
2.23676853116966
2.21554866765573
0.0172946135762115
-0.0147180931130487
-0.58579014743438
-0.195476569931006
-0.186034979997046
-0.455141729833872
-0.769282913418712
-0.836788834286441
-0.538788649176112
-0.641766431116359
-1.05403628975799
-1.12737848571033
