0.353874887951611
0.0213590137250456
1.07809513543237
0.805635696714782
0.676030311274365
1.06793142295594
0.870222166361345
-0.0607922092500353
0.893406952280169
-1.17186700550817
0.980652312060284
0.703168074787788
1.47846395394696
0.917773994167708
0.520482080005663
-0.0975424131062591
-0.19925044768283
0.413352509143974
0.473830658343702
1.24998011975967
1.50909086916707
1.09628007530439
0.488096769333227
1.28060065220896
1.37919310941695
1.46392397192941
1.35831632253632
1.20758254305857
1.34978505753808
0.760262633750585
1.01478670384019
0.37494341241714
0.923081696947003
1.13247614454556
1.06845094253231
0.18017341212037
0.590562338300003
0.798036987470565
0.274621611007681
0.442686325518483
-1.12891137556145
-0.461496329303682
0.600713738971043
-1.56493331787456
-0.283765932405989
-1.24275554302968
0.166183025245471
-0.291380971632863
0.117696786361392
0.921607516656459
0.157686075542684
-0.447203419748881
-0.668206761868123
0.579908058218702
0.804227617309571
0.290909704438312
0.192318465522377
-0.46838104146636
1.45334086923524
1.26688293137854
1.00508558734172
0.781042592054299
-0.586312416290275
0.0249872778101179
0.60945734733525
0.289881843507617
1.62057091065
0.174643028538123
0.43080573958752
-0.49884985601235
-0.893871560485347
-1.22330026468761
0.184870257277015
-0.14569088401763
-0.0365287142158052
-1.05159836901536
-0.15474231609419
-2.40282648858483
-0.970523279746469
-1.12283053071711
-0.0229391594673008
0.520397780878241
-0.718986436961171
0.236158548427429
-0.87330111714334
-0.988107209098743
-1.0416951065055
-0.725394121536174
-0.813002758297658
-0.692599957781802
-0.439575998233346
0.839831029836096
-0.254163049743414
-0.518468730180977
0.682388208749846
0.868907062140631
0.312808039784956
-0.0104772276740498
0.348617957257598
0.348080736264143
0.199125175338467
0.861492992129334
0.232366213871387
-0.816460341471452
0.844951101220661
1.33442264253049
0.874443276570164
0.18662240032203
-1.47766819628794
-1.34541728164434
-2.06520241740793
-1.10722935484724
0.662873199458592
-0.980461909645238
-1.87562271216336
-0.753589308767188
1.00553456596634
0.611831508090035
-0.0594856939404205
1.41362183405458
1.60222205514095
0.795037977346573
-1.13402783131958
-3.57927310959969
-1.61689881534554
-0.232367065502272
-0.670120369662606
-1.62861691264501
-1.26090451616357
-0.808371587797176
-0.654028717196827
-1.15432355210111
-1.14429797921775
-2.77225049939254
-2.23947911410226
-2.2086044643592
-1.62823534435349
-2.28654528817289
0.478200457563606
-0.958750095112082
-1.19221781104214
-1.07528673992505
0.647798179309326
-0.32072204842554
0.693153037446081
-0.48639661845458
0.797647133784681
0.403515248141436
0.932801559956005
-1.26208068510292
-0.532946792587108
0.617694125382037
0.316992947737209
0.266442152457974
-0.131669600239759
0.734720577096264
0.440828355832929
0.699211820307361
0.474478122814373
0.771903036069587
0.653960276658215
0.665782969963696
-0.0569130992996221
0.348479828883306
0.316462524858121
0.278571208430031
0.549916899292142
0.337320484460727
-2.62811773554814
0.536711679778617
0.192235309718947
0.624032083190021
-3.10967942715003
0.556175707311386
-0.387865540517478
0.586478752656959
0.959611433173385
0.43396630763246
0.543040817808246
-0.888484607434931
0.702170167395904
0.904590970398705
-0.163858022678328
-0.551356230059929
0.6991221031687
0.304301221189579
0.420213554838658
0.69658267480942
0.699250269243241
0.580248701379435
-0.0551558548657993
0.38049216537183
0.649994597037369
0.843821081646662
1.06023904474857
0.934619350525037
0.943988075133504
0.694785117004586
-0.0106618145448744
0.327695258792902
0.510551848997807
-1.97878829377422
-0.555320908677312
0.092949139858042
-1.46945396712154
-0.722722575160261
-3.00432558059612
-1.56555715392327
-0.911603136176255
-1.28485541261526
0.498625115567355
-0.575160301161828
0.197566715193759
