1.60035939788365
1.27235929137373
1.45503815329709
0.802771201460573
1.54752987901476
0.541250992697432
0.598237789271984
0.927919453220697
1.07886152843515
1.00507538387429
1.43898139157462
2.00623011591438
1.41074402632091
1.59647398518046
1.41757438905823
1.57834502609228
1.46734740578884
1.00358210035639
1.89648668588041
0.854189699175563
0.0811579611354414
0.419177155568466
0.400291926387965
0.632182517365399
0.94258743419137
1.25683995315138
0.823420274049076
0.866964100892498
1.08466397386671
0.511942023308542
1.05819144582259
0.773152548742285
0.348601181684449
0.708277702488485
0.52090241261994
0.129681152557862
0.696675602044498
0.0430701043656435
0.843608172506182
0.581948829535686
-0.695300431534662
-1.28743143127853
1.77912598409019
0.159017793495415
-0.321801226512337
-1.14513217197912
0.159375748143938
0.0943264047107476
1.21781111128817
0.781419911811731
0.588483194652263
1.41731710265534
1.88398812676486
0.938206259058195
0.741922793900696
0.686379506204207
0.573514026539125
0.321820456253058
0.207850468806082
1.05847567981356
0.545149546586949
0.49386236690025
0.963067685092289
0.714195834269086
0.301281701086276
0.915621169075665
-0.432921566281527
-0.167665782273317
0.952634466271626
0.689739028684457
0.449789032357708
-0.447236426351064
0.58356835435199
0.264854418760513
0.620691523536461
-0.321285396851547
0.308870191867512
-0.56431417829327
-0.863625110718267
-0.263584354194167
-0.124245025683218
-0.216483831182328
-0.402398764840504
-0.229396005765887
-0.0534541050751485
-0.0912687648684015
-1.97851020942073
0.524516309553878
-0.14889213776148
-0.318331898003197
-0.119454689410083
1.36208494229808
0.792243694417206
1.18250747870915
1.34133403274745
1.22424380283459
-0.364912434437057
1.25731413850731
0.82999896035983
1.18484735373594
0.640767095425822
-0.866840974690093
0.159824061478053
1.53065750251877
1.07269191891653
1.16100096248042
-1.04744152024546
-0.21904494859622
-0.754440788798354
0.997757680400998
0.386875150807166
1.18680392151723
0.120151983138849
1.03997802995272
0.821583129362876
0.85453307181794
-1.05772005174838
1.12643405188109
0.810878946782735
1.11580495702264
1.47470207794389
1.16012145264989
-0.672744837599304
-0.25287724569043
0.819928407092574
-0.130436035568014
-0.670128832899477
-0.383633894728306
-1.8450829777008
-0.690547873124193
-1.01583822810735
-0.0359089125305298
-0.286220263197249
-0.745202531623244
-0.506670634185436
-0.557017616134544
-1.3258617153736
-1.2256266266737
-0.125307322665877
-2.59396220162561
-1.05251362586141
0.376381857542468
-0.690293192441229
-1.8679361374049
-0.320116092019897
0.672847376315078
0.297596494944431
0.0682671885379058
-0.357525221277464
-0.848182422554877
-0.396858690604097
-1.02044787924205
-0.985276516797027
-0.696820478760503
-0.112261085330987
-1.06824364576427
-0.478509302421061
-0.5073934787255
-0.196058097955562
0.225452338993193
-0.887683724423403
-1.05972965867136
-1.51189071282867
0.0871612187749696
-1.04577394022292
-0.762820873601827
-0.151848786199597
-0.271908261991199
-0.0488401348392542
-0.466996869273152
-0.29503480282135
-1.51351836243404
-1.5576430848482
-0.0233154711020827
0.984017612051541
-0.286163049780119
-0.380717247141743
-0.924970934747059
-0.66304416230116
-2.51251376386775
-0.530396121069568
-0.494799663529304
-2.73031835843045
-1.37791968233731
0.039164566238598
0.141720886445272
-0.228553002616411
-0.0887117280413563
-0.636836166859776
-1.1894016709465
-1.90039944428191
-1.02906904353914
-1.15297789820992
-0.261181138587561
-0.510533588880459
-0.678575072800932
-1.13088907940473
-0.366716729124167
-1.99178011533764
-1.91259958106292
-0.784307011864102
-1.44609631893529
-0.593611923039476
-1.55552002464312
-2.31631998841975
-0.298915060264133
-2.94726050468559
-1.44139855588218
-1.25544607355118
-1.44483720797962
-0.945011738731466
-1.06947579354621
-0.868338938301574
