1.63441263898341
1.39222679178904
1.99310131753039
1.47824070900457
1.79166163237452
1.52711636804997
1.71141162293262
1.68148777344999
1.43774292871257
1.70557444518822
1.59712464833703
1.15289249929543
1.75899361070953
1.77061097270546
2.04511111086871
1.8112977332562
2.01767597079158
1.84215355732411
1.68697399651384
1.41568280454153
0.723801693199419
0.492657161713183
0.276246008770937
1.4896829534346
1.39326380914859
1.59199821485125
1.54991497834784
1.20176530163724
1.46854589050941
1.49232229386911
1.53095151736304
1.43957956108393
1.57827428915428
1.3123933666085
1.46790459768178
1.16032074409749
1.13546810789173
0.814012128789344
1.62907564892847
1.20829345153688
0.662897572905776
-0.27650203485337
0.881474769276578
1.9486465521823
0.644762833162235
1.05123131795242
1.99401845386193
0.613893870096484
1.20431436448925
0.305384027493976
-0.148719016266603
0.636859220511042
0.656916611840176
1.2935641358772
-0.237866495339895
-0.655522595539164
0.639069466934859
0.0108791228669308
-0.0945383064071622
-5.72820274171103e-05
0.927186825623284
0.114359788276559
0.995180698490018
1.13395437013917
1.23277884038365
0.502187418001493
-1.02203691840495
0.15878357429143
0.466565609937194
-0.141662385571941
0.00682143999035859
0.43260883921599
-0.0170916577941745
-0.131847076518732
0.553977418795303
-0.72279769713762
-0.272736836428078
0.688767787736537
0.170309179929145
-0.939098696845078
-0.263954314510122
-0.559029499544635
-0.473419620984477
-0.4195227347475
-0.291690133321656
0.111508615302188
-0.29804276281615
0.569699327629446
-0.852207434097789
-0.788561901155301
-0.431050046571928
0.49063507363788
-0.545190620777698
-0.272202719676335
0.35364268643108
0.400549640403247
-0.237085363563952
2.34369871189336
-0.0226027368541784
0.911464223420461
-0.273282976489152
-1.14790845215819
-0.293064543064069
2.93679818925962
-0.0984029163857707
-0.596245371344925
-1.20420701356752
-0.639558172725781
-0.879449921070555
1.81139726274705
-0.595801227141654
-0.836252520805671
-0.54764808840473
-0.528357433963741
-1.37446522596422
-0.597978804600905
-1.22249760768297
-0.814184629663438
-0.593578622758272
-1.01723971777676
-0.961347676364881
-1.12007293772615
-0.963719912905915
-1.21846593968574
-0.732701522217975
-0.948782747198119
-0.978039083370493
-1.06402133516524
-0.909468176254994
-0.799982378415485
-0.758563139740533
-0.395604296469092
-0.977428529471938
-0.286121830746172
-1.40002356986667
-1.08422923031204
-0.915370900571975
-1.18629052762481
-1.34785253411744
-1.22924272782225
-1.04460246560205
-1.3496400954189
-0.997990436157623
-1.38509612097918
-0.521462476206745
-0.63898011673688
-0.571127173991711
-0.135067863254541
-0.54785010733088
-0.219265374645114
-0.0652982113647115
-1.21525529590931
-0.596209777313328
-0.798144121234679
-0.7779793859718
-1.07761863875898
-0.906198094906531
-1.26754152841386
-1.02566059613461
-0.459859193938552
-1.00529220273152
-1.14931492857279
-1.19533156624503
-0.95301305671147
-1.25934816250266
-0.299517154202072
-0.885003571671404
-0.785500265832885
-0.652161742354791
-0.678039951115127
-1.27224329684336
-1.10519878627193
-0.978627951389309
-0.88219778270862
-1.16074850756102
0.0198304092469421
-0.350730540619634
-0.13185488979266
-0.724224365735824
-0.454935685120668
-0.611601175333323
-0.853626720548807
-0.682327783099107
-0.522345263970215
-1.05605700455419
-0.847840890422588
-0.167613595363461
-0.0677499312973705
-0.389885687998294
-1.08970736241718
-0.357095000984089
-0.288659446512925
-1.37877728491368
-0.120095198228067
-0.492737968252151
-0.272418733833794
-0.763735124316472
-0.831904098232914
-0.513576185136335
-0.331325081280438
-0.934108958637165
-0.150301692759735
-0.319932745193196
-0.327695574230233
0.0954470458029339
0.779348053248945
0.263526100936118
-0.258063205550891
-0.624194159200046
-0.384435162187429
-0.509890179368564
0.185749501398927
-0.28433197714766
