1.49422562695693
1.58612176648657
1.09239074184627
1.33297320537696
1.26132624319292
1.64432651687635
1.66452693718588
1.57582275383397
1.38330108145887
-0.257162878345037
1.47690532551236
1.27213681081105
1.43539511064768
1.17723010656567
1.03473477755814
0.873220309644838
1.14592352555141
1.40103642953034
1.15870339989033
1.62251633718859
1.26994723716827
1.1077008085335
0.84765410177896
1.87442934503935
1.77663344111385
1.84468149517163
2.03783069411266
1.59040604512214
1.81440249681706
1.7983648061815
1.53654843176903
1.59262997830644
1.52712687522135
1.43254822329491
1.82784120598297
1.59441505839999
1.60400537913209
1.16851926162488
1.20742430929949
0.308690290305054
0.49925642260712
0.881185871509872
1.163441962495
0.70960058469782
0.622471117890066
0.651057127143653
0.998485824743065
1.27756454362417
1.13147363070793
0.653620881970042
0.597937878794455
1.20508026109902
1.87792322422384
1.3483661116323
1.03929744875535
1.26924830647559
0.834935009205596
1.31711827033611
0.531787898013748
1.11320059109661
1.14922273374797
0.821568684627721
0.840254184358898
0.99008790632399
0.943529870006985
1.15780065032279
0.648463257210821
0.290368182420089
0.541811220515911
0.239148685182079
0.337440274070947
0.39840544292798
0.387752523033558
-0.0750002322690455
0.463344892935392
0.18168197731716
0.203676101014777
-0.241979615830463
-0.344870716879769
-0.10556334016062
-0.232220752878057
-1.14354865301594
0.140389328163199
0.388322877508525
0.127681611387707
0.169153887519479
-0.482706773575689
-0.496785403094577
-2.00129149564115
-1.56115817382822
-1.52859636637967
-0.636859542966901
-1.31488725877611
-0.792647890030024
0.347406062455218
0.802683911371769
-0.150791738882094
-0.0261106265774774
0.787712818763423
-1.23099630006002
0.951908512094353
-1.03255146894619
0.225448376301798
0.158775982045723
-0.456442292670091
-0.757949662791742
-0.842204844903435
-0.334140229157368
-0.745227827153875
-1.1129053784181
-1.10724305231429
-1.57935522649663
-1.47806533326756
-1.25070348345219
-0.631187498255793
-0.555101457161609
-0.66378315384728
-0.790347992402051
-0.694219623759466
-0.517478878194943
-0.171419370425488
-0.260703336528575
0.0349022095235585
0.369205243602945
-0.461359162323784
-0.52270334600116
-0.0182840364007914
-0.0399384972314485
-0.658990366630849
-0.335585991998237
-0.155171101194595
-0.51773790802949
-0.460911885449248
-0.610918551237714
-0.288973803302886
-0.332189077318722
-0.847726705968111
-0.0933761534814906
-0.655261734990967
-0.484264076930639
-0.765795332101586
0.0099574709156811
-0.283452717328729
-1.11929422975028
-0.794379012206021
-0.953264506201915
0.159547351560077
-0.0176924734453663
-0.0237699061721126
-0.837305940319937
-0.950619140078989
-0.862195633002523
-0.131298568079323
-0.719055486436555
-0.781618081179015
-1.06149615562011
-0.698931917582543
-0.830814972835532
-0.619082853058527
-0.272257917113111
-0.63584042915613
-0.670444591651545
-0.654835577892281
-1.20707136342056
-1.03791859497236
-0.896599047720011
-0.89931726035011
-0.895170318933091
-1.47602120837271
-0.856244819915494
-1.01414423750469
-0.838071744493469
-1.81295913639677
-1.0135973181319
-1.07930860517843
-0.828711195726103
-0.360814909642454
-0.000914432610409904
-0.807818435161369
-3.07881560261753
-0.736985277936878
-0.849869178000584
-2.02454421682645
-1.86273261793085
-0.419506639335728
-1.06545810618924
-0.673257433857395
-0.496774322073517
-0.531154748317854
-1.27626584279374
-1.84955403323367
-0.989321450461069
-1.35006832337121
-0.416260533249063
-0.311447230859575
-0.354302381521636
-0.316170472357076
-1.08882211719912
-0.510073615078274
-1.13468736981518
-1.31101734699949
-0.329204676612314
-0.438373670770004
-0.572608026783217
0.588235192839948
-0.523217914208621
-0.123042350270756
-0.302604946405622
-0.477200093200239
-0.0862767278701582
-0.177389769518444
-0.671643899702487
-0.829177606645354
