0.688220919477136
0.29194934405527
1.12848950012068
2.11480294456295
0.291426761457107
0.790002748392844
-0.384074896749981
0.417130528933117
1.62417420394173
1.1146320642309
0.56861134185632
1.36230577797919
-0.470948410350061
0.406541356910607
1.98733624114619
0.93802357847894
2.42219177484685
-0.903495496188987
0.436325483141385
1.50801186513291
0.954392581939309
1.51392251886039
0.93605136479527
-0.550761725479388
-0.389893910835575
-0.763244250621647
-0.759983882643917
-0.084030884102703
-0.594878040008385
-0.788495215616491
2.21074874923021
0.609371306494686
1.95159830406884
1.61238137931885
2.61290642145258
1.69513290872876
2.04179840121274
1.32545982507221
0.781138623325559
2.17633011595758
-0.464157396198144
2.05506732152091
1.44892170831984
0.79626760011273
-0.611616826357669
0.51768079134358
1.51290952077618
2.26236844352676
1.16633930702325
1.98092637311261
1.0719785167813
1.40796842219395
0.945109541282463
1.54955294485331
0.59300665886116
-0.0652507515845819
0.774118684845576
-0.0686444635235414
0.201466275892404
2.26659993945346
1.28143784235798
1.57544688400762
-0.332009875248057
0.302594754316745
1.31794464725935
0.449797284900979
2.14721778466978
0.395634740045233
-0.171564599573845
1.49833156257575
-0.207102757357523
0.348124507550961
0.503434945056021
-0.707060096119786
-0.591936535585644
0.127781922731055
0.592703174784833
-0.471401038437341
-0.176407756352416
-0.633794574417697
-0.391831734749773
-0.611294374236951
-0.4934516418995
-0.713842921992815
-0.629601398252507
-0.0466456439841004
0.4459245870024
0.950570159668293
0.493371534002169
-0.4380933351924
2.35131210068208
0.143178631172091
-0.977136586139426
-0.835470128646987
0.911302016504588
0.113992488865294
0.615211201657653
-0.854526425743618
-0.127385882240754
-0.342939646291739
0.564371938068779
-0.35970052442142
0.684018411149345
-0.35358415085189
0.0173881417010927
-0.286124822379396
-0.640131531345734
1.8939811570183
-0.626239558765936
-0.804456662194906
-1.02138619730792
-1.02753312932526
-0.214972425850775
-1.25848908122607
-1.29667003284794
-1.39707680811103
-0.45394781022737
0.432332365636119
-0.834450731185387
-0.547181470158708
-0.769536456043168
-1.18067938550463
-0.667435064263137
-1.01876170637891
-1.22064742586856
-0.635023047727284
-0.300477962991697
-0.220123897076597
-0.903748695414317
-0.814120082659891
-0.636282078019433
-0.605028497421231
-0.624613053361458
-0.383986946817731
-0.0896670833205855
-0.47195359043757
-0.572202424571141
-0.857119747413633
-1.35635925057989
-0.434471378336866
0.0780310940580729
-1.00374794633832
-1.12935759380305
-0.733258610997874
-1.32311852242628
0.110973276403282
-1.29801748623825
-1.05488777116501
-1.17102984901674
-0.453988665195041
1.23754500062275
-0.798508278780926
-0.437906208219934
-0.965691182176843
-0.418451832897371
-0.840720336716277
-0.308806791898441
-1.03336961202276
-0.563432042955722
0.0599182494055725
-0.905998892122506
0.418983508166027
-1.06970361469303
0.0250747204049945
-0.85880522973067
-1.07815759384023
-0.785002456814364
-0.215679795955571
-1.75455932438885
-0.991434727968151
-0.37294069876409
-0.975602906129091
-1.90286804821193
-0.650260824415146
-0.952467898387618
-0.826043150410653
0.71063694607479
-0.274258714731363
1.91464213944232
-1.18134182117542
-0.34185516394925
-0.568642272967431
1.45671694931079
1.12165710078416
-0.435490618964832
-0.54809437809703
-0.740769425252983
-0.663921007686591
-0.722653738175235
-1.11859156993714
1.18470925960267
-1.47404182005505
-0.0767277435053033
-0.509586072666418
0.223184654282887
0.0421055420000655
-0.698735663286357
0.387760337020682
-1.04655274908161
-1.10711523545524
-0.745522895688867
-1.20553269670045
-1.09868677019677
-0.520232866758079
-0.343574308705237
0.477379565612393
-0.792587556900761
-0.547319806486446
-0.311775668734605
-0.67983973999383
-0.752566067727192
-1.12938855575076
-0.622035477154203
