2.07746442101421
-0.225594479067884
-0.224953095240262
-0.989821156198974
-0.517190380795389
-0.349933491706186
1.3632163875177
0.0581484652806396
-0.313986351502806
1.95661262471645
-0.332699654359461
-0.260525835053596
-0.235366034573164
0.709856527881736
-0.774360406364633
1.48805918341938
-0.549948669771967
-0.117219071010089
1.77164874861748
-0.353433220508415
0.695254198136805
0.792120196014174
1.85894754904086
0.210989275094538
-0.335180085619641
-0.0784205883380219
-0.057231544231603
2.1082876457689
-0.272781388669644
-0.428661344358093
-0.67579459788379
-1.21951040820845
-0.349357699644212
-0.620381792243914
0.413286701158573
0.105698807857502
0.0263457267588993
0.714223511536856
-0.0801678398452293
-0.590433139398055
3.77589365674951
2.04139240912817
-0.0972557803919422
-0.181243954317499
3.38931041984826
-0.803741650727917
-0.145946789053258
2.18226171564587
0.860477145060939
0.149876509616476
0.215033858995548
1.01702110490971
0.935050349566687
-0.0534562230037441
-0.0407758403267157
0.113291798721777
1.43006022697657
0.942347760561495
-0.188416341143293
-0.574288820634351
-0.194633768094432
1.15981909276114
-0.439471032972963
-0.613511896636802
-0.302567044112352
-0.314378569017827
1.98299068343475
1.17924573691345
0.496700521207099
-0.567974124710471
-0.217627357630672
-0.20239579633984
0.355457228719884
-0.600387397681298
1.74938358116314
-0.47003021778506
0.838540409835393
1.26116841416405
-0.25444142977701
-0.714198810046499
-1.0740164808434
-0.941996377733851
-0.832731050495258
-0.479891223799241
-0.372880017477205
-0.250456906686849
-1.15649041838888
1.86140413636086
0.535902561942313
-0.853300371767249
-0.511733901942646
-0.300765568682152
-1.18163421511772
-0.323005549536157
1.49217111712224
-0.883145934826214
-1.2132084373697
2.35273114032969
-0.325908897317369
-0.339354526009258
0.578401579062062
-0.391903996491401
0.382672089756991
2.11547805103438
-0.403871171157631
-0.302558332032407
-0.371416898827662
-1.03848055610258
-0.718751029337138
-0.303475494049965
0.22650433284385
-0.393838202072343
-0.585134174373459
-0.077234987418682
-1.158248215665
-1.31492720891484
-0.677770642066835
-0.196113184580996
-0.371182180471448
0.116055866948313
1.04150699983892
3.12020058706112
-0.921715517462927
0.601755268670698
-1.07287225156007
0.713097285013822
-0.979599407364009
-1.29125756266929
1.20596037198109
-1.41005431819536
-1.36593755236086
-1.27523532237357
-1.39012207957025
-0.80334222405937
-0.662203552645834
-1.40806404476651
-0.732113282858264
-1.14821284270009
-1.0929759131727
-1.27675025731671
2.91526157277772
-0.133285100310106
-0.740133154785622
-0.670003687557663
1.12024983880094
-1.17282976275852
-0.686828106793367
0.727099387843769
0.144310936350976
2.09704910509975
-0.409774460924141
0.0599095556470664
-0.921358448138676
-1.00271946130109
-0.421285675180395
-0.928786464017327
-1.09020548583713
-0.842820523286036
-0.430337177692963
1.63828565023146
-0.409723810887908
-0.841968000055017
-0.712843582626755
0.309766263578924
-1.21762255410851
1.64101138873839
-0.332702972755374
-0.739850448755188
0.0326091343235712
-0.618854746530018
-0.888577771255706
-0.800962901343848
-1.1704288247765
-1.34856199235352
0.879547081040381
-0.754665468236838
-0.349792875482216
-0.0982038961315915
-0.526719589702036
1.95942779070155
-0.116699711538645
0.00682044563451093
1.20882630281907
-0.226107320783853
0.892766728466752
0.980558137179358
0.282897075304347
-0.0151364481718535
-0.42751317386478
-0.125766485379589
-0.890658518891683
0.197190822099479
-1.32838627210837
0.489248100110922
0.0948604391445618
-0.441547094248089
-1.31103864039021
1.00500950460623
0.678785302081791
-1.30877084726318
-0.0755436395612865
-0.259514873423384
0.709540537106444
0.0482656636187821
1.36168464525521
0.519456210829847
0.908958602186636
-0.0931269159227533
-0.827195145749485
0.0343204707756582
-0.819796777654948
-0.00505550045758954
-0.073758965493082
