0.508652645963153
0.356164188599685
0.376584109533567
0.310208840418581
-0.123179515822477
0.992967451646219
0.926460898193663
0.948050746013267
0.895893848376806
0.147488063486737
0.230064242223233
0.771789403084759
0.705131023618956
0.491022645499856
0.0657023470933762
0.554384376587077
0.470801452001124
0.374901940336786
0.460907599222788
1.05011667025638
1.07373553462805
0.860052032108646
0.586182522054381
0.908005407901361
0.724352801150343
0.5341162461739
0.399221760185598
0.929928236922538
0.627839104963756
0.770911480587064
1.01586953530273
0.659266600632776
0.871821018569412
0.80122770837119
0.973681434693457
0.327588344853404
1.55363243073737
0.363151905353522
1.37589566155905
0.800161633321985
-2.11080882576975
-0.911137778834335
0.202359452936606
1.30394900951741
-0.912043602510079
-2.26581502141899
0.223704513669766
0.945855098924282
0.493782516776125
-1.17786391534098
-1.12731673818513
-0.175794843595866
0.878894405477462
0.43441765697795
-0.331089264954304
0.496146780652687
0.518174464252712
0.702992418315356
-0.56302097868211
-0.555191948360573
0.768042411897642
1.32502176414179
0.100006842914726
0.11708452755085
0.536973232031504
0.874491521331068
1.55624083971687
0.48580957259329
0.697958744861015
0.556226156634813
0.198485801717819
-0.197303653642964
1.16694258107572
-0.397727472146784
0.195539605669095
0.739369036114022
0.328900951924358
-0.906837592866642
0.04977952993195
1.12038960382805
-0.822403267874138
-1.64686602153568
0.233405565124833
0.546661200764937
0.257250580620451
-0.159130896534811
0.419617282620867
-0.323154302915875
-0.418087085405223
-0.690892814741212
-0.0395711803292334
-0.136085291022388
0.430885128351438
0.221589958659011
-0.170553728278456
-0.186247112400453
-0.284130523451552
0.660406403296582
0.0234308561399439
-0.0627153566040362
-0.183957106827781
-0.366606079251697
-0.305196674201158
1.9277476055481
-0.284401561665831
-0.507542403265345
-0.418340892538207
0.185334927010668
-0.65416322119616
0.755588700242041
0.396445935675099
0.211068574107514
-0.536889904565451
-0.295429336627127
-0.340160622464403
0.250184707101666
-0.252848772915609
-0.803818518295476
-0.309382064565821
-0.271876871497349
-0.124582602620189
-0.254390596706356
0.684634107924765
1.89422273514854
1.20384645519266
0.183468974520949
0.785871370100038
0.428086584543508
1.25081585120127
2.38751651485127
1.30706940106247
0.599901352874323
0.635706430053589
1.41888903632258
2.44128851051953
2.65197750610019
0.134322568576769
0.979833597099124
0.175552331526782
-0.308589267212439
0.408384707035954
1.09841143497314
-0.487678891613278
-3.05120483989071
-0.071498516491278
0.840861851078749
0.97276721760523
0.879370651079765
-0.0387776286902858
0.757506889979015
-0.739326077948631
-1.05024809524227
-1.09607198334391
0.125014087024586
0.271218541511078
-0.84114833016601
-1.38970602229471
-1.8169881502637
-0.0213778847070751
0.189907696129485
-0.486699598642676
-0.828680047836887
-0.535092417989606
-0.0653203433277954
0.115776616876605
-0.545026602672094
0.413180967687251
-0.129199214254115
-0.860111360034437
-0.492423733577649
-1.14513629808335
-0.17300523697788
-0.673645375002797
0.241857752959058
0.201275165074857
-0.809986498910476
-1.19013036641186
-0.169208366922097
-1.7979731175609
-2.91098453602271
-1.45531072028243
-1.4284467143345
-2.48286863899709
-0.643719810748094
-1.19877895420033
-1.62497067260158
-0.637374742127172
-0.535378925945718
-1.01431425834264
-1.72900675027645
-1.9539488744382
-0.00186840985828374
-0.724689940372981
-2.18406432714678
-1.78051258591879
-1.11492319277987
-0.488916196510417
-0.807911126771819
-0.232511717383591
-0.67579435183476
-2.20670037528977
-0.032900348264082
-1.86723836779425
-0.233266922100091
3.22394127674591
0.354388828199098
-1.03189662231929
-0.274629819861353
1.28780999424236
0.387832157510663
-1.29613091080622
-2.13719870616083
-3.13853177426879
