0.783602767786561
0.513974842674212
1.01339076238146
1.4896616633815
1.3350390428235
1.01759624402639
1.00488644705276
1.1533048020018
1.18224496055602
0.0952816494141566
1.30516963960753
1.09487181001355
0.258320703482563
0.544401511842345
1.11567484022325
1.38714921520233
1.49427705300129
1.38818674131435
1.20910081012413
0.632894132166935
0.270056406447361
0.164101042759859
-0.018293549479394
0.965106342777214
0.32829450558516
0.83240430261663
1.08392433022818
0.694544637678761
0.73753854351093
1.19531968742282
1.30816748892889
1.92927539348823
1.27939316659817
0.585079908576144
1.11751330331591
0.951461747764413
1.35088748087803
0.595751197399078
0.17458706194672
1.02694340379117
-0.459793364906003
1.81086538660881
0.99174277958401
-0.648249906726342
-0.365842925061312
1.54804622931102
0.751476819157222
1.52364491569647
1.0387275802389
2.04162141507396
2.26789563388924
2.59548124987898
1.36557458198762
0.760482907239513
0.460722749776398
0.575727191290566
-0.110932155734062
-0.0412554780276734
0.77111628360767
1.91608070693728
1.23709806524668
1.08675552373132
2.40381112644886
2.05844742275727
0.614696171685336
1.14376777049484
2.60392472001412
-0.134247702166055
1.9083143572972
1.05164223020008
1.97546804167243
1.47154773444442
0.100641434617043
-0.112764088682656
0.617358889713113
-1.1528897783736
0.328133944104758
0.905413973463131
-0.872880305367417
-0.276829394586804
0.27960651431172
-0.834914362240059
-0.0625273496044666
-1.29767582132281
0.378537503846936
1.06737279806164
-1.0935166116241
-0.533696993768685
0.0374887162733461
-0.186665977459289
-0.830679321719882
-0.701332203655568
-0.37298750933788
-0.215848950496813
1.83157652160881
1.41316719048726
-0.210999702067882
0.00419540282941493
0.2714117449696
-0.141581018972028
0.744277865340666
-0.326211291311212
-0.486521654013227
0.849114718336824
-0.814679966912315
-0.565314575984329
-1.02542946193915
0.0982249692926373
-0.1485691831392
0.152383048652409
1.05095635704305
0.448363232312954
-0.724797660038148
0.985069740211159
-0.368297335477681
0.384190181160723
-0.969282701278404
-0.741534312071256
-0.39311479545808
-1.23956453863559
-1.01498578706547
-0.878782729134862
-1.21640362562256
-0.700803714090844
-1.04908655689861
-1.20239390194133
-0.587668368156455
-0.402332100289692
-0.919740180052373
-1.20426026555395
-1.19142184272629
-0.299244380121804
-1.28150443871957
0.403522089374665
-0.926113367095286
-0.480533851884679
-1.49634261516097
-0.427622397628387
-1.4757399446514
-1.18912582780173
-1.36559072339561
-0.761914964094201
-0.872946797845208
0.766365735532161
-0.437854551596324
-0.537501367931654
-0.0153866566691591
0.314941898579649
-0.307491370793168
0.219356627358513
-0.358088237463177
-1.41925153180457
-0.572585019883841
-0.863484660285341
-1.02483762845872
-1.08101615482986
-0.987404965808211
-0.843305283436965
-1.10412520523421
-0.450316916797047
-0.60218297826247
-0.793311684328015
0.507747415986689
0.153966990757126
-1.8054147117724
-0.464307850493849
-0.429530044639879
-1.34097461239875
-0.804308051938443
-0.993670485566549
-0.0707921577679374
-0.679479419998165
-0.446815447961136
-0.455123217345407
-0.9021300261366
-0.659042836778835
-1.40705979932487
-0.749509717469813
-1.61291829444511
0.145397390790735
-1.18330224265843
0.0441778613230632
-0.827838771063947
-1.50440099078009
-0.896812342920309
-1.58840271380165
-0.228590816324793
-0.306885172510247
-0.932819055472915
-0.475956088786151
-1.44185135141598
-0.0502927079629947
-1.5709093699137
-0.169525763738371
-0.512332719304543
-0.674785458561437
-1.11820827060188
0.137044629264327
-0.462169514878849
-0.977563436100902
-0.219777055173776
-1.13215209423065
-0.535423966930363
-0.712385397000243
0.216422395586455
0.118969822355288
-0.502210243798054
-1.0038768187537
-1.41630772252001
-1.29598163353668
-1.89375630841348
-1.06688506916188
-1.21455247709924
