0.784120388423561
0.556200305053979
-1.18702842268396
-0.777609061625081
-1.30881913229914
-0.0448032260964444
-0.405833503787486
-0.439904738427208
-0.732025700743397
1.4236385872559
-0.896929152103017
-0.136990757088222
-0.298945054546127
-0.667902425071409
-0.700796850538186
2.4734212345291
0.566806519555033
-0.849986589928864
0.608212860515316
0.270681625289991
0.468261219852258
1.42227997750232
1.97613017402394
-0.304085948844541
-0.119793305034159
-0.105876320837344
-0.731801024877362
0.126130780841811
-0.295542750941288
-0.421486851220753
-0.473908061707478
-0.520689742771446
0.308283843964649
1.39626744935277
-0.24748299934197
0.0970589642935732
-0.514319338936991
-0.327180758753743
-0.420157151805925
-0.538791622772266
-0.85025703521288
-0.977202202182305
0.534020542578283
0.721485888086387
-0.817204966665922
-1.0368366170188
-0.880677325049518
-1.44808440368898
1.35545052942023
-0.45874261727411
-1.2971578304985
-0.207374739032353
1.15095512418753
-0.798434002597234
-0.288824287943372
1.3460685424755
3.08945259438254
2.32668597976993
0.976992181977255
-0.854678018017508
-0.585517258425926
-0.93261461164964
-0.610673695370666
-0.523687895318686
-0.70295118980815
-0.293754505227161
0.633706767975572
-1.19166988287636
-0.955362339436106
-0.773325814012226
-0.539001300661518
-0.733253095537807
-0.402482914689766
-0.951975748438372
-0.353258732379831
-0.262782878953188
0.14447819793621
-1.07913792777145
-0.405925778679214
-0.444532142561198
-1.21844725087392
-1.57444319795854
-2.09119465729729
-0.479823651274151
0.06825257306
-1.38934615992824
-0.371823312516873
0.787734259254196
-0.824859583309453
-1.57862881642037
1.02798321623247
0.251348685486594
-0.510995852925283
-1.00248714180995
0.873745575058981
0.191689707269094
-0.513759821772559
1.56853125224622
1.01750624354878
-0.456314371686197
1.37998619900864
1.32765608910546
1.2063311900768
2.78221285409062
-0.474506938124475
-0.592233116379427
1.65028469205559
0.337489242567671
-0.510756331219245
0.855308872416617
-0.791027865702637
-0.471529583698917
-0.385988482979528
-0.90138794157098
-1.73179155893673
-0.245304125925286
0.164073224933268
-0.412608425182926
-0.748736828670199
-0.264156677454431
-0.467093072461313
-0.506384677634822
-1.4118953274228
-0.922974872952965
-0.438130596637121
-0.882883778404746
-1.4621445970441
-0.524169181982566
-0.0314287738009967
-1.00197310216953
-1.54575752537144
0.278432873456494
-0.842712427322092
-0.671536414629462
-1.15493329660127
-0.552226626896643
-1.36992941826896
-0.961378507535334
-0.326014747325783
0.149512771209146
-1.22689387597494
-0.868001241914888
1.08407567886085
-0.574534158901293
0.810225607801521
-0.579913920120121
1.24902002267932
0.968410293987033
1.62457270818294
1.81048315196141
3.03782938284102
-0.226390441910019
1.13378654321455
-0.767508314702525
-0.339918940338125
-1.72998761426588
-0.364540260506887
-0.103570449411227
0.521435572923481
2.17280489624962
-0.905118236988702
-0.831836571671762
-0.222369544549121
-0.906957653621317
-0.143199446239207
2.24915524908367
0.392238901570165
0.605247992111046
1.27540571267899
-0.792740667312955
-0.959952947871878
0.101333257025641
0.551062228223613
-0.758595324562074
-0.306014370743349
-0.733512473305039
-0.399811471866054
0.576604540788346
0.223360994966714
1.33048270467049
-0.268252850781501
-0.0741620656863929
-0.46564722275963
1.90158296425853
-0.183043625934033
1.12792173394754
1.72222782472037
0.96256441649174
-0.119821069757333
0.530997837524171
0.380518060133528
1.37754230564296
1.61717955908547
0.439523158785941
-0.495421856694385
-0.0958245197846124
-0.197237177845392
-0.180531327552663
0.687076830404604
-0.297820356687365
1.05396855766121
0.802642154662061
1.02860911442249
1.17616697426398
0.556145810307047
3.11452483085617
0.728114225177502
1.4895153492851
1.60683508315362
0.649847240354426
0.706199361232403
-0.00289933970200363
-0.188288404706868
