1.48404845220436
1.29127324780494
1.49607216323327
1.31092266147286
1.50515471139841
1.3941652636074
1.42850633825336
1.42082063315688
1.41401522548183
0.844562286162611
1.49802749910495
1.31725759416557
1.46990279319039
1.52090472294038
1.42736142509345
1.47191811946869
1.5034418782598
1.39588987011354
1.46450258977215
1.26696735651223
0.978284355663107
1.13350098352436
1.09302816594433
1.28838100569498
1.40142305967771
1.39997440326436
1.35155057540918
1.24304058826603
1.39872329237361
1.40158962648975
1.50501155544948
1.38175602449912
1.32868686247111
1.22403662305468
1.57487120839869
1.31025421389714
1.54708184883942
1.12243046880673
1.34995827705118
1.36179227719679
0.553170731936916
0.876084154810244
1.26563823468863
1.23231042592617
0.95612360188809
0.760661208878281
1.42691453795391
1.29812789363478
1.23987856762815
1.00884704533529
1.08525686878583
1.40997647021029
1.52197225019438
1.35453143094847
1.00416153478376
1.13533403271852
0.980547007410547
0.981873815369877
0.77911990091069
1.07927694496053
1.38859779703729
1.32760865344605
1.28554544273645
1.23552488902476
1.07040949327467
1.51729526665731
1.49229799550779
0.414447706898038
1.2765934178181
0.980212974184587
1.14622282426578
0.294572091965657
1.09798066244865
-0.113464195010014
-0.016028636879923
-0.582442211611608
0.702089949907864
1.10636756811633
-1.34208325431714
0.091500841629707
-0.593504759387885
-1.54427648038779
-0.349189198643504
-0.677168331822126
-0.354410752620823
0.00590084675679439
-1.32695382505611
0.802642451226124
-0.574525602723175
-0.567398818602907
-0.12863672885588
-0.792757584746082
-0.725136408430315
-0.888592169698369
-0.152326609254728
0.336149068406815
-0.253372720535985
-0.673562947246121
-0.0695439764419806
-0.839432765537634
-0.166294127229419
-1.14900307047432
-0.668988657895241
0.616197998687584
-0.0492246644098671
-0.922951153115791
-1.1771306124375
-0.407930239697542
-0.664910729890767
-0.43771669988964
-0.543600327313447
-0.867601678872996
-0.757547564931911
-1.03820431886049
-0.531440221867282
-0.374928670226859
-0.591839988126079
-0.642342577763567
-0.919769508470635
-0.946338352024621
-0.875469887774459
-0.398189754470072
-0.276847425407863
-0.32388175721286
-0.772311347813773
-0.691357372438307
-1.0756606291176
-1.55095329045259
-0.84178070180213
-0.843773866849564
-0.855584160582315
-0.417565904642997
-0.353263103505504
-0.660560087931249
-0.207976424902797
-0.881054459479549
-0.51524361117341
-0.221918000607611
-0.709859009604665
-0.946396559503207
-0.153222785771754
0.455846932461547
-0.670800597690136
-1.37632129797097
-0.61683667978154
0.107978000593032
-0.169400182013765
-0.335324443083915
-0.815905931837787
-1.29674446494328
-1.43515850567343
-1.0252363734036
-0.738431490501379
-0.870505058433181
-0.396794410347067
-0.879080432908188
-1.27398559232502
-0.635115516602716
-0.706489431537794
0.221212882962668
-1.29762998979925
-1.56817818995015
-1.24009731846813
-0.556577374871007
-1.34560505159634
-1.01960999897635
-0.182844195640959
-0.591320929873998
-0.759709640514161
-0.856161405962903
-0.928495156474582
-0.930422504431434
-0.839480828544963
-0.282313546639761
0.0214206121420311
-0.580918263646759
0.217430462039991
-0.794410696852766
-0.94298244021956
-0.942456663336412
-0.762156870601729
-1.17531941002775
-1.01872934095868
-0.889534034609198
-0.469472475301806
-0.565159437522745
-0.791054057837407
-0.378155242835068
-0.945258703567765
-1.57946757685389
-0.785168186136131
-0.892213766505711
-1.05680282927461
-0.595280593511579
-0.463941179525548
-0.635890641513823
-1.21322754554187
-1.10293568051412
-1.8532120588148
-1.44377709416489
-1.12208583784494
-0.405839228750045
-1.65548041652412
-0.610153276040039
-0.00858026810113946
-0.131891748092302
-1.04674582345863
-0.251753328978653
-0.378061269509617
-0.484650331489418
-0.670503797662801
-1.00943520256804
-1.19422059469344
