1.16085782919498
0.86248219278833
1.11927036825742
1.17615001819828
0.92296033779846
1.27611339421667
1.28529147941071
1.29516783743097
1.18105099525305
-0.0540744308614568
1.11575092708504
0.669060310487407
1.11510399500383
1.02127299488878
0.910827277465282
0.922777576872494
0.928537632230419
1.29898933370677
1.08122869885328
1.15422536436874
0.928238281105796
0.792261823949755
0.485879610764937
1.1235632645956
1.08713811600922
1.02729449450434
1.02956050840988
1.09058518574894
1.03662744514044
1.15748492558385
1.22964065440512
1.12930206110133
1.12977238266863
1.15761006590149
1.13812266871127
1.00164100972772
1.24692107465652
0.942436695883956
1.58546466742804
0.917991273316848
-0.706315506346774
0.732263050933407
0.995617293943311
0.99189635473974
-0.106053871961769
0.356169689889092
1.01674617956997
1.03230110026136
1.05338903956009
0.954807444805676
0.639109932466923
1.23644253815782
1.32988519172133
1.22419469555329
0.756798013273444
0.722957691908469
0.427059937592106
0.0882237603394802
0.293780050011789
0.436533078922849
1.2992802150891
1.19654758331337
0.0827343766600917
0.568945270622506
1.12055035797545
1.15557629462207
0.585865282309977
0.333810606940345
-0.510859856092836
0.461751222683197
-0.567782243712137
-0.353993529462268
0.965696605870597
-1.9732570145471
-1.51715445312653
-0.997423914332194
0.606740767256817
-0.275774970093323
-0.864849337949923
-0.818574023721419
-1.44325624624048
-1.25836840454229
0.108859165832524
-0.574332306706914
-0.234174823253762
-0.224282392747706
-0.522766273542725
-0.199075875624556
-0.391473638900329
-0.505213099067365
-0.174785456529441
0.214585731932716
-0.454122301252176
-0.211114115475122
0.607391960199135
1.12232563434493
0.276733816231446
-0.335221165491112
0.577426531659315
-0.084005141981518
0.735965579530096
0.0337378770814687
0.354567879005693
-0.140095685952997
-0.10742614914771
0.387605577873013
-0.321804520984397
0.291437143695197
-0.593246023538968
-0.175840948578263
-0.196947522229076
-0.258604463794344
-0.221607288783946
0.125520267392954
-0.164618185343096
0.511911840083671
-0.259072311639449
0.814946418934118
-0.00681742297310955
0.630943705018769
0.899648368745779
0.224305795040642
0.514674812417953
0.345766411518735
0.747321882448077
0.473041462890919
-0.0341602786274978
0.569093396230528
0.864564211982649
-0.178755136704393
0.0891277987768025
0.936556912943638
1.06258777837324
0.264810233141514
1.04349144656888
-0.220508383722618
-0.319592464175236
0.245653032326617
0.394300636220829
0.514673344927406
0.395238621516198
1.258770048471
-0.835355982613964
-0.572195655010179
0.197723239942343
1.11910161571087
-0.0993332457340736
0.286049255023132
-0.372052840322164
-0.463277610510909
-0.487300369548297
-0.727790332331143
-0.274155148604435
-0.740244062190158
0.546214291912769
0.182501292079592
-0.0119086426540091
-0.719382554705662
-0.0189278086407901
0.535577780419201
-0.938948980234427
-1.64267281308389
-0.193056554177239
0.161687778487781
-0.324642915574555
-0.135239979879098
0.886003767221472
0.266219487533749
-2.00127874801145
-1.23192733613218
-0.952936607860735
-1.66873523374536
-2.81621608967205
0.231683480758827
-1.03938525564669
-1.14960288403255
-0.770079492586998
-0.504428606128981
-0.872445656938313
-0.189516027558445
-1.15953114670398
-1.70230887528923
-0.760712010013657
-0.327584189342126
-0.835637216795522
-0.976956610642533
-0.770685587883212
0.339796176452307
-1.07786233234751
-1.91601560961475
-0.725149538506238
-1.12377808619999
-0.924762333614376
-0.333410869235313
-0.694014234601077
-1.43458837609333
-1.45451108709427
-1.0291664018381
-2.86169014333347
-1.62307311182565
-1.68479459906016
-2.85617540164282
-1.07672815802246
-1.79443308353353
-2.04178089180079
-0.734730891101426
-2.51305970946767
-3.08415114756712
-1.5074456492825
-2.3740906789594
-1.11533489645017
-1.89724079895947
-2.06862960830772
