0.902853396326248
0.927472458515591
1.12082920669393
0.511134893698583
0.890388380308547
1.37267714024464
1.46167789204187
1.38121768804949
0.896514858362812
0.25622063815297
0.867355206832371
0.845721796368856
1.14101261364622
0.981557337173268
1.51823880145581
1.18262668999329
1.46296930281341
0.740712652235416
1.05571267251074
1.26087265524549
1.18771487726344
1.11365866838643
1.21706345308965
1.10924586202407
0.73879662610894
1.28782660754031
1.32050099033339
1.00188644315098
0.902768193088883
1.22349672303892
1.29499525261085
1.12229808253834
1.63592910778979
1.39956432486352
1.69707174791347
1.75404577330607
1.53139662451057
1.43697516435215
-0.127560540388128
0.4937456466478
-0.199567547039733
-0.290117058734077
0.415581845902463
-0.136101615401762
-0.27585171114229
-0.463567668602022
0.635475939085196
0.0594604715751088
0.624255412478063
0.11548978719097
0.141899956478551
0.818835304296314
1.40180317058719
0.651289639570499
0.492706856506855
0.589088312215887
0.900499631358395
0.812062365903109
0.150350378856693
0.190492512135966
-0.00470846933455865
-0.718117216030082
1.00269083749079
0.834582732162864
-0.17190733236138
0.74159349326257
0.32974265050598
-0.406087935940841
0.867966112947397
0.357310094852787
1.13830443498956
0.339568144839252
-0.41353824335188
-0.577779174374538
-0.00288186713420055
-1.65991221020792
-0.811506627792122
1.31867651022229
-1.75639101183976
-0.990832999649331
0.183814162996856
-0.713314279699335
-0.236359108072472
-0.0702944414942444
0.319423836582736
0.47826017352654
-2.46551254572753
0.374013780845502
-0.625566579618595
-0.95706079426199
-0.157366749856327
0.140751754223869
-0.420050805574789
-2.09460777306983
0.386578541011147
0.0467328673245378
-0.580715039488489
0.705122797094984
0.961059364890389
-0.389611937163307
0.444941252730896
-1.54170017628484
-0.11985101549878
1.18214386502714
-2.40758825756266
-1.76460252355869
-1.41470575990638
-0.426517863933096
-1.30717959454383
-0.182435391717381
-0.809861349385926
-0.957003846305271
-0.760017639694732
-1.18890982162323
-3.02546354359137
-2.12301852000597
-1.35958507432185
-1.09931446526009
-1.07066291027968
-0.774927023819303
-1.05811919821762
-2.37641470429297
-1.06648385629368
-0.0758669702645558
-1.16979700068444
-1.04582587544069
-0.227018096976371
-1.44163015879748
-0.863267909461349
-2.36310674610903
-1.87412422889708
-1.33894326271206
-2.29233808871876
-0.960476073704986
0.362149566966011
-3.17993472006756
-1.93404436644887
-0.664830648989586
-0.412928783198731
-1.17385746415666
-0.934342367805732
-0.613875296130182
-0.340474746331031
-0.127204239099631
-0.693129890427967
-1.01536323873924
-1.02058008404227
-0.502585081306648
-0.658884745884579
-0.824418543900037
-0.710872876321718
-0.42812656400026
0.0501502457022779
-0.787650819734679
-0.817859725574103
-1.51874350838753
0.372300310160973
-0.534030975798244
-0.672701728376382
0.392145925542598
-0.98873475483548
-1.10764186310537
-0.338791672348254
-1.02775394465839
-1.67393699627924
-0.509812263698338
-0.758682924616924
-1.06929965158825
1.60063097494551
0.377469397204879
0.0331288981107169
0.349356645876475
0.341127911283018
-0.431087893605985
0.932595521277085
0.334099854986225
0.872379010179995
0.583526456447872
0.565392749229483
-0.613918254842507
0.384330599215923
0.249572545266664
0.670559749784987
0.251980168982876
-0.298817781884689
0.474130821507191
0.649554174986731
0.321284503694728
0.294870974102461
0.168070115152333
0.0732607155115766
0.591198233243126
0.217713839650715
0.588679578099907
-0.308247052686745
0.599964525923541
0.332214842913224
0.0985890377725171
0.286909667876215
0.259278044166294
0.444524784605514
0.624571536545271
0.122433346163435
0.376449584248559
1.3316366516075
1.46168374022257
0.544989933033183
0.497765586852245
1.01808232578266
0.450852508675385
0.573301451661615
0.839300635812808
0.533288568216175
