-0.711397133332547
-0.868055034837687
0.0115862286460096
0.22487179419734
-0.267473808956934
-0.470185071395405
0.16689736313882
-0.181784016667658
0.165086682053596
1.01407104118376
0.508108864899865
-0.54891923652181
-1.0244244498481
-0.864112040957274
-0.228856594104464
-0.00564103315284521
0.207492336517045
0.368241627604422
-0.379918667114902
-0.962520530795825
-1.07834205615395
-1.63414419777348
-1.42413902801499
-0.93805207454604
-1.51109484890438
-0.630969883959378
-0.377694252017074
-1.39477557161599
-1.6522553160473
-0.183081394908217
-0.0828250187505372
-0.028523257447062
-0.613407284693128
-1.36906964314034
-0.541969145871458
-0.77511384865389
-0.457825622751077
-1.04308821313087
0.477419904344067
-0.331505018781649
-0.581254355418943
0.175409194493988
-0.884921464683325
-0.113733112563962
-0.154728294747124
-0.0342401949366189
-0.0659241803228528
-0.454092286103441
-0.212525438886872
0.113758516356263
-0.768145266784015
0.188813212983404
0.527864657120406
1.16412782131926
0.662759985335875
0.50907242369348
-1.93998135052971
-0.198605113781581
-1.21951420301494
1.22460856301633
0.904075014295864
1.10948040475364
-1.20148089874264
-0.556673089068084
0.7974405492519
1.03017394522177
1.06177959515017
0.636181201455778
-0.15474555486804
1.54636725980587
-0.534541440869884
1.07976674176198
1.95199928083482
1.25997220293727
0.401606827917547
1.98867625237899
0.969563062506527
-0.38588743740399
1.08239164023568
1.50420484515037
-0.059939193723417
-1.0292264659952
0.777267329461542
0.956309099749494
1.01835276449549
0.670798153538742
0.688709245297553
1.15301754246497
1.17750458454366
2.10301628098498
1.23533694776556
-0.44999750767002
-0.838219708223654
-0.7740947599806
-0.359980513329144
0.0396570767217151
0.325466590041052
-0.841919743360923
-0.166137896040695
-1.00303739345661
0.205591953528214
0.685478296333304
0.629214006200047
-1.19009463832947
0.302035667586758
-0.160012509042864
0.406273954361367
1.23236102518706
-0.0307771950335424
-1.0155202499695
1.00347711995215
-1.1640111508672
0.2960584100878
-0.12710411987092
0.757142975500657
1.07543156060607
0.635284560041504
-0.177337387739912
0.610449711467312
-1.11203849365612
-1.23263520528247
-0.197175223320218
2.09313893242039
2.23736182396049
1.02487388693163
1.43888280896843
1.26856242361026
1.83072179352582
1.32517220652645
1.95562957352187
1.89510831940196
1.33181266662875
1.49764985920351
2.16561917490235
2.3915794592729
2.11056734131321
1.6197460829288
1.77082064889177
-0.189366896196486
1.48227791796246
0.764501514644173
0.756239163346436
-0.0551688070087801
-0.150833679555479
-0.255206138044019
1.08087197364338
-0.0269580608607946
-0.00974771351870134
-0.3981328615699
1.05264138863407
-0.233226203946831
-0.0227163146358992
0.773083714627677
0.0229016797798352
0.303626716156122
-0.532208179476794
-0.307210179620121
-0.426451531682327
0.0378565986117233
0.50119058547881
-0.280131938037997
-0.0202448012861376
0.0466055852982585
1.61139965185065
1.1835023237892
-0.648397037427163
-0.438988279614121
0.480994932144669
-0.276259920894186
-0.739288190586806
-0.15848805973363
-2.39162176826447
-2.31412900334981
-0.119322431287175
0.335738736537213
-0.765201032136305
0.314524078188772
-0.0783306286798788
-2.23850946292859
-1.35647841469176
-0.613641236093329
-0.275222452143834
-0.138745797141818
-0.926221162695849
-0.070510619240013
-0.462809944367458
-0.280007768953668
-0.478142561894435
-0.442196897651949
-2.73358727309776
-0.636295363891234
-0.444486086584496
-1.48834106233766
-0.290886342199058
0.174146733216907
-0.416150312012941
-2.16443981839272
-0.125577570818884
0.419785660904313
-0.865326289947765
-1.4707895218353
-1.05191930915857
-0.874625935396431
-1.384262697717
-0.053005078329045
0.654718481760057
-0.671585611603821
-0.763561309744963
-3.18876080801974
-0.884408851490819
-0.949104066019124
0.00262278178909525
-0.425935500572859
