-0.757090391634551
-0.445043724287898
-1.46507897580871
-0.505568510578101
-1.13768481106833
-1.02339791668708
-1.00409928375182
-0.966636785442516
-0.650372700900681
-0.308511157547495
-1.03920368805934
-0.893538575179291
-0.760545190966375
-0.852659018626962
-1.00113625247376
-1.02365548132191
-0.843442112289956
-0.195785808329348
-1.07289576238996
-0.675599514275238
-0.641674354288387
-0.75118160380794
-0.526192652625921
-0.800399424331198
-0.392811019952023
-1.24376270599615
-1.27053404380812
-0.610150217534107
-0.819921437798627
-0.890638184674356
-0.846670775362048
-1.09983989501575
-0.692404444993508
-0.521120125523491
-0.749788126071104
-0.742638184115011
-0.780583057103935
-0.395734577737017
0.863420307315832
-0.241405179344156
0.197671726281908
-0.914265461448594
-1.01711669694401
0.196947490979481
-0.197530145409456
-0.770429275857665
-0.136760271692799
-0.988933699649399
-0.611187898110087
0.0325046257369735
-0.434339446331676
1.30228357576803
0.417686414564502
-0.460959102621731
-0.873011410280177
-0.762876601687071
-0.438083970122798
-0.374699784963131
-0.0198680663041587
-0.742165753138092
1.15729391280864
0.40873190844186
-0.474040606962021
0.438849126359067
0.583632777718045
2.04035328322621
1.63200203839096
1.11502173304282
0.175209625829962
0.653782167127414
0.694987411122485
0.795650023382393
1.37200765339957
2.75072564724037
2.41790352106121
2.38367193720825
-0.103684688063258
1.11779036135637
2.55987758093139
1.20498750300074
0.171798749416313
-0.0249770657522425
0.834228539728389
1.93309943467272
0.632828156997982
0.486785445408882
1.91423193301528
2.15789358574691
0.431686324046559
0.631877897722361
1.99159623721913
-0.0308887741616573
0.364785829140343
0.163679269189803
-0.0597998519608023
-0.325456321254762
-0.020835077061746
0.709252634324715
-0.350020957411158
0.276775661647357
0.014461913113847
-0.654099237254154
-0.314611865309122
3.27912744874218
-0.472949791300166
-0.527594702479379
-0.501176339157153
-0.377904974714192
0.0223631628942599
1.09060998275814
-0.0760065859628633
0.415925268314168
0.506630097178945
-0.0857600502917393
-0.286743224352119
-0.405660211321355
-0.745863131820032
-0.0707466497714822
0.0152642449839661
-0.446317421662663
-0.676079289073718
-0.534833475677794
-0.426934845317972
-0.241347897715715
-0.712451791411326
-0.471513861833497
0.798727926386956
0.438611304951354
-0.637883580618266
1.02878535760612
0.757341567980775
-0.687503165170111
-0.858523805126628
-0.194398319999294
-0.901075899008973
0.706950623360994
-0.223771839649355
-0.771340907670491
-0.40308967186655
-0.66139005761452
-0.588587935281048
-0.455450824309573
-0.509828498028787
-1.22347834948486
-0.488112856464176
-0.374994456880306
-0.73315715438031
-0.0682847132714382
-0.111946114348547
-1.03076288505334
0.297330670125909
-0.575108609215736
-0.103634316464853
-0.394536110392578
-0.46730304771556
-0.676871029157725
-0.361255778977681
-0.395649125336173
-0.380111401857826
-0.303995008601941
-0.423212052755808
-0.391920673091988
-0.727863303178441
-1.09667982974175
-0.559835078997441
-0.607896390767774
-0.426007187102883
-0.345258398944915
-0.910220660640173
-0.756993832866625
-0.743995677035402
-1.16656912077633
-1.06364630621316
-0.568409346049727
-0.753196327506029
-0.780839718432908
-0.335629520832506
1.76033736880909
-0.359929942311485
-0.536407191793063
-0.420847412073876
-0.066628987998359
-1.10843769302156
-0.338442733395532
-0.657511402002933
-0.67643747002532
2.20765886442733
0.58698663128512
-0.621919931840514
0.80183306626715
-0.242259994096201
2.56775713288427
-0.58381306880626
1.9426260201274
-0.821831799818357
-0.480877515611877
-0.651894671682688
-0.457434631456899
0.277011069379776
-0.30986132686856
1.44541288104854
1.87953499814164
1.78889856960749
1.94099951853021
2.40528052343808
3.335124767398
1.82757123651281
1.80687960385561
1.7563216392793
2.18113176943776
0.591106081900507
2.24586149549606
1.44070174820611
