1.38061665032559
1.53638433714956
0.841658173314742
0.91027896460569
0.976940042876253
1.75154586178675
1.71414549831949
1.57513755718645
1.23614188665621
-1.84344490148783
1.11316371145652
1.02601166102235
1.23482265614595
1.031388680757
0.752629664144337
0.95853340927777
0.916115694834645
0.915664512010319
1.1484627279589
1.67046132240872
0.463287826246872
0.775519142806389
0.982987282124978
1.60657888035468
1.48178469643465
1.26006894755627
0.917552383414068
1.66277324499305
1.46289105824701
1.30396359908145
1.60420745281421
1.16910591658254
1.44418716795289
1.32240158539194
1.85039922367501
1.07872256744564
1.77309609793187
0.426555272399149
1.65845579441883
0.512031963167724
-1.18982135225018
0.585474263760045
0.558965737520528
0.856069132819099
-0.501502822956541
0.0949728092552059
0.789371279384669
0.868264774231831
0.56761513972734
0.0460347044634237
-0.109136335552082
1.09542653793104
1.51239845301261
0.438593938925981
-0.637849177900343
0.278120811590604
0.77082473983226
0.334773305146753
0.148240850675592
-0.333461818649309
1.1909271234703
1.28288174587418
0.839384178833262
0.7115279954481
0.799652996605971
1.15664236630384
1.63077788108868
0.257630058730448
0.588299858284323
-0.125056798855031
0.648280142593229
-0.129209687736176
0.635075703912903
0.651867236291874
0.391760376534497
0.870756087888656
-0.202406471916572
-0.0056318485053369
0.0828332653028467
0.537195349945743
-1.99024901032682
-3.21011805108532
-0.0208581505809964
0.0999874263768194
-0.172308589316852
-0.560386707399318
0.432057492375146
0.342898282656687
-0.256871099464109
-0.491491450585165
0.0141652781673849
0.343813076647912
0.374312607053146
0.537532814486245
0.246302436190642
0.280250055806728
-0.972672885056099
0.677532789042944
0.000178542022887371
0.210116922118598
-0.160026285278679
-1.17057727527407
-0.915848160953221
1.99581598092798
-0.161903970173895
-0.403108381117526
-1.21479416283082
-1.01774906506255
0.456281518744349
0.960644128037933
0.14272864225247
0.273594126141139
-0.923613835023495
-0.277244860962471
-0.486855476896043
0.0758299946477326
-0.862426026245973
-0.452887600368787
-0.756170667518783
-0.332313850090296
0.074211736032185
-0.21435350625098
0.0255091534800085
0.524891783495901
0.293339936502825
-0.575208104992886
0.097416782642001
-0.635117006109888
0.377797763374151
1.30567104433436
0.560567126715544
-0.296924056028879
-0.270144016241658
0.109844345148697
0.958401444382859
1.20921300346339
-1.30682452924032
0.314813991371045
-0.98748075094911
-0.295740462060442
-0.296513373147573
0.650255339659625
-0.915906481141737
-3.11449105987538
-0.676665114474773
-0.803144328204179
0.594994026953229
0.495819726391159
-0.596838279288828
-1.08766409695938
-0.272325415096111
-1.57464352333174
-0.993327072868849
-0.338742745617174
-0.281762828096746
-1.77484485125012
-1.65506826960842
-1.93409669143413
-0.557378123754251
0.0759594209575296
-1.78066902143171
-2.03704038909746
-1.6064994747561
-1.71163976472248
-0.785355929227751
-1.70650000250028
-0.475051751012092
-0.310287104705458
-1.3368780855244
-1.30918981715546
-1.92011904919238
-1.24150292110749
-1.77944042692272
-0.789843132316401
-0.821511097965622
-1.40102021271682
0.0405664648634667
-0.806047926960375
-1.00238550310719
-1.67353364501536
-0.593690431229747
-0.958315348871468
-1.41358144667065
-0.412328494899678
-0.855118154593065
-0.992700184087772
-0.0961324346946494
0.405371264477916
-0.403956850994467
-1.24920625909241
-0.735982289588798
-0.13679477072043
-1.03433321394336
-0.093110871099081
-0.682554370001095
-0.107242905689555
-0.460216757713051
-0.814265172486964
-1.49964260891458
-0.475306795027987
-0.559784770532072
0.285172456872034
-0.944049607140512
-0.164641282120627
1.2557465664626
0.395148804940877
0.259813398069125
-0.566281035869804
-0.531928611776263
0.563711773618998
-1.13124029613189
-0.981972053297322
-1.27349769249945
