1.28400188371433
1.16028668167665
1.27712209293247
0.848980795737977
1.26290045421274
0.644311882975421
0.623597725352954
0.676371911149697
0.334698139042773
0.712419772482924
1.00629598405583
1.50096941954656
1.2125519354567
1.17643687640317
1.32316528489059
1.30007989544157
1.34206404438428
0.585873554746007
1.34795235572023
0.824146270613429
-0.68142669637692
0.0550364910281553
0.901494098341386
0.815037352652732
1.12533113944279
0.962703986189216
0.677444992451819
1.05249441892836
1.00391420332209
0.88053525990233
0.54983151027198
0.875049652989738
0.842049608272858
0.37250830956523
0.546431942479492
0.434331030089044
0.859592615220974
-0.33481218219789
0.858029373927669
0.992939017110946
-0.615070539441823
-0.169404207165166
1.29818538188065
0.815498892575109
0.616238015512452
-1.65950147273084
0.798714955629551
-0.197361760037556
1.18128948788429
0.290979514582812
0.0421472578368397
1.07533093514156
0.939642846020681
0.497636697249071
0.608012594836681
0.515174856228893
0.431513064119705
0.291448336728841
0.318914734698881
0.40574402879937
1.01387771353375
0.933073540794589
0.576324735344967
0.652485039179678
0.518242581220839
0.810707933588867
1.41920443208702
0.505565776633306
0.585710010255167
0.403383516241598
-0.294346289410566
-0.11338690587913
0.593642221784411
0.0801398651284339
0.547688028595506
-0.115882737495142
0.100769105730778
-0.103607269087537
-1.77878160401694
0.295209001299882
-1.41565334602783
-2.14133094598131
0.329156143744543
0.444946217108036
0.260818140351773
-0.221485121512925
-1.69276226968234
0.998020815712132
0.792693097575391
0.677162643820151
0.638589722542621
0.428716922993898
0.966452373450485
0.89219326425769
0.531766212209975
0.707286570701915
-0.412465365389232
-0.255590756719326
0.224183826373403
0.651903687500619
0.577965405592476
-0.124325073595061
0.170922480085625
-0.183672764891382
0.654251127388776
-0.00604669518343884
-0.290712026404704
0.0688685741915255
0.89763390844344
0.842145258210678
0.938494366313853
0.951284711850652
-0.603469867357622
0.428580753989506
0.524224237384114
0.531027262585728
-0.17176679126581
0.409561458037388
0.264674116669833
-0.0397228235468773
0.261371211065531
0.331633481878513
0.625451802883816
-0.46036110353876
-0.172987494253538
-0.120093040373903
0.0435174230626065
-0.103004742490624
0.536183787018785
0.81034235591779
0.273431652859968
0.39702865117718
0.46946915087463
0.303220407030147
0.853492985887398
0.3904454307388
-0.201591309172779
0.311376251496121
-0.231716051807131
0.490470960457147
-1.43493520646328
0.751831924895454
-0.198219621990588
-1.40906133105685
-0.514530029919272
-0.158528943996796
-0.143856578666778
-0.808335693631951
-0.77323941924039
-0.220918741126432
0.289807104337918
-0.485185014329174
-0.21823004927059
0.30684825675936
0.19853981751552
-0.348875921470163
-0.384165715432882
-0.619203572498705
0.0103541063383559
-0.0938928115676298
-0.0648674940529799
-1.06547304544257
-0.0206911058421872
-0.2405117339172
-0.186855507591327
-1.35216240814969
-0.193325655709818
0.0694904920086084
0.601586130206462
-0.668128769167979
-0.596576587391541
-1.40620976237332
-1.76330866096726
-0.00367897105326625
0.660849525291798
-0.492878469120225
-0.353514016735008
-1.13155609600937
-0.365019666891214
-3.33183699717515
-0.203857065291299
-0.986256050565306
-3.92791154151141
-0.980129157416572
0.424542091265276
-0.143917740176995
0.041861719551081
0.690749740886229
-0.453067726072031
-1.08072518315665
-1.76025073594581
-0.190057544838947
-0.295898392555053
-0.150653945504138
-0.718161183773065
-0.666125790505189
-0.679991473342575
-0.675374095384758
-2.86485353304073
-1.33680426255564
-0.533194383116488
-1.8186744238413
-2.77135625570676
-1.81882475299514
-2.08092336497291
-0.68685759433147
-3.83647448297369
-2.48711733700267
-0.771658385194466
-1.78582827065771
-2.25024304631911
-2.0288056904487
-3.41479056387586
