0.978014275278299
1.07924457737934
-0.0844991388323844
0.391626417449672
-0.228312001238595
1.4390142655584
1.2510805232225
1.13228324268174
0.843243484804929
1.74861147243806
0.0522941639995958
0.46683714564034
1.03280183769177
1.0297114007045
0.941779712771165
0.788748562700181
1.17858073676002
0.712268334810894
0.564382969746021
1.67879728506761
1.67884681093596
1.6784924602328
1.52860966722908
1.49198457947969
1.48150719813226
0.75962422206515
0.612552762623806
1.64674080357864
1.252194614613
1.03716825725071
1.18146551163451
0.596660158881006
1.95445476512503
1.85707649163143
1.88294553980819
1.82565236031097
1.66240322435622
1.53095549298704
1.51092874433013
0.366847066577524
-0.864483195046935
-0.904071169628465
0.0455648887904568
1.20985384741189
-1.12056012987099
-0.470358953644055
0.232691678556623
-0.384819052218539
0.513619467570986
0.333843760475519
0.193857038891674
0.271033346954606
0.843409301843913
0.338920336406429
0.467001913398665
0.625714114012193
1.25587169498782
1.012305331268
0.641150738483436
0.415797784646779
-0.510572092301616
-0.728393658863163
0.0491214608823877
-0.222860308781235
-0.82502054065698
0.15255719988482
-0.937817948731799
-0.536750939931913
-0.646810428904835
-0.704961568120594
-0.314836016744697
-0.714431124565054
-0.153646260964784
-1.22561762375015
-0.50005800730133
-2.08794891949311
-0.767351935701083
-0.00613474071668954
-1.94002109563052
-1.30465301531627
-0.38239832056751
-0.951475933316127
0.180757709688722
-0.0863588146686157
-0.324302464564178
-0.918478649241803
-2.29468743974872
0.285900228779731
-2.05850492214185
-2.16315297617165
-1.2707449112974
-0.59581940307855
-1.18417925910778
-0.874936483938896
0.34361009004513
0.432921771282026
-0.327855038705843
-0.162997100235185
0.0427652757174727
-1.5000236119805
-0.040343666865814
-0.844191824036151
-0.148907233137882
0.569171502360978
-0.303961939664718
-1.04460119236985
-0.987574201594306
-0.495916480370573
-1.00382281129216
-0.676963385331685
-0.54785909795715
-0.555383203160112
-0.487048801935627
-1.10545325537639
-1.12753454802361
-0.928360268460309
-1.10833785685919
-1.43986824593607
-1.69205084937614
-0.497161449083366
-0.305190236463971
-0.893075305650998
-2.64178740705184
0.82394269178742
-0.954038993975751
-1.85376705447706
-1.35914806943072
-1.16051394406089
-0.790919827304566
-2.19269240763649
-1.78486604026388
-1.63183106999215
-1.82388541362757
-2.30608375754755
0.296130802000657
-1.73222908259834
-1.20869661904496
-2.05640197021572
-0.204793957676836
-2.03842754693028
-0.739527956050833
-0.577494217125638
-0.919444768883463
0.0176999036460526
-0.292002416613333
-0.558439751440733
0.766289571726715
1.16601534573899
0.533569986127883
-0.397051226441706
-0.722415457117241
-0.841605061955685
-0.199421712189512
-1.34333070034811
-0.540460950910011
-0.976003328506688
0.410539319046628
-0.714888858116726
0.02107355521009
1.09347452683631
-0.310010791164295
-0.505524010948402
-0.410859239853566
-0.712868524256843
0.159841491850268
-0.188003440689975
-0.0391743366014921
0.183273920794811
0.88774636038475
-0.0651596162161413
-0.308663117678097
-0.146498666004894
0.103681422808295
-0.201806183088667
0.777392637572774
0.0400896770691402
0.807932342315924
0.790831310219814
0.0360285939172986
0.274741249164781
0.357062509357819
0.865676596626183
0.308565349027288
0.421442030508069
0.267688092448073
0.688277348691364
0.970623668548282
0.582433137361006
0.102509061062328
-0.189660976241467
0.238952212410907
0.665549734822842
0.110205069897102
0.933898498143265
0.594587719451882
0.156586559010843
0.47523744706656
0.77358197459039
0.00267611171484223
0.809358053751087
0.543210720605267
1.51434177553209
0.752028558281831
1.13736203884489
1.36113278121848
1.30914469579636
1.30217599419048
0.763529272764252
0.966960942642416
1.43095481723511
0.753079589397659
0.924053429727159
0.577857397171411
