0.961749641527991
0.880620383864021
1.05617601097635
1.16501414106308
1.14920947480232
0.826333446162011
0.86288451845654
0.928300827140502
1.09140183224598
0.125746619335749
1.12354857928103
1.02077519845271
0.901930484810258
0.969260649238931
0.924744513520911
1.09552222060721
1.03735828585578
1.11261041551573
1.08970227871604
0.961213063637118
0.830489397477046
0.769504919050574
0.66498773135003
0.618163484528046
0.843341922536696
0.721270278209202
0.748747302228879
0.696674615075734
0.765115701302019
0.866388564360697
1.07750736527028
1.10739047171551
0.762625063880454
0.977627538073815
0.787241157183321
0.783800843606902
0.93351480301408
0.700532147395988
0.853482555336185
1.0323889493781
0.652485121214044
0.870827028748713
1.13240028699533
0.504379345634663
0.736273924644595
0.882047857089857
0.974622572248298
0.738749605343472
1.12428294106141
0.917226619927809
0.956340159963949
1.22248950082679
1.06551477560657
1.0312955259961
0.493546501096844
0.843015012113948
0.417704253571428
0.582529856341
0.951905519125314
0.991439344512499
1.17784374916568
1.17617801894452
1.16002508615946
1.15375000739694
1.07397559483167
0.949302132923729
1.28246233198876
0.784162794909782
1.09851600643848
0.876042257750186
1.16072254669571
0.506607398729112
0.85571050533574
1.23050042718798
1.01856642882344
0.356437721993161
0.687858764923802
0.830213347252916
0.091036172568839
0.51005992300097
-0.201663561583167
-1.03469319823461
0.237027426459356
0.143611789324827
-0.165912282804865
0.31333432401689
-0.199104346300594
0.233597347603791
-0.41773886584256
-0.167746211500016
-0.110785218059617
-0.29903218282533
0.25517869554861
0.297209846157526
0.166302064036652
0.587851826933819
0.488560536401139
-0.0161881339278291
0.409355734300374
0.125133041575851
0.42216130566993
-0.328941609082242
0.0488272663093193
-0.253379807622998
0.16151702901008
-0.62519795908987
-0.599572946180636
0.351903762931493
0.603705846519132
0.384410336539507
0.775022121119357
0.209994815243169
-0.822702331795932
0.153128664292645
-0.387019891427172
0.18558663261711
-0.276416732338897
-0.637548063317258
-0.0359103112948748
-1.73189659567156
-1.57827536847178
-0.186461670536751
0.485111300616279
-0.0198357513571298
-0.124927003945866
0.0494277527979585
0.0771540337881667
-0.570596682470441
-0.756675374662157
0.593690975125731
0.443806480086209
-0.086761652266631
-0.0206531746010333
0.474947252541289
-0.893560048143745
0.199697246577132
0.70038224313074
0.14378963056855
-0.0546439920932203
-0.914646106918634
0.0993417772025545
0.368667491311137
-0.218546383431195
-1.32311225540221
-0.0507179788254704
-0.3085256804752
0.6432900603024
0.792120472394845
0.227185126838787
0.104216560222824
-0.0115315426412803
-0.590664990646464
0.169269009746901
-0.226044058005436
0.130593067536582
0.0835338300853102
-0.896615145031589
-0.513057076084425
-0.0271005733042001
0.308583300643921
-0.525007981174306
-0.615195308240151
-0.897339485153679
-0.129354935233862
-0.0924713013551026
-0.120905358624658
-0.182653524515205
-0.0795648688890418
-1.86891487696655
-1.50792085319215
-0.869554946226063
-1.26325040775062
-1.41335769129579
-0.866000889894371
-0.6625307525386
-1.6635535309986
-0.980123220948848
-1.96815392155072
-1.62640433243246
-2.35579653786109
-1.02057670825185
-1.11389934390631
-1.50302539605289
-1.44204410153757
-0.117030371503032
-1.32842789178445
-0.380379063272861
-0.209210705612726
-0.861291509639972
-1.40604174643378
-1.56633376732181
-0.64314281337225
-1.781983442207
-0.501338664832415
0.340023598428276
-0.113605168446033
-1.20833872364059
-0.842098988804887
-3.41239723954885
-2.42996537754498
-1.52049036640106
-3.02689489078131
-1.85245325504399
-1.69045873842374
-2.80733854236915
-1.87614027115403
-2.98016138812813
-2.85627311236965
-2.35080431201688
-2.30448585251224
-0.473933754118967
-0.591053063967651
-0.2981199337657
