-0.409843079296047
0.347485014323121
-0.699289691570739
-1.94518797847847
-1.31437608923447
-1.03526368506584
-1.52505431007726
-1.40930123231021
-0.238199536058622
1.16787352629935
-1.23751344769188
-0.107227690701575
-0.664036031943791
0.0242059149111716
-0.0511676315242308
-1.01774263890169
-0.304752287033228
-0.254517506494818
-0.192746556363962
-1.25792085434193
-0.0782612434225075
-0.343173913339696
0.462097163394284
-1.03281146128647
-0.687770181118476
-1.01621173341769
-1.73374396144638
-1.73432034938705
-1.16901297125244
-0.897915865416213
-0.503253144411998
-0.899601776776408
-0.270765842374795
-0.0586874536976513
0.816701036637855
-0.487970234570141
-0.546376828999372
-0.169567886233991
1.21893020630258
0.234464629190642
-1.56719346345238
0.000953360416116069
-0.442895468809249
-0.115007981051591
0.102328653419427
0.188841602676309
-0.51515662758432
-0.860095869637686
-0.917872705822023
0.43387388217189
-0.456850963707926
0.48032883455404
0.533422520060843
0.422697973469706
1.04512615962181
0.608546439406576
0.683375422671458
0.7086042352417
0.379293982146525
-0.125299481120613
0.182190189432762
0.42984518914759
-1.14002053191127
-1.03406074520603
0.265061966864361
0.424663751482665
1.15365223741008
-0.301235202126133
-1.63945373563351
-0.48202135425021
-0.677375068131765
-0.172429584285163
-0.93423999467757
-0.837074396302197
-1.07321593817217
-0.699683408776715
-0.0863597958877814
-1.0084972360017
0.91046082966789
-0.746683312079189
-0.84224486307102
-1.26888554748766
0.254058020074793
-0.490293239901872
-0.93347878699116
-0.58398262201761
1.22907543955926
1.28760742844586
-0.317795032526421
-0.485715159934024
-0.472334146567187
0.200818828595954
0.0605699244198639
0.297085434566636
-1.24758035340164
-0.367088008405416
-1.16902885900921
1.69785311802412
-0.688803708701459
0.464605087096255
0.417253971630717
-0.0626386656145857
0.359563551749054
2.29222983443642
-0.894039581441952
-2.51683094614038
-0.819911259864881
0.924418435084091
1.17827421764184
2.10598119393272
0.232556223895662
0.793873998319566
-1.71843034159075
-0.239359848404088
-1.039712702042
-1.7044775077277
0.359193707184073
-1.58179133312722
-0.553273184846048
-0.352328446013019
-0.899256271552364
-1.66174560282962
-1.36480663808613
-0.619141333566368
0.586618050652158
0.0455007339132063
-0.168661423995996
-0.472854681318945
1.08154278985719
-0.832007395971917
-0.92506306371542
-0.102902046134113
0.789151739286162
-0.399987301998509
1.81234390787565
-1.46681357600015
-1.60804691916994
-0.566213551396941
-0.705369676396726
1.43771703848206
0.178432775369989
-0.275351295141631
-0.901241847967406
0.492181552902989
0.584563665831511
2.55223032695537
1.26609737168296
1.28365613617323
0.744275045752789
1.88615980107155
-0.779981826100307
0.324224584895589
0.179861881015587
-1.61108563487969
1.03987574911069
0.863882704844163
1.35117801118604
0.536185195245911
0.451700185756059
1.26185493333189
2.05060868026354
1.61816032834924
2.16463619836544
1.72781866249054
1.09211465743319
0.515992957698138
2.0738507792642
3.0294770133851
-0.496887854044139
1.46336679205954
0.430146825350402
0.900313489319813
0.883653872724147
2.03946607430274
0.738991079679257
1.63823973811745
0.689425504815402
0.690343042284466
-0.989964003354566
0.222412022608168
-0.0469551319741945
0.818090208978314
0.560050800628321
0.629491105922646
-0.786631365857645
0.026408974015345
1.72121070439895
1.20490601655605
0.465205087031479
-0.807668374207121
1.21634416165527
-0.121859321218337
-0.0180533171022218
0.0020483056686006
-0.940825783329176
-1.55822127426387
0.0870342699278673
1.70444856202249
-0.321340351883063
1.42651934158162
-0.653459881113246
-0.0259953662978375
0.656800412461106
0.837030679230278
0.850403531660685
0.388714532333919
0.449807807155074
-0.969130308454818
-0.978117917881583
1.25433867537537
0.383485122384622
-0.477835438811487
-0.750825454559168
