0.501115044740865
0.53072981650723
0.735569447732928
-0.195041848640212
0.972212221049561
1.48284428357047
1.49989148320372
1.33340731240422
0.948642309935923
0.552848697504956
0.274483010262452
0.395235227475665
0.520990639587288
-0.0994191556245697
1.36226995614474
0.720174822920579
1.33711670593545
0.497154196739674
0.128279544534483
0.98132193378359
-0.141075791053313
0.528108763211428
1.48692948683048
1.71424816571968
1.12744493752777
1.20258457672168
1.42241558032317
1.18295731480242
1.32154659382066
1.44895252167597
0.836995504641747
0.940346148955069
1.59583208801737
0.402435217913148
1.42129111828712
1.19500406690695
1.44625058697661
0.785254823534296
-0.870577792313138
0.0695024481735381
-0.476865169001232
-1.1627883073743
-0.308350207733702
0.587441965501582
0.156205543894078
-0.364571568101751
0.701569286222243
-1.61974850682268
-0.274025676526744
-1.89355652796657
-1.4178949659572
-0.870951293349361
-1.49255941635657
0.975390458746886
0.246622193135718
-0.774009353671088
0.454919041679101
0.134762747218553
-1.22618035856346
-2.03554358683643
-1.01253640058775
-0.563720571266871
-1.12453114900818
-1.03843267103814
-0.695011858258693
-1.84340021913278
-1.89079022623858
0.621850949098476
-1.67080593051978
-0.0942803097207214
-3.21142820995342
-1.41090355061462
-0.494673703215798
-2.86555740227194
-1.66642016138116
-1.07787327631749
-0.793083996990834
-1.5768851228485
-2.33374088811551
-0.907144922905056
-0.773928823400832
-1.13117304685213
0.580054215027443
-0.738258740526089
-0.200253932690798
-0.322327486862027
-1.77207660926318
-2.7377467630893
-1.27802905690725
-1.54759095073553
-1.66813682682953
-0.201244159602516
0.246948513393754
0.637115996644606
-1.20604587669535
-0.87876069826225
-0.360005071855595
0.984305005281383
-0.493147630900376
0.223635229045551
-0.488514266299512
0.165579157072802
-0.852827148845386
-0.405834867721685
1.84342308243965
-0.954182107758728
-0.0581526065942012
0.887375391448057
-0.323297513694352
0.296220882051507
1.09184481018492
0.206003658102589
-1.07674916443779
0.259905771387781
0.6988386225062
1.22163483682767
1.32487104721424
-1.19449269212842
-0.219865411927621
-2.11901381655311
-3.00929357200393
0.464607106564115
-0.669703740311424
0.455590492714095
0.447743941344641
0.301743962503389
0.382906493608648
0.193431095636784
0.676580194788191
-0.208292543879518
0.0208075734680826
0.957311754602641
0.575140440073836
-0.341984064114098
-0.419593077904582
-0.59428724179306
-1.26839800134367
-1.39723575837212
0.726026437383316
0.802603303495922
0.551296954129146
0.872667990617872
-0.466045408318995
0.205242618139222
0.55427248977418
0.139971142724422
1.69502586391743
1.7118673637746
1.10931214737973
0.592202454967041
-0.329603084937881
0.383717914075039
-0.344394481691737
1.02919755918091
0.740848379009843
0.690411462428983
0.438479871448281
0.429663067480517
0.787638912847192
0.581617063881988
0.982479165320631
1.40018707776116
0.783972990137818
-0.35121773771854
0.201230935535566
-0.0123691831475674
0.525428392875988
0.564950293845207
0.843770565911288
0.384896771228416
0.52260092821656
-0.303738655381893
-0.736565097750471
0.406033403205056
0.406258185092687
-0.415910611113358
0.855163213992003
-0.0666756434245991
0.18456137163173
1.71117044491001
0.439705165612404
-0.0104245287650711
0.307274924947521
1.11943181267638
0.705095938178652
0.615135798036971
0.506764341355729
0.778948172882423
0.322199643452213
-0.130208903231448
0.697461241782335
0.408062745790603
0.813968487434595
0.418660298594367
0.182719537416831
0.445393572012012
-0.100961237277138
0.114158774894809
-1.6576232388192
-0.926482969876186
0.139184977277743
-0.514366077534143
-1.11167831006227
-0.801045830186263
-0.847683500950264
0.269364559321034
-0.368519953633516
-1.21998387695557
-1.2658567462418
-0.697158431687816
0.321019542460627
-0.830867635406123
-0.429879817403063
