1.61744174498682
1.1951494616168
0.933817329954986
-0.541097795618241
0.515936861993439
1.10220505309089
1.05987651593854
0.720371930296845
0.242183876893267
-2.38351151769586
0.27938491223744
0.941493769458092
1.27659419518993
1.18412581418624
1.53047535150679
1.23718289795929
1.68508709280025
0.342541922924773
1.12717671662163
1.19628566277057
-0.927285242019122
0.490176961551688
1.19557963738838
1.46830305038898
1.20871966900537
1.09852927589514
1.06059299734436
1.14991243863681
1.25279193198832
1.20794330382068
0.475802938611119
0.223410545997266
0.874665041247308
0.490592166180793
1.12960809948062
0.210198547580948
1.11569215705244
-0.0837736072447359
0.0139426543961346
0.777853253528551
-1.96548731597294
-1.04712873984117
0.986297390715482
0.945369339127858
-1.43154530085578
-2.05845028762374
-0.249282845077743
-0.96102712114413
0.67559735315904
-0.786318532787874
-2.00528273763705
-1.00377367486712
-1.01210171261502
-0.269950638983174
-0.605162898920077
0.312246069455975
0.635270791885407
0.528194908465422
-0.344348461542153
0.492776139287105
0.259003377942362
-0.0958898120021019
-0.344373433349094
-0.214521856212187
-0.450888989250761
0.296469076765648
1.2666229053412
-0.731705522711545
-0.366856257483316
-0.859501685681067
-0.405182322725215
-0.541335264666209
-0.40542363364323
-1.52752705941737
-0.778471450564844
-1.9805116585416
-0.979710619766033
-1.36729170439322
-0.345110180138097
-1.10754800604454
-1.69173181493571
-1.98363076637347
-0.161303322968662
-0.589255944732761
-0.899964892222161
-0.860727695689511
-2.23179093050143
2.4372895228028
0.268882635587881
-0.0267472911553841
1.59799411996488
0.882194777066193
0.883381768159485
0.553799830903566
1.19866240139459
0.350692778588965
-0.349183757822359
0.876067536468289
-0.52865277145888
1.01483040239884
-0.812425036166579
-0.90727961978268
-0.681328935796239
0.295038939603866
0.746951548353447
0.459137720725426
-0.680848766256023
-1.06637586948444
-0.238672331333947
-0.0451536912590488
-0.188118322800878
0.714285720779878
0.848941079835392
0.389320276482311
0.484497659963043
1.41127835107229
-1.33846897187187
1.03767041188343
0.648971643309309
1.13801421632917
1.38938158891531
0.721215388538281
-0.834582421883365
1.24761248703269
-0.209300067537808
-0.903408687814886
-0.941053620590897
-0.607769430093357
2.10340703766158
-0.617688921341633
-0.883463273888154
0.402080269597465
1.13541522065471
0.0696545156192938
-0.337176291441568
-1.02521932108743
-2.06095193259853
-1.17325434651856
1.00505078746848
-0.190485594915445
-1.72077128739407
0.0810127238441673
0.256334035196798
-2.0663849137407
-0.547343199393702
-0.659975833970912
1.73250862916989
0.79245509310065
1.04407748585653
0.135642405985962
-0.305912093579424
-0.648537940527168
-0.173483262524278
-0.297830455015822
-0.678997287645495
-0.76420460577018
0.559496238953703
-1.35175054032198
-0.188644247818606
0.239014100123549
-1.06426780799185
-1.60026735182505
-1.23970977845511
0.136002652646176
0.599905218498949
-0.759419545869539
-0.798107371203939
0.177482091521488
2.0103424731093
-0.684019077721311
-0.75675615936591
-0.711475156960153
-0.518937617160014
-0.119448754390972
0.552556477653618
-0.00307440520160009
-0.505472032769779
0.860217538525902
-0.403722104195622
-1.99676874732586
-0.101625010674356
0.729879428351538
-1.99377679953476
-0.463930674662292
0.617054512369843
-0.699030393922346
2.0284739156547
1.00813972734085
0.256808965231091
0.437501624378278
-1.3371501179304
2.22117513846977
-0.47891247044837
1.00783180879722
-0.814745689044572
-0.336603138957017
-0.303726398357153
0.204173993429779
-0.769699181270936
-0.447494620571534
0.310437593573244
-0.266369423216392
0.0998632439554631
0.406697958408224
-0.0772789443835143
1.29647739530613
-2.74734341680887
-1.0199665003782
0.110895184348061
0.593053139055355
0.312609732846493
0.0444558277248248
0.462536764404334
