-0.264237190134222
0.340962743671846
-0.0670041478817885
0.0633593225184182
0.540678462867616
1.02633851088232
0.556061613915229
0.185023316286409
0.018000158390867
0.984017026545804
-0.0350710803993064
-0.63539643953335
0.419420683576364
0.516787009214426
-0.952470651250768
0.878270106992874
-0.176861312053041
1.30174121464109
-0.879357412187459
0.785969755763321
-0.15339815094478
0.148770702180285
1.24257021959484
-0.0015832990968624
1.17442771012652
-0.368039909852062
-0.473181772867072
0.676356882051608
0.796467030529157
0.286530500735958
0.114539909308473
0.201904915673754
0.198693903437767
0.104792083524075
-0.860539074240297
0.113440760924712
-1.02871281227514
0.100100005482033
-0.925538142641712
-0.138177034525363
0.474744938042938
-1.04881807996948
0.606040299674275
0.530255828158644
0.553079052531559
-0.637066518483073
0.122736984194011
1.7122493962113
0.487048956910305
0.438208934149958
-0.836511246315412
-0.329629410248504
0.582086428135353
0.854856017935233
-0.679682682743976
-0.913711784833468
-0.449981993762002
-0.327719148371328
0.255284028892015
0.683477350010845
0.404078854266304
1.33695594974279
1.09753939781314
0.459200266763068
1.47935141730836
-0.151980405907205
0.235453003196576
0.854732257853211
-0.678443689687571
0.7794846182894
-0.181855430450278
0.798381778941991
2.22829912979245
1.25686432938514
1.18840750690772
-0.0462024950971926
0.0959630937892169
-0.499341369610755
1.66831828379292
-1.78696593057132
-1.26679679796931
-1.79421373013934
0.599947018806999
-0.314860385566165
-0.339602028039822
-0.669625724705129
1.42372457716429
-0.763974627625722
-2.00157567858057
-1.99063569956163
-0.604162010386451
-1.46605197371718
-2.04008940279561
-2.09655752574587
0.635206035155427
-0.327014265647502
0.866501058599826
-0.336987544412943
0.149314567063143
-1.81294289234354
-0.554105244136427
-1.669862589021
-0.745064868392385
-0.323630661945162
-1.89592935147466
0.762521585808867
-1.39547299117862
-0.771134551161072
-0.715955849469986
-1.53460849712167
-0.755078248989474
-1.86504697857373
-0.316833859247374
-0.778446346659034
-1.92855114401068
1.02954529113176
-1.57568418567875
-1.70894033880681
-0.483239403762536
-0.822577869049321
-1.34532954156094
-1.65089464564009
1.09922184870251
-1.1244653738497
2.32194485223179
0.969112768419477
-0.360816348011765
-1.5118394939991
1.1139224179664
1.09646936967989
-0.216769319327514
2.0680688745947
2.06224354463919
-0.980555393396441
0.442590945287645
-0.234613938896649
-0.0515966850190712
0.411213560944339
1.25397612134292
1.17452471316672
0.690318553415906
0.641279213574336
-0.848822373721136
-1.72894870230871
0.00169308386519867
-2.06774927121333
0.626516218701422
0.655974408434864
1.08179900954654
0.637615863314925
-1.08492063127504
-1.30613198794272
0.895830933858975
-2.03132016833269
-1.10263940138756
-0.898138514866702
-1.56434416521459
-0.102672476461329
-0.319258112227411
0.858980063008019
0.145284760856535
0.156290031424531
0.770493828624779
-1.73836665886738
-2.07226132537259
0.235416284071266
-0.809661498371519
-0.666622091217824
0.864411113866132
0.911134222284583
1.05702699424605
1.06594310741249
-0.0548298931301701
-0.128648537922451
1.96307788298838
0.639793534238629
1.3016777242676
-0.610856527939374
-0.00325734680504545
-1.19258995807804
0.997255064500343
0.331825619774108
-0.643675795145809
0.021611813550492
1.4408200282292
-0.773461899277256
0.994590297609125
1.3566545632868
1.15231364796936
1.11286859712114
0.821075089314239
0.130310580700083
-0.109503910225187
0.699995162291925
0.350382457488951
1.31548432689985
1.25463019939858
0.756616336696962
-1.08736753837429
1.39022038048213
1.88657503429528
1.15711865614568
-0.428991531423808
-0.280424989479985
0.716583428938426
0.23581033711883
-0.15922401285333
0.183477720634989
-0.570220185542931
-0.0848188719141437
-1.46233670283663
-0.104688283009744
-0.238781992387704
