1.18884637266433
0.844654871800292
1.05174269403103
0.645926498128357
0.749405457235209
0.941763537560288
0.93921604411432
0.928384603708744
1.36547630321341
1.43674366406281
1.04491988970811
1.21751154999015
1.01427880843446
1.14924475745902
0.988416531102481
1.49950421236749
1.44648974404745
1.25090766908374
1.40109342597933
1.05804004851683
-0.0215123810331761
0.517621764563252
0.721172633435115
0.520755314865245
0.699508995015452
0.82538894964663
0.697078687798215
0.931687415598477
0.598408112093049
0.645808583441594
1.33665298875075
0.892917414688939
0.971755306247967
0.686592658182653
1.42598189019161
0.426771508701041
1.04144081432723
-0.515896178341997
2.52774026277049
0.962608200708643
-1.88027319028912
-0.784857252784948
1.48760198749455
1.78887092276311
-0.982028289024003
-1.93665533127359
0.490632272937282
0.693950906451982
1.38561528797878
0.636430282782269
0.978025354810474
1.9750125654072
2.44468006219921
1.3544001171155
-0.549895359929076
0.50559791325784
0.0149203888124006
0.311381778864507
0.397806157878223
0.467731304389669
1.35300792945218
0.976600622721098
-0.534360295793053
0.0777430136834286
0.833318564318167
1.51326020803684
1.0649122472929
-0.329955869000814
-0.437217892459575
0.893759400650808
-0.629666500344849
-0.260477429816218
1.10885549721259
0.894061590316318
0.0271346348940271
0.133828006023131
0.164247228661398
-1.51381409583537
-0.646256694205032
-0.0512176931319515
-1.05869765286588
-1.16857205088392
-0.294158437730022
-0.60440568007008
-1.3384993260721
-0.644028520807754
-1.01322399015496
0.651062759727175
0.529151724623743
0.403134650931414
0.101663389882474
1.06921403489164
1.22170069737957
1.3146163400542
1.1574496921337
0.868149486122338
-0.553207370147083
0.264488574199892
0.298223804824123
1.08129266462964
0.138461601166428
-0.701720686368526
-0.315716913547876
-0.029270815105472
1.6842157574215
0.9139343913856
-1.33071973808098
-0.423547155559036
1.0441221306381
1.44154105463093
1.01165155504465
1.74365415673021
0.37833687130374
1.30370984216373
0.391305589789286
0.465242235846701
-0.806859294869031
1.19821460826281
0.780347778541234
1.00373422640385
1.23933008308881
1.105815210281
-0.403707176071487
0.172359962810189
0.233868522944501
-0.143271241760256
-1.0523783926615
-1.41762502630796
-1.35705745782792
-0.810366681710327
-0.933467905909019
-0.196044618986731
0.0922226041446481
0.096351661984401
-0.596833046686632
0.096589801659695
-1.96555912490294
-0.422649190385449
0.095941325665214
-0.800557041346638
-0.509666297823445
0.879606380396841
-1.3569465996269
-1.74552398620885
-0.957964749767457
0.57743821305149
-1.39217839820853
-1.46168701217757
-1.37353241676814
-0.463481911610417
-1.15138772175429
-1.20911549253787
-0.962160559763683
-0.846162099657233
-0.367066163549817
-0.223086938285676
-0.809510236427644
-0.927056589348979
-0.441497628925445
-0.170983732262922
-0.934114404333869
-1.58172190467529
-1.07600558291333
-0.215245017538975
-0.527139254021711
-0.836318614349418
-0.312056416390778
-0.759683125057264
-0.416447279659347
-1.16225663818454
-0.577902922906165
-1.37665655428423
-1.47289702994623
-0.624035744334709
0.223166568956439
-0.617442546906576
0.236489874421049
-1.77138362664318
-0.55407217440481
-0.536146892249813
-0.422145074547279
-0.969118606053913
-0.57757445137985
0.0232821686444099
-0.737621944825766
-1.25269578613849
-0.271494821499744
0.451626437060616
-0.245898948468174
-1.27902400838197
-0.12588835696708
-0.59749088449656
-0.355198660206102
-0.191751505735593
-0.973860807391173
0.129592232235382
-0.295131628759226
-1.01749916478264
-3.37355132283012
-0.778768922705266
-0.345463221221397
-0.950579841073132
-1.92956885541963
-1.17142156946048
-1.03812161992507
-0.939956225935421
-1.14736409325858
-1.37413853753606
-1.30962732411243
-0.69828565415812
-1.09858516941486
-0.971965484258273
-1.06158935218342
