0.31483110671902
-0.0222478938912169
0.169295518315326
0.679017361953572
0.568594574331595
-0.0156453971623657
0.11956789602146
0.710267121191807
0.271676558901706
-1.07098569856285
0.455560300949799
0.166641838666895
-0.0951757064799076
-0.204805562272953
-0.0057496334265809
0.0600315606457339
-0.126927919855095
1.13709075826649
0.201415535845685
-0.113637057321149
-0.34514342260942
-0.462038617775194
-0.551683327480122
0.199324461841005
-0.0645688484392824
0.165821392528718
0.423867156918339
-0.182384948277177
-0.00655911362753882
0.389570351600767
0.667556964202838
0.700884914897992
0.286687016802678
0.126259250610087
0.550426381416382
-0.016366494915632
0.484637482370707
-0.423491434747256
-0.719505450857472
-0.260583415943568
-0.549748539965055
1.24873782634892
0.156436291066726
-0.163992256722797
-0.294999918058807
0.128029051036982
-0.304578118801148
1.17530624048552
0.0772981524087958
-0.508327605804734
-1.08783358999048
-0.0688442006391143
-0.254001210397221
0.698272484003213
0.238890881039673
0.0492122142537053
-0.244149850191099
0.0610047611345151
-0.998290937519072
0.202031418223235
0.029854480848643
0.583158243401632
1.39299707106734
0.677618681013766
-0.0724585729476579
0.276273055000902
1.27049593881921
0.147940375386992
0.283720000293698
1.24437778250144
1.48557192612663
0.593768011973972
0.81648386881544
-0.0935107647531812
0.400815298297234
0.0443572929480068
1.32801482958794
-0.366947070210592
-0.0726142818765759
0.887686483760767
0.299427689776371
0.462162575470663
0.4921015913301
0.750452710144315
0.665622821232747
0.889049316327385
0.0562026413917363
-0.366403681451661
1.73025178392641
1.73227452622058
0.606297503498236
-1.18776700673136
1.29585231162919
1.51287445794885
-0.995338391376762
-1.09763786984885
-0.0138360612785931
0.969483944550934
-1.49964430630915
1.32155945479585
-1.4085230272061
-0.323557704118888
-0.311593006731765
1.46167183213883
-0.821339439474409
-2.39284850656002
-0.771844292671419
-0.469639887273238
0.854325085740355
1.79062725906651
1.48470544720393
1.00795482655127
0.0467148390536099
1.66406835572901
0.552466939010943
1.56643526388931
-0.36855041071556
0.93996240208819
1.44672519935599
-1.41020092814791
-1.50195535924347
0.222262314612842
1.26322078437858
0.996729153552963
1.29261617516821
0.817956127197106
1.09753870216428
1.2161891990774
1.75469218778096
1.0894843301642
0.91541492617466
1.53681336288093
1.56527468700788
1.7261800923821
1.83739880300677
1.7774046249123
0.284182728794169
1.74063222931345
0.342378036379042
1.80564001673587
-0.922124766035005
0.624849258866685
-1.23957516919108
0.106300345875271
-2.44475114943442
1.242882863157
-1.28486306931034
-0.499029361284692
-0.9798596951944
0.866244341629791
1.43455587746358
-0.434391587578752
-0.945806367358636
0.435840124682364
0.634481539327744
-0.880147984512268
-0.551332305925891
-1.35196585565747
0.0204855313885535
-0.431641084997998
-0.144149409757649
-0.195325319489523
0.985273215807934
0.350060386495074
0.291042112088699
-0.429557802877331
0.398035871445257
0.197461210106592
-0.402692185488872
-1.23264407843903
-0.527284100263822
-2.39132029085516
-3.11259600705423
0.263480750539503
-0.72723648121854
-0.786541027260926
-1.30245573364788
-1.06068429829603
-0.823339840783593
1.0813359074346
-1.63287874067466
-0.970602412844163
-1.41830333924695
0.569878010628977
-1.31663839191711
-0.893372966870001
0.00932758362567878
-0.0500997986455467
-1.18322699039902
-1.39852759427476
-1.77729466952636
-0.0404065556237514
0.354667059966844
-0.548077443984924
-1.21479072978034
-1.17468179741614
-2.18810477528887
-0.540668344111852
-1.86555662285226
-1.1025846408162
-0.601670584530013
-1.50421448186844
-0.0210114266660211
-0.722954539620907
-1.14449476487039
0.737305672207942
-1.08134562598331
-1.93911552288332
-0.804274255626289
-1.3798343562938
-2.87670295406698
-0.591536051911015
-2.0394029961682
