0.147656431925436
0.387837173601604
-0.178058694155207
0.256080164504714
-0.581238972307523
0.51677739827036
0.493841026069879
0.536146332926888
0.241159843561512
1.74458072368607
-0.0769869281770456
-0.0252577745899485
0.038902372183081
0.319817431887371
0.389462629441693
0.496345273168776
0.911326679548974
0.280328527905118
0.478343388427299
0.615551985841179
0.210269867019263
0.376473220707238
0.222884030230084
0.93518663379272
0.544503248392073
0.58268257646931
0.467728311871177
0.853904057103878
0.638757631094911
0.729630673442668
0.381502827677408
0.632530588677505
0.425542698455782
0.420922658872445
0.569020421673148
0.727814342099424
0.514282505287905
0.578999728199986
1.78159501559231
0.873366187582472
0.823714989646352
1.59871067143408
0.00121406849939725
1.65663758379031
0.57339809210123
0.916043002722033
0.67495056305169
1.23203857078167
0.823519325676307
1.9287488329671
2.25809353280875
2.40037822021465
2.5571447710425
0.322246375464472
0.19498652546003
0.758624903493894
-0.375026291937748
0.0251202462899233
1.39874025226357
1.72526307310019
1.48180959376714
1.38543829037964
-1.16979729678717
-0.56806254772231
1.1756752009903
0.608251213019727
2.10573020477504
0.314874892450455
-0.751285071498022
0.230736705243654
-0.861074728338084
-0.976734145580508
0.953935381074043
1.14363136269999
0.859047087116827
0.379285219006833
0.92855061627809
0.154715389762393
0.897354596214012
-0.0508174633491174
-0.137705237262219
-0.567198003760739
-0.0527263487950342
1.11726806230164
0.473234907846931
-0.431483812236118
0.642260335900351
-0.0973515125649603
-2.67038267155961
-2.25387181245955
-1.80178693402995
0.442490992165018
-1.13336426605923
-0.170209216468907
1.10048625362098
1.42740847651705
0.584041130710695
0.895406021425363
1.26907603682592
-0.75464708607044
1.77732560392944
-1.26604343542255
1.21904728108019
1.193325718609
1.38645448187806
-0.494217611679299
-0.988233985833475
0.136228526450159
-1.09443700388995
-0.924449299017052
0.487120828510372
-1.16351888451124
-1.502232200629
-0.772505649990741
0.44030358559392
0.517386071004032
0.490725897039033
-2.35181004258382
-0.731299984656044
-2.10296326967189
-1.92370170090572
0.654453909951422
0.197505261439278
0.646015002687734
0.545410765659549
0.0826159446957325
0.132492242224133
0.941535010726097
0.743548031789806
1.19504909598462
0.633577319990793
0.22670521305875
-0.265598787779048
0.816771621274177
0.0496340802342337
0.891421899786376
0.406688018575986
0.0400934132337465
0.832576182655701
-0.511317611562492
-0.108164328391316
0.417611420279379
0.142080546311786
-0.010000781228957
-1.37357045161602
-0.905070059324432
-1.99617693894928
-1.12379957411557
-1.27331839970474
-0.572761806819144
-0.400353063224682
-0.504216667962973
0.603480174615788
0.227840892370954
-0.488673417298493
-1.13305433131129
-0.148658339117899
-0.474930944090178
-0.160556200320088
1.05141816832188
-0.227784041140938
-0.576054863505895
0.0952882376234429
-1.09360533770309
-0.250120326666394
-1.18095078246073
-0.655005712128434
-0.193501040557609
-0.671866540023349
-1.56468236348123
-0.558244102830672
-1.38774829252134
-1.07628654943087
-1.18118845999145
-0.117783479643562
-0.361384769667628
-1.46679046174566
-0.198807792654827
-1.98892279995025
-0.0765521108024034
-1.11230636919399
-1.44711006292654
-1.51332083264178
-2.3666088894163
-1.31575503390092
-1.34500380200748
-0.224947394314166
-0.467464298639
-0.740836070162222
-0.848646297172244
-1.69965070522678
-0.384703857226577
-2.81230822436453
-0.58764173107755
-1.60865880746785
-1.40580249503528
-1.60339434201182
-0.514200625970564
-0.923327791821176
-1.6358865529754
-1.4265848156958
0.686746266667238
0.125774100569151
0.355060107655429
0.0772821139802865
-0.272959200394123
0.309157295472438
0.677502146743465
0.0492681548836536
0.653561978053172
-0.277362998463943
-0.538840745731941
-0.566815431641151
