-1.26330187211338
-1.06553658418878
-1.41693391734129
-2.17539398308758
-1.41850633530498
0.0260871965795107
-0.0511792632263441
-0.401732180637229
-0.22109457267564
0.956080283742162
-1.5401954531058
-0.503993746445403
-0.97256852531056
-1.34120442652805
-0.844430734831173
-1.07939860442767
-0.169347763123833
-1.05674493191568
-1.35255508464496
-0.190192623174424
-0.773003734042964
-0.280496849927061
0.248245748346496
-0.466154596790464
-0.953413957893088
-0.580119269381744
-0.764400929385618
-0.840953169218332
-0.721580104263054
-0.84542750053935
-0.398364871887653
-1.70602001206304
0.113190275515977
-0.441681853800839
-0.158170394312424
-0.638513255601693
0.310009355204909
-0.37152257799775
1.53478981659103
-0.0674234113755282
-3.04828156492748
-2.66598401085784
-0.301909231988387
1.65727791923923
-1.98259618600526
-3.01807656577708
-1.72544606487315
-0.836404505799055
-0.526928782107824
-0.796849486343808
-1.11732940041016
0.290994487457827
1.68665699470327
-0.430166790931437
-0.532307618864086
-0.475124057626185
0.204699497834401
0.30236356362761
0.926165028998939
-0.395180146723076
-0.798337464937071
-1.14739536661351
-1.890036222166
-1.50971153913584
-0.840165665144259
-0.814129546146051
-0.722612726044875
-0.263802280653216
-1.67846387076161
-0.661907137194345
-1.11291319128355
-0.670516111216624
-0.900476717293664
-1.18606117308781
-0.60844236406715
-0.789777384666085
-0.844627924265003
-2.24436280775323
-0.122659709855861
-1.26277246784639
0.381556536316491
0.39864973890238
-0.125414923407026
0.121201894516454
-0.15649101885293
-0.471174440681272
-0.0638542589207722
0.391173682784873
-1.6660931092043
-1.31468052794719
-0.986776937594562
-0.456532846639591
-1.09518171683085
-1.01374429616066
-0.203863574088091
0.149417535756782
0.748993394148241
0.312860024646705
0.311468633993054
-0.769471652164777
0.0243382057030664
0.352992020238015
-0.151701904646541
0.862441459257556
0.251356759669808
-0.211233725387013
0.942899752319502
0.528449288893808
-0.889125145767587
-0.340498189732462
-1.1245332553881
-1.3271845032059
0.600449084229123
-0.995571405007421
-0.721179348987444
-0.264372458892916
0.656537240094767
-0.759626362848671
-0.487310748314599
0.755458145719722
0.644724621358789
-0.167315480892477
-0.700727585093163
0.50419757755841
-0.495429779565467
0.0344578388151053
-0.534613025872314
-0.126154157461444
0.337507819595161
-0.835854761669939
-0.706116619694938
0.295166914166874
0.361125670159162
-0.819373649010015
0.635905624716119
-0.511957407496696
-0.732480942905275
-0.31737252627389
1.13855614445598
0.465765020291877
-0.792970271349603
-0.324134161764802
1.15514990547557
0.146552959304668
1.08207590797795
0.297461308431675
1.43808667336324
1.00175423227211
1.22058297954806
0.423815548588691
1.45370072400893
0.958604552245318
0.994699246697484
0.921901388945577
0.647159050267987
0.954421938940017
1.51283664307789
0.698171953335162
1.04435807396366
0.334651953926475
0.924460446940009
0.890254992924687
0.87947393646991
0.349823596352524
0.977179523573954
1.01027254995563
0.738190877751245
0.450808376895482
2.12296681068723
1.19956121153909
1.04116817663547
1.35316485079103
0.983080085343377
1.03927733328351
1.40660567338189
1.24648391323803
1.48411475477203
1.18025581223252
1.30704215988982
-0.768093814179841
1.32868781483759
1.51214230276571
0.505702781267837
1.08040065562291
1.03990359900936
1.28478709226545
1.33639537558615
0.68615118577724
1.29084238698109
1.01496992796806
0.715047000019451
1.00523616400331
1.2372321712548
1.4529048246469
1.03649481400924
1.5847382933804
1.47959301242528
1.21019366151078
0.968663285927206
1.14967884126992
1.27593858034745
-0.0823991539408698
0.0427071268247018
0.309187086783328
1.76131982342142
0.946347694911064
0.158776073465001
-0.45500500988984
-0.140784001583922
0.295588836080029
1.41682408629096
1.2939437169739
1.34493273844222
