1.39012097769353
1.88751107813494
0.620965855338929
-0.956472993601278
-0.537019841344844
-1.0916112369349
-1.14205040290559
-1.0148511122053
0.356051457365971
0.449929168973213
-0.633408707037398
1.1414931285182
-0.322526718705765
-0.398830458333013
1.86911469430399
2.61619739361526
2.7869741898301
2.71532310609068
1.31674164204702
0.866385394932747
-0.835065379097458
0.149474383894609
0.8086228435798
-0.32847115400288
-0.67817946030083
-0.790439497513995
-1.02722184003636
-0.0106154497956954
-0.0851755931619216
0.493556105132079
-0.632428468783548
-0.806788718912159
0.373935649893916
-0.317799040828645
-0.398712713110949
0.727018506137883
-0.0972118674703053
-0.235562632534941
0.592245822884151
1.01292824810506
-0.788318812023128
-0.0814771021238235
1.59180100940482
1.35170405527215
-0.772047467258262
0.283006531206509
-0.304130269627509
-0.0396803365850829
1.45514792115864
-0.408374985575748
-0.218756420852167
-0.00371219743515097
0.435493294326075
0.585606863915307
0.981930288740927
0.343826640443555
0.667323648380647
0.393291277741414
-0.870751934968674
0.15167851861627
0.307415707065455
-0.191556234788009
-0.699960129664973
-0.611313847855786
-0.363184524801356
-0.485494081730826
-0.037016197919088
-0.297632417196839
-0.115163396148469
-0.334481154528911
0.18637624743294
-0.207670041517622
-0.147629804160629
-1.03614643234608
-0.627052791587484
-0.986444333493446
-0.0339640826359259
-0.2045431219335
-1.02963527575542
0.166502208390121
-0.361094088726852
0.523970938858428
-0.90384602934207
-0.396855985203454
0.577367996719133
-0.551607474199171
-1.08865851108893
0.896696485496077
-1.13822139897647
-1.12781134478528
-0.697652773027267
-0.980829465834647
-0.986650310488186
0.650868245601193
-0.457107948825787
-0.343125480521417
2.9084392512664
0.313926416695165
1.82706230318759
-0.0840521988174033
1.47679542091033
2.06339202864245
2.81993623610296
1.19366878055502
-1.02725234047069
-0.233273958330473
2.79389603418102
3.60153771542201
-1.01763734319969
1.18061290795886
-1.12412497785771
-1.13949803494859
0.731586295566599
-1.11948561531803
-1.11141730162322
-0.937912849405906
2.00049261223116
-0.867924449914444
-0.989769187602174
0.401857829510455
-0.602608010903668
-0.972779028651074
-0.806822570423045
-1.05798966086406
-0.685051522989881
-0.678572054638999
-0.514796044758698
0.241465877941012
-0.608861805835153
-0.988928555827407
-0.199875688470462
0.0888099303396014
-1.09815752680844
-1.11584106380257
-0.858324877953178
0.214035026877483
-0.668860291139998
-0.704905988803527
-0.936507043396589
-1.00603173340078
0.0828965742740254
-0.325982249577706
1.77954089964031
-0.859882251050704
-0.814450844869027
-1.06731720049825
-0.465498313268873
1.72888933212944
0.332556651149453
-0.243982574274343
1.08156063668169
-0.709215922722168
1.70009462658714
-0.889992514917736
-0.188526372741345
-1.09115668913703
-0.938881226473554
-0.456226533578088
0.657500171726863
0.799073682145104
0.103759313524561
1.94052103887275
0.28571155453168
-0.923542583827594
-1.04238656366067
0.696124998065312
-0.861666574753875
-0.983316076196018
-0.484557812193669
-0.80696449973172
0.159201911233009
-0.748983324092598
-0.592814036957198
-0.934580682132568
0.572683471348081
-0.775517946905016
-0.478030081985614
-0.118421680752966
1.15172950869463
3.38382290058579
-0.226070852483466
-0.899461210369522
0.0395684086658581
1.83115889716367
-0.596926532410727
-0.101248494800279
-1.03812593018816
-1.08949093524208
-0.748119722222822
-1.11052202665321
0.191275444484319
-0.651008674226329
0.908744740217651
-0.642578264651675
-0.401504746298866
-0.119406375878601
-0.305483991368231
-1.13571349748829
0.523286666008273
0.926817309096068
-0.984222515076383
0.861597078564793
-0.714572638018155
0.881710886868888
0.826900260376291
0.0572758607156987
0.852822631081574
0.800334243197717
-0.717821365555105
0.573939528005047
0.100343148440398
0.193744419326199
0.10417656150513
