1.41124273062202
1.35522711374042
1.19365944864951
1.16179957905983
1.50640870993959
1.06411517000565
1.09250444071372
1.24603430320636
0.699967687652984
-0.711043610102294
1.54649500028703
1.81500904515818
1.31804067881364
1.15972341548176
1.28602078552345
1.24318124466221
1.36711276984504
1.12341737660588
1.50983949564631
0.879773802020733
-0.16919313396134
0.305421880765174
0.709929880145946
1.18135554027806
1.2814994846684
1.28135293803731
1.33544795481854
1.09225366623212
1.19990705990304
1.22147721123022
1.11350255351395
1.30684228020378
0.336009709430155
0.450544713823399
0.991905046160131
-0.0833954433461906
0.155450229403624
-0.25912074967749
1.78428727446297
1.56102143275818
-0.542523474744053
-0.826082496901428
1.61188138396946
1.67602351471678
-0.266637452530843
-0.975671969293034
0.124620403150799
-0.697579435538571
1.42025307830874
0.171877406804043
-0.134563381376852
0.401437069366767
0.809045820561253
0.383987657343505
0.431775319865475
1.00402172498297
0.984783236914959
0.971757192539566
0.48939207994697
1.40067584606698
1.52398461810786
0.88789744866182
1.7251492143865
1.70341519540131
1.02016235953804
0.921841167284139
0.912045159002745
0.70700940834897
1.08359724375335
1.21917915936841
0.739432562577241
0.859163996895797
1.40463864976757
1.47593640513058
1.30587648498329
1.26507135345728
0.57894148199118
0.098995659212099
0.468737608950377
1.11890223460014
-0.144948702053468
-1.15721197600176
0.697767681275924
1.08932765839721
0.586907706709746
0.638009878514433
0.114278562868044
0.523321183599449
-0.632235252990559
-0.0127273383773699
-0.184077130320782
-1.15907495534061
-1.12992965600547
-1.18429899097144
-0.906492426349108
-0.331386707838494
-0.773747690506263
-0.139887874131182
-0.666058138972354
-0.802656743927784
-1.4785449460995
-1.43625064844299
-1.01666456528625
0.219735267985013
-0.635847891086709
-1.84167982500126
-1.35564302760674
-0.507503168791445
-0.340202269989426
0.269892232562412
-0.233709853187744
-0.960904249197721
0.357641844155917
-1.11487801987076
-1.14927042305129
-0.717609129680382
-0.815926254354578
-1.33467577645625
-0.807173995902226
-1.84435607454314
-2.46699056937869
-1.80308724746619
1.154772300155
1.38809665954231
0.968416812176776
0.110975536107367
0.746002890991081
0.213824129616854
-0.912257369096912
1.40880662421019
0.872662981856147
-0.113657627314562
-0.283640521818886
0.548436151909127
0.742713971695987
1.32279637204017
-0.619225541178085
1.32988067890366
-0.953406954177818
-1.08891244034035
-0.807500927495101
0.935210588635306
-1.0064665419544
-0.594485364238301
-0.490574379144379
0.110746597591052
-0.897226036128963
-0.587235981342401
-1.15992989621661
0.00429524572270291
-0.740614614702654
-0.999204260708779
-1.40805794615577
-0.94794444240967
-0.129138314429886
-0.233637962057313
-1.01009412148097
-0.389184180387559
-0.613185957073582
-0.258381687123713
0.243361010584025
-1.0943876237916
0.372687472815549
-0.707842573540032
-0.712753606184142
-0.957611947231487
0.315591435949304
0.118773674848894
0.351119290999212
-1.24708053305874
-0.90130221326054
-0.949373956314465
-1.80352736308871
-0.667435868936862
0.190941075033053
-0.964858023624904
-0.8763483458441
-0.418367085684239
-1.09000307561901
-2.06434184218003
-0.823029630395017
-1.40805794615577
-1.09758889733134
-1.43913897153394
-0.975358753964579
-1.02483372387735
-0.315349481870915
0.106610196306624
-0.910299944720384
-1.80234272829815
-1.51236372534893
-0.777160248628666
-1.53232240827167
-0.691083962088649
-1.0046560125124
-1.16595026885711
-1.14979758706115
-0.317471497368217
-1.61514161559893
-1.4408604133506
-1.06434019894879
-0.100391285810097
0.0380126639171124
-0.0246201973015642
-0.540775317268296
-0.152023103240871
-0.98124237171699
-0.275977368139497
-0.246553214346177
0.0514333225295334
-0.330083484689166
-0.626635581923758
-0.53623076702492
