1.28346842967909
0.583797838892704
0.609078248876694
0.0906389702991941
0.745483757897947
1.8178840394991
1.7358595062453
1.92099406978828
0.405897493344253
-2.03589214070935
0.480761728628633
0.847288974427974
0.540161515138977
0.420602522729491
-0.340777804181939
1.19987471623409
-0.00874281818278132
2.0611347861523
1.45330012207539
0.946853099420839
-0.273836427300412
0.394784880164032
0.048909559972635
1.20472200303837
0.515279917857905
0.717468416534936
0.569236728538862
0.535341528290106
0.788379856900375
1.21845388289589
1.09654189550782
1.14948740612762
1.13435999970068
0.791467580686023
0.773322672905922
0.471195007759917
0.45869881234422
0.36718672705286
-1.52741993618622
-2.24498939775373
-0.477272366724725
0.026787671217117
0.999916391110242
-3.14060765679344
-0.527258088846021
-0.410635234674441
-0.792147695071386
-0.0614654315677033
-0.0730555885683473
0.786277239181455
0.644762593555614
0.616224757278442
0.642282146136144
0.642122041587083
0.315289239015343
1.05689380717612
-0.346539625630811
-0.204321952707817
0.527178460515575
1.35668945892376
1.07911675942413
0.579653060205065
0.787265413361745
0.320165674437664
-0.136538283598416
1.11575145712585
0.216988210460659
-0.87867157721912
-1.19315687958886
0.611804169820389
0.100103157837142
-1.38065695719364
0.7178320356472
-0.981889844713832
-1.013776468859
-1.26548630125761
-0.13474026943112
-3.57855388081357
-0.754784103975244
-1.1848953163774
0.0428639117495584
-0.128741168884145
-0.717757500874759
-0.854701721422618
-0.64575471371211
-1.14530624676919
-1.15052914907043
-1.09864000063579
-0.651948916990865
-0.345437237301871
-0.856499300932247
1.09236613464866
0.111956218918399
0.569674942248644
-0.726399697691007
1.3186439366725
1.02343374113389
1.14768445394456
0.547762386241879
0.801970617466918
-0.7219904447371
0.324552280226171
-0.133683154573227
0.612154837722441
0.902794272930059
0.44476638790587
0.06951154859819
2.44864227333665
-0.412511021264398
0.311497902740089
0.0189198637463891
-0.0534024150863562
-0.945383480815221
0.625823493087871
0.623487344110492
0.939306172855181
0.243479220582931
0.219118999444488
0.340220057727753
0.262781918179036
0.751545961129842
1.32266221825329
-0.134609870296089
-1.84271786296599
-0.783202129538354
-0.405357107978631
-0.787330716312607
-1.10213123547072
-0.831953558647985
-0.205153136361715
-0.0066683475486292
0.464574297494873
0.542015270844507
-0.694095077101397
-1.52906855528352
-0.606036650191408
-0.955692302328009
-2.29818324636333
-1.89047362320019
0.316009101327286
-2.98999197216627
-1.02561630964845
-0.00754711531101764
0.221589424020016
-0.0610020005523302
0.930896708032236
-0.18755965754124
-0.356705885342702
-0.332654752306474
-0.119552784062553
0.982938834708075
0.322644085770185
0.819981002583357
0.668310129993656
0.424825625600628
0.331858946195554
0.238164696018288
-0.0688667108715017
0.275526954843794
0.209826048105663
-0.00613314178291102
-0.795476752843875
0.318302424781982
-0.302435716073341
0.498817237024119
-1.3039243243711
0.0510306923773719
0.591009253896153
-3.13944971685673
0.364859541160817
-0.391826550348479
-0.690970666653008
-3.78573335092438
0.359322474836354
0.191905704585636
-0.605281559044533
0.622520089814882
0.19364213591282
0.384824874404124
-0.235380556663235
0.367475280768677
0.327731700571394
-0.316306175129454
0.570633295064039
0.845528002555389
1.15428959543686
1.13963488944507
0.971720946055272
0.299733962558595
0.417483778905545
-0.317344444922241
0.959648158964215
0.141865417354927
0.748644938053968
0.0495134055502572
-0.206085802095298
-0.466408369955055
0.113414165957762
0.455342762481574
-1.35161482244797
1.72740537434165
-1.24199894237888
-0.329104555366744
-0.847227269562061
-1.74112463846631
0.508158375492279
-1.59834712551269
-2.17620250764432
-1.43635854720575
-1.39954627230887
0.410841599444621
-0.951175148917119
-0.758676955007893
