-0.841157086509291
-0.354512986523853
-0.466864652711386
-0.505558444934952
-0.64043800407834
-0.686193675767135
-0.670057032851715
-0.803332161822521
-0.874923859491655
-0.483281199966544
-0.153317023020432
-0.755098862293058
-0.9559348914457
-1.06541974113452
-1.30058685221303
-1.06899601812913
-1.06719321953611
-0.98013224335332
-1.20707732604439
-0.868240936530479
-1.27339257801433
-0.730896360585995
-0.720403669343541
-0.472202857612165
-0.784729032534311
-0.741699943491849
-0.543887147990165
-0.829057854036075
-0.761415795373914
-0.564049637797795
-0.980486686565042
-0.307942910877133
-0.910504586500638
-1.16089897556837
-0.785536418303098
-1.06801103528973
-1.32732608471357
-0.327465630554911
-0.921361317013601
-1.08051558153558
-0.997335850551064
-1.39620474605274
-0.693449241036712
-0.981479203600738
-0.882665892366472
-1.1037368184502
-0.646813434837063
-1.3560226585241
0.136965747626908
-0.552492292342591
0.177273081668431
0.932104090040264
0.569624572692172
-0.999971676652389
-0.243232051063001
-0.588309175264284
-0.624650293230328
-0.762929114690061
-0.752829169616749
-1.39790225321606
-0.389839922083766
-0.800625218118928
-0.250749435541989
-0.975722131190714
-0.717149907476898
-0.0911062597907483
-1.15394301676506
-0.207191113196206
-0.516394905143287
0.89276567804425
-0.44635652467817
-0.07271691396278
-0.835035300323927
1.89629318306548
1.6652600239064
1.53863145049736
-0.552317208200836
-0.42329964381125
1.76586755531403
0.497235745160702
-0.0457143812092715
-0.0694152521496579
0.231480878353934
1.1862879742764
0.150425010326414
-0.196721315070479
1.54785429808132
1.50867944915517
1.72383888268323
1.56074850048383
1.43457123823263
2.03353681211902
1.77339344416093
1.71093719902135
2.00593067561034
2.05735378333162
1.22306503596841
1.355362601331
1.82850122952496
2.0160899937282
1.86437542002693
1.94925137818129
1.94276680814236
0.28015025555487
1.75084663196799
2.09043913921434
1.39880683585312
0.99243371353387
1.41311139831905
1.34635019377945
1.10889079124278
1.70696733072504
1.41975797648481
1.85338949045507
1.14731678681303
1.41582952102716
1.3380019719765
2.04697192277701
1.76244829092578
2.0728471006422
2.19139258816006
2.04755647359047
-0.615333743139872
-0.485520210841126
-1.0486027449079
-0.495189265041538
-0.0106739956361668
0.202408845768847
-0.550688723348039
-0.354355093780691
-0.121700214783991
-0.405536562497156
-0.689314923469054
-0.501705144128452
-0.29192034564583
-0.712756730006925
-1.67023673652301
-1.03522917795617
-0.759311928412462
-0.829978048822142
-0.983207726338592
-0.547972879549453
0.599949821480221
-0.97595563259326
0.0352871392513064
-0.643001940609185
0.32595631381035
-0.136380656883637
0.208861301631515
-0.631249712171645
-0.647223529663315
-0.664956913249334
-0.350850823556321
0.425864927822995
-0.648117778928718
-1.07861467477148
-0.752280115432057
-0.980422342063323
-1.0326622474187
-0.368663791351037
-0.935447505681088
-0.938880176485304
-0.892464324316394
-0.720622610946637
-0.976021362901637
0.308084007257261
-0.101042359548816
-0.207416319563926
0.544063935785529
-0.517034165599178
-1.02929981067688
-0.209893593420617
0.298651184055819
-0.427594862715254
0.0757079028848855
0.300012461101612
-0.238325752239967
1.63477262248862
-0.859206444975381
-1.38311885886554
-0.412720774877173
0.140887679630308
-0.361420128610878
-0.678135162944503
-0.40595941541076
-0.601294999980324
0.494972771836063
0.0680287762236028
-0.526219667618617
-0.436887343755186
-0.639450090303068
0.18406848687332
-0.0558906886403019
0.371973745954174
-0.178238270811109
-0.560954737406578
-0.740579259873814
0.0942681869941417
0.532720351219929
-0.0233536210501033
0.262903727579124
1.03841803882583
0.936898749745485
1.02530139336209
1.0380132080642
1.35342571336505
0.944278610727855
0.918318666539964
1.24256774156239
1.05284504528606
1.17387342823982
0.671705280586562
0.776439085254699
