-0.232075155961761
-0.371589170428713
-0.0955959299614945
-0.2816840495187
-0.87531333147109
-0.523608053222853
-0.357636701419062
-0.474880361241706
-0.804211966603997
0.944177608149017
-0.798837697273741
0.571519134983299
-0.137357115285741
0.0638428299257508
0.575740918762474
0.858309728490111
0.695826659654523
-0.426431732421216
0.158180614442607
-0.709244582401064
-0.396461058676571
-0.378390301186949
0.106715742575702
-0.0643970142011057
-0.287236026618628
-0.563694692272796
-0.109627750455717
-0.142270069568693
-0.230975604618848
-0.0108000224909266
-0.781056491876346
-0.590719376500087
-0.237340663507624
-0.23634933681214
-0.716199397686564
-0.592212375988475
-0.981511010753152
-0.501712696726223
1.21374854239981
0.580318097659588
-0.875305994474264
-0.697107265683341
0.804835490503629
0.838561422929769
-0.540553019111785
-1.46459821119196
0.11310883281761
-0.467148384967558
0.730707529964715
0.529151760205676
1.09411530817316
2.35967452849722
2.84506662855918
-0.581291135653244
-0.848755122525853
-0.0278014985185819
-0.191431710506367
-0.375098651145563
0.155253966681183
0.55383061764342
-1.04685263626096
-0.647422236654023
-0.507381635777449
-0.18064391817649
-0.382216430429906
-0.677151549297991
-0.0402599485733411
-0.939228242969286
-0.66479162307581
-1.15427970155517
-0.691646671097862
-1.28536528966539
-1.11405441066075
-1.30496775058425
-0.394212802732596
-0.479102963356332
-0.460565825805599
1.29057550163367
0.30116946502013
-1.1215761050474
-0.719744498189957
-0.774622468024229
-0.844508412012456
-1.28390249686552
-0.593027303274541
-0.123662035069204
-0.319457867751142
0.900417833827369
-1.3487535004293
-0.702591642410268
-0.475707481378195
0.366414916335565
-1.02456112255403
-1.35137417455159
1.50489840153018
1.7470027277562
0.860623936608829
1.59713252741965
2.01103075563785
-0.490960964517506
2.25710850658969
-0.137186266493954
1.79938223993413
2.77946874057776
-0.781998547729858
-0.901606098939018
-0.336434936814253
1.26603272968458
-1.10977292266701
1.01923988401743
-0.285121298054306
-1.21213276250056
0.488517562225754
-0.789236002062939
-0.616318355902261
-0.303639424810726
-0.2523244100918
-0.503481940370456
0.0453129182990884
-0.20328078990896
-0.949462310187325
-1.3845038346158
-0.774809129256845
-2.04433895593078
-1.32170877812087
-0.908572976219772
-1.37493367681584
-1.35575353487322
-1.08395942849833
-1.8402917801053
-1.76012443449676
-0.122855458115705
-1.11416024371548
-1.01840137184986
-1.47256942014621
-1.94081769958924
-1.61336213053165
-1.07606371138493
-0.557464785663876
-1.43309301443091
-1.72628016203563
-1.80578777665105
0.472831832293824
1.08811680067164
-0.718163222504806
1.15609631528671
0.0850232880964879
-0.255129995025088
-0.326866609874464
0.431003510918747
0.51746617617751
0.55671887760428
0.436544139694068
-0.192409901423434
0.0133546669685413
-0.532515650491474
1.84981358760591
0.602102864537171
0.17550177478186
0.639053544684429
-0.107641036391391
-0.478315432049562
0.832461790159891
0.537539589976712
0.695210758570969
0.673191753203141
0.544081218465702
0.194928785929424
2.67026032106373
1.14732350900289
1.39833820902278
1.6642206748541
1.37173010865181
0.464788189065344
2.87895854555573
1.05214478630462
1.53765383339373
0.938207952016926
0.843055191991066
-0.147768572320866
1.34705638366751
0.966239820779126
1.28236349509162
0.483181067729178
0.988822392408688
1.97059415901564
1.58121286272381
1.25455065796558
0.750663771643743
0.494575120673302
0.250542212259373
1.33847324704179
-0.0225721974683394
1.24263437154188
1.43451300169819
1.26361581740746
1.10624739205131
1.49333426699045
0.705743973038217
-0.544743205235768
1.30066852964823
-0.364936143642367
-1.39824194835962
-0.735328096342292
-0.0231610245448439
0.98786283460542
-0.975061397549049
-0.351799250382041
-0.110214016519978
-0.975561201265689
0.111341115372283
0.569776135334922
0.0766318752977811
