-0.673662618376925
-0.963613202207119
0.543865574910968
0.174859708248328
0.186092069736407
0.889799111138412
1.1062477835788
0.93290227456203
-0.218134913996163
0.313744674483072
0.403225895642415
-0.113783339897315
0.390214429312533
0.00248672950802923
0.630745209718083
-0.641954082507626
0.116276144269022
-0.384159740128201
-0.444547575855095
0.443108443699519
-0.404543775908577
-0.216374799649806
-0.495033217118208
0.710399172863246
0.542352648318445
0.603170415503298
0.604771887008279
0.542197492113233
0.734674962323512
0.812622379445456
0.39760839905538
0.605306212108079
0.836696504989844
-0.0458460807274524
0.775199475453049
0.38967720055066
0.545816545540446
-0.34460435262169
0.591669024452369
-1.76898882391624
-1.22567257215122
-3.1229469832693
-0.92738723033867
-0.0353628867290844
-0.688799413863977
-2.82935311369546
-1.62733073341603
-2.78239444815572
-1.8300531182463
-1.90720143966963
-1.87575100388453
-1.53190695652557
-1.49449318052316
-1.18745530117344
-1.90108767213478
-2.05137714300294
-0.363418077544363
-1.45023682606476
-0.51838777665046
-1.32601217753232
-2.14271458965331
-1.68983949708888
-0.914301336077137
-1.3335895967819
-1.47352659459485
-1.57852270939073
-2.69565223175275
0.0977351301654794
-1.86096954424632
-1.35227926395262
-1.95136804801887
-1.02272217357764
-1.85847449318997
0.531730552856854
-0.626541453127022
-0.149127754523101
-0.682235577551806
-1.69163273072162
0.531926368253665
-1.00593313984373
-0.760694362151275
-0.44900267825976
0.126906093858591
-0.893037532996452
-0.282976919712997
-1.03567591139144
0.152722432175647
-0.23551777097535
1.04427816561384
0.691742821420368
-0.0641244506428024
1.56065844923141
1.42662281294881
1.08744973398185
1.22546047507437
1.63856718550973
0.797208263134986
1.09825641857659
1.29163898265972
1.72067782348719
1.38377830700987
1.64448233687136
1.51602514213232
0.384368106788144
1.57113649337293
1.75649691563005
1.3596554420578
0.374201008759829
1.30811324940674
1.24230702983589
0.970602347478878
1.52271092868507
0.821591416078698
1.34048742191223
-0.818352605343499
0.786490759844554
1.42150267177134
1.49533726642722
1.36732436189489
1.69145808752291
1.9007007683067
1.67791344694721
-0.145140712379745
-1.26800926156608
-0.0522063138536873
-0.269868334867305
-0.128975505788003
-0.209865538063122
1.30611229735163
-0.276867856601617
-0.304308798144767
-0.306641044835559
0.354860991966499
-0.811051304688483
-0.334449873610077
-0.704647429735784
-0.951250166344252
-0.587628818796132
-0.0775287225999161
0.252032487084784
-1.35046038816058
0.297954332395448
1.23628100928142
-0.387404059604503
-0.333163394363586
1.15945178641096
0.615345653388778
0.53391798120477
0.244485737710422
0.848736489394716
-0.255723238104046
0.293790424324799
0.61009048630295
1.01971157161558
0.172190952746634
-0.0102524453348909
-0.281925249316154
-0.105779960395061
0.919180560969517
1.22980083317
0.228092423324911
-0.0930263766432344
0.156072594011676
-0.0172935094005715
0.0447849498242334
-0.65331300946973
-0.0426950352039626
0.538045166630797
-0.302795941404978
-0.0751659739106969
0.0200048690110178
-0.117747340351409
-0.955507940984609
-0.00159020170586215
0.684309400458366
-0.6495639466489
0.36487316598327
0.44496098551249
-0.467050956322436
-0.462972233139654
-0.0320853344681691
0.2970749425828
-0.585806829541186
-0.46593763399758
0.407696095047811
0.0642618244541868
0.469175528300978
0.392393614168946
0.357204307236003
-0.612477647728842
-0.287832138719348
-0.0568516305202447
-0.435196949682522
0.136145575997503
0.182045384159578
-0.639643643570132
0.0915457403561099
0.418371947074989
-0.875468300085069
-0.867066798389959
0.00535895378731918
1.41179075383392
0.450816878948485
0.748463828006425
0.783509987817818
0.416210402670469
1.54995406478736
1.01899840699754
0.554816981279687
1.12357178947683
0.666041281741486
0.305715377038448
0.998678930033448
