0.236509106497013
0.38081091218355
-0.037940092853542
0.142624560058999
-0.150693002340333
-0.0551864195652294
0.373372285972641
0.600375769076617
0.873993985656212
-0.679367795423289
0.11296579472886
0.985036018034288
0.177882074470231
0.0887977347661834
0.202948457823254
0.525189311203496
0.445612486832918
1.34811356687645
0.337100469903899
-0.286589752361599
-0.996501384440399
-0.218421714980434
-0.185658214054371
0.0571522769918312
-0.0541027816349781
0.0638444996073893
0.323792546012
-0.184631280772376
0.0295908732081334
0.113692655861417
0.686581707408843
0.240213380226291
-0.902544137897887
-0.941516292997734
0.515497391107682
-0.586040921474684
-0.403428918124851
-0.146293323624509
1.52945725050417
-0.554384052369154
-1.26985991966517
-1.00501300023792
0.946371522360833
0.909975357930671
-1.73662131473613
-1.11670150084491
-0.378719723711928
-0.462968837942415
0.405780640672464
-1.39233196307373
-1.62473635341242
-0.651361607437988
-0.8495868892455
0.544471939546429
-0.0124533676310659
-0.232167004062144
0.0667311998286547
0.0292492443156051
-0.842087101774676
-0.243028301873317
0.585625758261573
0.107682643593866
-0.551572551776453
-0.203893011429147
-0.108503135831616
0.73089788068553
-0.325981029417809
-0.350464230119565
-1.52841714927605
-0.532092265354223
-0.865190027072488
-0.495857013417869
0.175629806372111
0.0451249823933382
-0.793631103394158
-0.888499351178835
-0.124852139849095
-1.06012234098787
0.612361840820653
-1.43716856103918
-0.404688535375005
-0.769774019231383
1.18540811165878
0.501534821816039
0.608802210451079
-0.375689616629576
-0.741859964712125
0.286474571113067
-2.20766835016521
-2.75983647182041
-1.12339121949481
-0.224057703372259
-0.0939099110021771
0.709183308838587
-0.117503335566398
-1.25215598819032
-1.30624353174098
0.432251015427419
-1.2098280701832
0.00319575106242264
-1.47671156398296
-1.82605047807243
-2.00451706824772
2.25044916271821
1.21701679664068
-1.66835501328634
-1.82257283245063
-0.565311577418832
-0.779791157119601
0.788960212967461
0.223340450792385
-0.383377028067694
-1.02183182562586
-0.514475967094675
0.452780284296668
0.22965780007342
-1.34012901465132
-0.903393366522721
-0.664582384336074
-0.839011054397976
-1.14592119220719
-0.297879256256891
-0.442608372048812
1.19481084329358
0.959392873591828
0.567505939213355
-0.218915977509406
0.112481080964257
-1.0298005030229
-0.357433908217675
-0.372870705431353
0.131821709238109
0.691698537414224
0.248320819691597
0.619076011124653
-0.253648181673574
-1.10365053421067
-0.428735463828155
0.215299705431849
-1.00851528211418
0.36032054287854
0.906376942761403
-2.02224121996867
-0.0717046802281983
0.619567499644598
0.564481234836343
0.422531475314325
-0.179692800105867
-0.30237970570983
-0.654332418816154
-1.38974192289416
-0.516605346905763
-1.23804590984101
-0.959342430193161
-0.177609347307275
0.0331340303621311
1.20631955755046
-0.0333760452485576
-1.23043367521408
-1.18663542969985
-0.181967197740356
-0.107573977035185
0.278542142702157
-0.190421090762476
1.20302714075034
-0.298211940563799
1.33525213864265
1.33310964474315
-0.365270623099784
1.45484109017273
0.116457120585486
0.844551216276219
0.919828702888464
1.37981575945519
0.217204916547769
2.45548698825832
1.25371161571403
1.23984595886959
1.09732368016645
3.90312216908651
0.479811597508758
1.91489636381973
0.76474673075608
2.11092363463457
-0.690221929489321
0.878218619481966
2.09481736347188
0.760184103818196
0.573102754193527
0.516413756389252
1.17588298563986
1.82526204255268
1.66354622360473
1.87202837994901
-0.520416203370907
0.508870906397334
0.959194280529554
1.1899040063438
1.07313606565266
2.28837854964545
2.07795145954022
-1.43963775358144
-0.879467936300288
-1.02532196239067
1.04051716274608
2.1197132096338
-0.903608897025948
-1.70265601809142
-1.69624996551666
-0.784374388520355
0.957950033873403
1.14250514865688
0.958091224949733
