1.34729233772441
0.741491996334505
0.837193641463626
0.481427789646967
0.823770831430411
-0.0721588154408477
0.0871343413605922
-0.104732257182951
0.588251782013442
0.626274887503921
0.672220911399418
1.56405776235334
0.81878511798811
0.876265505329155
1.21971868921679
1.54633136522092
1.49069560427816
0.869293660056005
1.75371595541753
0.343948279564924
0.324330376106664
0.418295274976107
-0.476242415688697
-0.271203011807233
0.181264691305635
-0.518634770878852
-1.61622965976392
0.0347594431216331
-0.356814569135934
-0.698020729989435
0.510648765157662
-0.187269158704635
-0.424483944427972
-0.571250149575247
0.974509756717823
-0.341808421337009
-0.0877879152924916
-0.000716433773157353
0.252078756751476
0.315329881061184
-2.29032334084997
-0.667731826541958
1.73101409419972
0.29880290030467
-1.011676302385
-0.96323110187104
0.503170939144669
-0.627776807229006
1.72932400886296
0.133347544910974
-0.109946814987809
0.711368581302369
1.42978615698089
0.593772780417219
-0.037783330564112
-0.288781144405264
-0.885278215919666
-1.16281900031249
-0.12707839215713
0.905912703929166
1.15516836705811
0.779820588565018
-0.0387090914180901
0.399284781162622
0.476126559129739
1.19713986456204
0.710667926695262
0.570417665247807
-1.18025817273638
0.450884602828533
-2.10651463489201
0.167638274067733
0.879235410684045
-0.0837796005316729
-0.476420740332877
0.0433991309873593
0.725799515362621
-1.42501382447724
0.0176478243778097
0.551867988458512
-0.0593344063480406
-0.938884361467232
0.685111974767353
0.485506062215928
-0.100581574652319
0.179661280584759
0.0847383359747652
0.316449295995011
0.224408626926072
0.313996379302492
-0.663234536973188
1.03759939356195
0.880588140036451
0.914149911681828
0.745870458606416
0.442847114277566
-0.766789895241614
1.3377421315644
0.44539734591271
0.549985072925648
-0.569972119282101
-2.32290033726203
-0.661928566314931
1.69035367257327
0.0114961125384009
0.138940193422616
-2.47086642082031
-0.195495406502004
1.50383778442297
1.82950560779692
1.21579542333541
1.33382636995338
-1.22504898616187
0.412925144293528
-0.0431900050008466
1.6310243697109
-0.936370276274687
-0.419852445288019
0.642525046179679
-1.2339519751611
-0.0283075411761897
1.17069663352052
0.816561381551575
1.6124203393249
1.71308292902059
0.657702687080335
0.204860122122301
0.0200306046161806
-0.361843208895647
1.03089946412225
0.419042445027178
0.990551551739245
0.0783663368640559
1.17163242067773
1.05922778407577
0.94977343211394
-1.87569111321717
0.472165394684934
0.146837808382331
0.183587223636154
-0.279496820837423
1.98429958949647
-1.76261634808933
-0.600678119297194
0.477095975531262
2.87388210835532
-0.399570236084881
-0.344437251339073
-0.767793962557929
0.357856814895152
-0.520426067784901
-0.334154298559887
-1.95280557880323
-0.314543259833713
1.0406316989518
0.661515870184328
0.0467456422623155
0.290673988741535
-0.455958742057875
-0.00735833155277112
-0.295074678090489
-0.831903675669565
-0.272876333317686
1.54933711911549
0.308010716574666
-0.28294748928605
1.09461640117505
0.848865942469433
-0.595784703636831
-0.204796440917579
0.411202664374296
-1.42281125265507
-1.40301540538931
1.03356332431006
1.25114661195537
0.705313624558896
-0.811504536574898
-1.65657930119643
-0.847280753493626
-1.93780461271854
-1.03866753618403
-0.572665511099606
-1.01797240089943
-0.033520400106448
-0.546289629252749
-0.615208008528695
0.531660837572983
0.525602127205076
-0.917252994750416
-0.963369536959722
-0.533230078220533
-0.0142394613345565
0.134286670929255
-0.153664882934144
-2.20424845266045
-1.60829983464639
-1.38467991039701
-0.38021196119295
-3.45835822168805
-1.31000236776201
0.291818894004623
-1.38756553948878
-1.28469029007674
-1.25941582626162
-1.11020380561032
-0.276664964233219
-2.41916023067477
-1.48161053715915
-1.54119256937096
-0.983643995631232
-1.16517944775599
-1.07053315295887
-0.911854524291596
