-0.0029266680682867
-1.11652470970171
0.674478380356542
1.02640154936661
0.887996481119282
-0.935466989803516
-0.713418104018351
-0.786616370012145
0.13583698493501
2.46229600680406
0.275798000218333
0.825493254190644
0.0361501618691558
0.564516956185038
0.922325032123245
1.11922941782197
1.43822661520083
0.483300355681574
0.686975949101592
-1.05429981181035
-0.185527787515501
-0.324107520464892
0.331517451535999
-0.705812471472923
-0.671137572832762
0.337560454791679
-0.424848470646373
-0.255291432681996
-0.730933528559227
-0.0507934216914596
0.00459754860958133
0.0265280454647955
-0.652512358915403
-0.892260426261572
0.168075380528722
-0.465096767616584
-0.690223217421777
-0.00750404983897401
2.65279930371861
1.5318356880387
0.65173555079683
0.233758251677959
1.34137374691229
2.67014197870644
0.0306613377399518
0.329537014927926
1.75139440198623
-0.326307064559381
1.85543328856432
-0.873966132049612
-1.04673896185323
0.571133125730064
0.624708991008742
0.751621825662798
0.185927827636111
0.25028775779507
-0.374725266226691
-0.503963090515795
0.362004921532867
-0.0373812940299325
-0.98776279342446
0.129512687499674
-0.174259897891454
1.03240195620952
0.239756455460517
-0.65026560790984
0.862809585525808
0.0450263477332357
0.119102258486242
-0.446639633460716
-0.991406795316955
-0.14513667408927
-1.25008525117979
-2.00904347025719
-0.0417935125766188
-1.62750728665546
0.398386161491999
-0.103700071763022
-1.47073781523541
-1.26820760913377
-0.901301316995156
-1.18348858106043
-0.225342758602068
-2.37947801886056
-0.904067592777673
-0.368965010496629
-1.49200455094734
0.814362854025113
0.411314094186145
-0.077292495510696
-0.123611676886874
-0.854311132021454
0.351907066551286
-0.668799892191681
0.183420327236863
-0.174950945131854
-1.21428287973365
-0.702824512955258
-0.666497965963874
-0.428613754838508
0.189626012188128
-0.372946784354209
0.226061062009697
0.394985268061111
-1.80898152304909
-1.13629061213983
-0.78088231961757
0.0988668181223311
-0.657007128674584
-0.854947565392721
-0.707319283546807
-0.0832231124635177
-0.749152896277169
0.245831814196385
-2.32305617026643
-1.49704429350454
-0.271100928443897
-0.174125685866549
-0.278131295283648
-0.574120862522751
-0.679097138485239
-1.74369820172345
-1.30709232696405
-0.280798689835038
-0.714737283829149
-0.938205310664236
-0.771666026876312
-0.950702358010631
-1.0023261587082
-0.673429933398102
-1.08668095328804
-1.56787387806942
-1.56281115144463
-0.11110257663232
-0.246732609735081
-0.25657594002001
-1.1002404856392
-0.141901059978192
-1.67867700966503
-1.40172310313896
-0.596398384978889
-0.434060706343276
-1.67053835887195
-2.22492143396303
0.104932365833599
-0.538873452782182
1.00140793406655
1.28630157444234
0.33012339718892
-0.473143541526398
0.0692651439145216
-1.03844879175154
-0.74446137048461
-1.85355456138037
-0.339261395511825
-1.30638200630028
-0.225701870828531
-1.25297672650066
-0.132045529719754
1.77838052434622
-0.784861993358051
-0.999459567152452
-1.58451666934038
-0.231301033951045
-0.0025410722353622
-0.319039160517144
0.567754552211884
0.899636939141274
-1.18964136633763
0.630180987074117
-0.62538034997344
0.288729967207727
-0.194743906563839
0.735597683691676
0.341647089716287
0.904875453266243
1.8114389927861
1.14183622362322
1.36675944571312
1.61618979057197
1.26791843613427
0.853622839571295
0.880569837242854
1.64736821628821
1.67497705389742
1.22513604871775
1.31337964933949
1.35734788458098
1.03406843860268
0.880497254471886
1.43424349830368
1.16664530378023
0.666819192412728
1.57478658735324
1.73768524479738
1.25532717370227
1.05918284550332
0.843588722356258
0.386032082066864
0.963020818371535
0.825389468160674
1.65028758644257
-0.00323048176127825
0.71814617022894
1.03843200961314
1.26919081389775
1.01936992567627
1.55149338815229
1.43053934719873
1.25134555459661
1.27311049231298
1.30729581755778
1.23374380862714
