1.36193620475002
1.17240963530783
0.471857796194543
0.634213792174097
0.425949351331838
1.29044860768375
1.620369598132
1.60513144826096
1.02412126510356
-0.13272802701644
0.878714743268243
1.10471352876025
0.546247230336148
0.856415621481273
0.377324329704331
1.20704290128953
0.736548113510176
1.06868039794879
1.21400403219748
0.473525187582068
-0.364304384116952
0.246616407085102
0.0579783895044365
0.703829238383341
0.429049500770508
0.686636739567118
0.835394896672761
0.431603479730992
0.587076221601564
1.07522109272132
0.835511124047001
1.18868567861517
0.796654005915092
0.226784909343651
0.905678870848951
-0.155172752530776
-0.17079772297037
-1.1079910155999
1.2800669800248
0.205600780692958
-0.837296500801797
-0.41820600551258
0.89033665565579
-0.258233657661264
-0.668204846497521
0.00419921921935499
-0.024076820597089
0.035641299044377
0.446299734618465
0.366448365541864
0.181736787319511
0.671704701027343
1.07234716148748
0.997634227005558
0.466430679478828
0.137539377805023
-0.432929171100709
-0.227809135170869
0.254773969741674
0.496382654181682
0.113617689804708
-0.0488931597189439
0.39319821315749
0.187727590249181
-0.378126789741634
0.520520724340587
0.00202661743076348
-0.58537512747658
-0.132160745910501
-0.00132516554664989
-0.645794745648562
-0.821101811126773
-0.0410644412568404
0.479617457285439
0.617834762580123
0.428552738686002
-0.373103120477232
-1.94047131915988
0.150332753383367
-0.416656950240406
-0.292123306278889
-0.797671126043569
-0.672435835545701
0.294807497843775
-0.409128962849057
-0.783456901966119
-0.153450858328742
-0.267705771187634
0.176414398205551
0.304539576535994
-0.669343016004673
0.459784430090528
0.973945515626347
1.00579459872305
0.536651410741941
0.786644264677532
0.0139024613817325
1.16074739863066
0.641969058152987
0.805540348654644
-0.588923717364951
-0.188829015537347
-0.171925042415769
2.12006926186982
0.772403853911205
0.555464866134296
-0.0396709402647436
0.165671887309906
0.502366176389206
1.03799602238651
0.396789673795166
0.926508377412939
-0.899180595033409
0.85873432286792
0.554916213086553
0.545326777224467
0.437591163718834
-0.0592165937222835
0.304969115056302
0.0313215573429264
0.391392977526805
0.540453971876194
0.037001008574079
-0.404973943806488
0.737853588950137
-0.286510526403577
-0.30894962580627
0.22610545147902
0.547569851988997
0.072693529931883
-0.168041461537578
0.487909496023383
0.869439739828906
-0.546375847964871
0.443142975956663
0.108520804285759
-0.541524500575969
-0.211332646650416
-1.39373392067573
0.803827045879153
-1.91444989390918
-0.292801165735894
0.778311554586597
-0.771960155663636
-0.210976348702374
1.13821532850603
0.542256735109453
1.066624502093
-0.00370346573229941
0.428475954569983
1.18686616728659
0.276101602349488
0.257419253872884
1.0561495748097
0.775744470537927
-0.1932349927162
0.180932433375831
-0.848863778672371
0.654308461350712
0.817526316059555
-0.183317321334831
-0.172959536373101
0.434536692948851
0.283423898627344
0.371372745768927
-1.10390162085049
0.301530036548539
0.302685152829083
-2.97941026099204
0.232342138766393
-0.763020378836711
-2.14025580226663
-6.44732280313915
0.467160811182549
-0.705347947379516
-0.679323533469948
-1.23320662069351
0.187691620479363
-0.476443810107646
-2.17193935035754
-0.844767766362289
-0.102548961054261
-2.90700443011053
-2.64169907838848
0.157678683723065
-0.672313653381181
-0.143060690038296
0.138547299017301
-0.14934693911318
-0.787463760168509
-3.24542823504847
-0.602079514806596
-0.459993104524052
0.15967237086101
-0.264750391582459
-1.31132101647615
-1.53259932485287
0.403192075793306
-0.417040541439314
-4.10026029012386
-0.722103638784001
-0.783975664503894
0.15890541863547
-0.39664235516767
-2.37789381521553
0.712189946136304
-2.18773744735251
-1.1541238560097
-0.506176480660278
-1.29701592294768
-0.228759459442673
0.489020486079678
0.0922648147684772
