1.04162196335336
0.804312119539787
1.10641243247905
0.968284086661322
1.01327793447949
1.23514827847621
1.28282776603721
1.3390265796233
1.27788543293069
1.23307542178331
0.841983514448409
1.62481864333432
0.845408002026123
0.427712139179488
1.42330396113566
1.84763612190462
1.6704581550649
1.61668967238227
1.30479103780387
1.25056233663152
0.54355396015233
0.556369187301312
0.638953640412408
0.526790650027362
0.495836543844844
0.528904060600176
-0.1219735615597
1.4056647435912
0.072878832180182
0.424996949396606
1.16872145323308
0.588213113808329
1.24445911900857
1.39335745336279
-0.878406807966133
0.641231623925234
1.28164706392338
0.0220191201081404
2.50834016795435
1.36241536194161
0.712090873926156
0.842042895006661
1.98844046576565
2.3042043883304
0.631321509476131
0.890245073590553
0.878912597721337
1.72333675096043
1.82514704039887
1.08079922017061
0.829281742575496
0.959624267125309
1.32520957726378
1.14125182622318
0.557971889566055
0.44237760074729
0.442733581055037
-0.507211496390508
0.903186724916473
-0.563030409391641
1.14445572822014
0.895061569002004
0.562955974638245
0.916126552895935
1.09419915465991
1.45481440846656
1.00709291615059
0.687359024383614
0.599266168796568
1.46525679140534
0.102835243780276
0.462305010525741
0.835382295317274
-0.35991234140176
0.325669009967086
-0.914057671944771
0.768056133248667
0.460056017351047
-0.449201477300485
-0.49585726462597
0.647690125283553
0.726075322079078
0.619255666332465
-1.30794374656061
0.2791796735731
0.494555506332728
-0.9653988472858
0.789888254528731
-0.547060187689096
-0.518498684930986
-0.111849473889924
0.0184580747833253
-0.257504683295865
-0.175700652905156
1.04128104500059
-0.195657740017514
-0.393944891230769
0.625151761066594
0.360063843647598
-0.180257915722976
0.991478612237106
-0.231600758060656
0.49360169201535
1.80862443877679
-1.24869061605066
-0.663498127058817
-0.480473630268239
0.509513953690438
-0.251627357920999
0.222556943468391
0.263271204036772
-0.178126423164847
-0.200065877670346
-0.601263105998119
-1.35145150499882
-1.14965402792397
-0.607760381388981
-0.237535603581839
-0.525166273232921
-0.526334785585838
-0.733904784387227
-1.08896596086764
0.525018126348608
0.765712551223373
0.462325170475277
-0.0816245708884618
-0.142826888757319
-1.47987751420929
-0.645217261244509
-0.995998330296256
-1.03491543298764
-0.779962251227781
-1.07020125664873
-0.449674309506758
-0.737970028029969
-0.962200428598862
0.558193858709999
0.832547130041659
-1.86957912496667
-1.27104276341802
-0.140850632318667
0.468766889978167
-0.870192859744476
-3.07932578037353
-0.621208487702997
-0.513876342752712
-0.192764599529726
0.390120526861419
-0.303083711418301
-0.0799732782626411
0.714195561845621
-1.47344414259074
0.0471516220299982
-1.3310819547115
-0.2961017524871
-1.27904812508599
-0.901323046569114
-2.97996126984462
-0.694290668939195
0.520241861665561
-0.654606582970106
0.0934870423955467
-1.19359210488576
-1.62052766359453
0.0431555082284231
-0.368319824408477
0.0334518459078118
0.158244664183734
-1.70184234099273
-0.786512066894713
-1.93805765499367
-0.86858695502987
-1.19096298553634
-0.221607235795712
-2.0123619733362
-0.59912337007834
-1.51546621125911
-0.629767209892434
-1.61485630940488
-1.04041476131789
-1.17429961819754
-0.296528583525684
-1.45296114564012
-1.248019665415
-0.863389647542311
-1.40746827989692
0.478304199183597
-0.0147920321866294
-0.777092867264409
-0.725865924252189
-1.33186069707685
0.542222637957503
-0.124893533632075
-0.0438786435266927
-0.589187015561397
-0.674029798061372
-0.319384908845758
-0.405187749376722
-0.560526409231718
-0.230426753179794
-0.733141217470021
-1.36444469895425
-0.935903697483048
-1.2145445385355
-0.816166772254506
0.982997264878136
-1.85074598463691
-0.771824366417308
-1.27895696606879
-1.17139698321906
-1.1315727668178
-1.30854758414786
-1.25459326225208
