0.841172627703598
0.0832528393920749
0.581773702606467
0.587664871305801
0.530197462839308
0.910334405408119
0.804700902943027
0.851614078972939
0.752913946653666
0.231531400738435
0.590709414277369
1.05583965501694
0.812821102130981
0.868430581053259
0.51496071426798
1.2093382492548
0.982572020768074
0.504086151142646
0.935993310090484
1.15822467250519
0.575218549079165
0.405186374159744
-0.0793251531117626
0.646981604386801
0.916596289950611
0.437831834418971
0.269798778470096
1.12458410110103
0.673709921401397
0.414447194203286
1.10755321225059
0.669809975023872
0.97654747292487
1.15822467250519
1.06278258891135
0.928972572784249
1.2536692525311
0.832555657354579
0.861789082463636
-0.452150156414209
-0.673402653536857
-0.442697219986636
1.09864544752489
1.55467625974335
-0.386904972873191
-0.265738254141695
-0.264586449847084
0.275159057352531
0.204135036269575
-0.986250810524924
-0.979934963809514
0.816627589038739
1.9656002800518
-0.0338783785950163
-0.612904018479534
-0.244040601308165
-0.147330531902136
-0.56310062180084
-0.855121270587841
-0.102274551290131
1.02209918652164
0.966916444055343
-1.02694252136059
-0.178762444578914
0.846666972265479
0.186880259396235
0.196326610415158
0.840267248033448
-0.158000200821475
0.502649439505829
-0.942322355563404
1.13794439636136
0.760603068813891
-1.3382597875435
-0.541053043719924
-0.69184585178557
0.300452053193946
-0.55080896145461
-1.34990537284755
-0.445466190876321
0.246290346911035
-0.66038577862728
0.937334326069304
0.726411665899843
0.603795400282538
0.657728215547423
-1.38847701267983
0.577633231361461
1.42580231233831
1.30802494254193
0.730393766885232
0.450398061141413
1.71310095304369
1.83037259139858
-0.654478422013987
-0.320744340365006
0.150157888560667
1.20082536504331
0.752583310732589
1.50314775368401
1.2426142126983
0.23087264301164
0.608295912585578
0.669970025201018
1.96326018316801
-0.420826984857551
0.666399675634558
0.620325922258901
1.15005281879805
1.52667245894531
0.582843962182088
1.23164661396391
-0.608150797491097
0.769238857271311
1.17949008946672
0.649859324901652
1.00641406719018
0.734774541436133
0.852993852301185
-1.1368026932482
-1.67350656822764
0.845219176719244
-1.24630860099759
-1.52033418053852
-1.12050376704329
-0.390063356751011
-0.0628222503899332
-1.56455523059779
-1.39617972567219
-1.50234111327395
-1.05125567904007
-0.232713669035397
0.330795258068656
-0.193865880874201
-0.90271469431631
-1.6896241627593
-1.69078233598296
-1.35883496462376
-0.0600658775586196
-1.27776358460726
-1.38510489286216
-0.755446661074055
0.829316229991584
-1.36360805737702
-0.0138798641786504
-0.370360962089462
1.17714780369797
0.697957934706207
0.578916712886135
-0.788903114806424
0.0114086439340958
-0.164046480624991
0.692988307564223
0.53497824428734
0.170592558312702
0.0730410697705978
-0.0657050753806204
-0.154302028326632
0.367460721947582
0.470458843342251
0.348418667074998
0.49428019639686
-0.535960544143524
0.235252993382756
-0.0229387775708952
0.358112710869831
0.0108885221953666
0.217732371369405
-0.474652443162394
-0.906588542202181
-0.270050905504654
-0.902501390684496
-0.296051662453823
0.142954866446098
0.00550849053605091
-0.411765769804549
-0.262854973075741
-0.675841750131244
-0.523755250958919
-0.828368108985641
-0.542144710109048
0.136134188846595
-1.15170299747086
-0.611155331883005
-0.00268615494565465
-0.706710189348781
0.506690828172638
-0.140475539115846
-0.32745530128275
-0.467322866587925
-0.250341823116959
-0.0256816463276147
-1.16240243026613
-0.152570454132633
-0.385401506155931
0.0935257368427259
-0.0837467329355152
0.499970386536853
-1.70839292490875
-0.85227226438831
-0.522042629900902
-3.38973821508598
-2.08167534700727
-2.04953800777236
-2.02872640517883
-1.12877092894133
-2.87033217671442
-3.74799324150299
-4.09332602013394
-2.6559043182572
0.453033367939422
-0.283166922781524
0.448922636155698
