0.945778233056725
0.82546840836226
0.601858693983477
1.50133516022989
0.942330610477417
1.03451948921322
1.21789581819421
1.05854378132284
1.33782235335896
0.817754188458656
1.00885239233596
0.939181687794763
0.825905741953515
0.785540616525471
0.934366514741066
1.10773529648015
1.2179899843224
1.40051451007918
0.934595435326368
0.825978619494764
0.410029705665523
0.569782911233782
0.507103399613845
0.733962244221124
0.654476641867713
0.946759860280406
0.910119741613688
0.821647171473995
0.824520450082031
0.735861157070151
1.35283699635846
1.05632129755391
0.883392985210962
0.59687679763757
1.12768711408112
0.830957812033753
1.2014400505752
0.647203902310499
2.02909607850649
0.858090449864904
-1.42853959884694
0.68828485607688
1.05717089659458
0.814979020665126
-1.06396698414361
0.25006282519886
1.56859102606244
1.47868765874494
1.19185000296352
-0.256833501192283
-0.459682980908214
-0.194311024952296
-0.399694814993821
1.10941641038799
-0.0383589796833287
-0.737633471778671
0.0300461153861214
-0.574877042703831
-0.302828957966398
0.0248330911273374
1.40569381027312
1.57237484739188
0.169137257230136
0.751594656757772
0.90278633655971
1.13363877591839
1.10274744595426
-0.663879220697898
0.59991678545857
0.0125242606043899
-0.0900764821514063
0.0833658572124142
0.482143922635709
-0.0400747470903561
0.51142634062923
-0.306762741287769
0.20985097649532
0.338242192863599
-0.705260235925243
-0.35892367102228
-2.32561343994637
-2.33854604985656
-0.459763081905963
-0.0145692623198118
0.186450835540389
-0.175426337811498
-1.45152794212314
0.533406596694653
0.478457676983664
-0.00678225772707029
-0.557921545649607
1.33304863503258
1.85908865902314
1.5991926306438
1.21154139840106
-0.703678237915787
-1.3244307516743
0.716482442744034
0.132445238324677
1.33335002440615
-0.292963454493052
-0.930940607442504
-1.10050436753419
0.480543068930877
0.791431581323861
0.277732122948658
-0.917086144228133
-0.0205826295576249
1.67473682371477
1.9965752186031
1.7071068944354
1.77670661857451
-0.940944270897366
1.3455457323062
0.911849186318
1.24994855633911
-0.388362503152713
0.678001431453259
0.827243047283895
-0.188805829369555
0.0667416241900308
0.34604881005414
-0.020853708940843
0.268697754807585
1.2469468301557
-0.0479514664891858
-0.574606917309912
-0.868743824593247
-0.606381188844178
-0.14807463110235
-0.643185008936136
-0.0355857291331742
-1.40712135123272
0.362657538636359
-0.182372688521476
0.230905413081252
-0.425329823842422
0.385895307603088
-0.58746275098823
-0.921848178569851
-0.082811661795107
1.69411224739633
-0.916435098702767
-1.00007274036819
-0.149162215018642
-0.106592214167177
0.690254596706861
0.912718158036025
-0.00461615669641195
0.101932836709465
-0.260202103910566
-1.13943252120745
-0.869346705092479
-0.0323591498153632
-0.0579763649240687
-1.76260130061181
-0.704967650152623
-0.895647898459728
-0.302059960646486
0.518052809064283
-0.0731662297613356
-0.531318839367594
-0.521187667820829
-0.276321606269338
0.209995228601705
-0.914256742187197
-0.398437899921503
-0.207464440746291
-2.32532992056494
-1.03907971998966
-1.82362243085803
-1.24319629084928
-1.49313687346036
-0.371287976742592
-1.56629349893178
-0.846389319093315
-0.39388143619816
-1.72754600253996
-0.910617512091842
0.80490698257292
-0.496505958302388
-0.980150544696911
-0.636132336405288
0.267166383483268
0.289756115214811
-0.243428182540783
-0.5032965602234
0.568491308055136
-0.70725653798861
-1.45343887480032
-0.840887948711908
-0.967903545864361
-0.603866857942053
-1.27534388303558
0.0410961828850794
-0.63923329148449
-0.498039875736963
-0.587908293442737
-2.2107625253432
-0.411739586878005
-0.152751651471227
-1.64227876127781
-1.81665205792961
-1.78940296078748
-1.43297682744001
-1.69266019904072
-2.39561395265217
-1.83231710743563
-1.29085837293206
-1.77463156256467
-1.71682525473528
-1.76522432003147
-2.02418380132718
