0.583345592755705
0.137209468133099
0.911124642595757
0.362671247191947
0.96594054931341
0.756732245227434
1.04395039248015
1.05648813148301
1.96749911824885
-0.352668411287123
0.691247036902759
1.31560606415118
0.797043436125387
0.335164800979121
1.12300101203246
1.19192371362984
0.946543026840274
0.550739086737512
0.655200222160586
0.383842408779318
-0.00564419825870853
0.419672173230929
0.256601890257805
0.534892388308964
0.528413010955607
0.800420150887075
0.668504969261989
0.255770296066934
0.568669675818835
0.644034050162357
1.37375849871544
0.327639421238956
0.560314041510893
0.0799200454956884
0.693124372030259
0.25416094527731
1.18442638585847
0.234145927660877
-0.540516693525603
0.268441508017319
0.573757100790161
0.595216141893045
1.9337861365014
-0.64256423408265
0.931874529188544
0.461482397340374
0.547232027372492
0.421005616499186
1.40416375111722
1.72907897953944
1.45082008235306
0.771134839743912
1.45914314199157
1.93527524571344
2.39858595579074
1.75691852793328
1.08158572334338
1.01776890128904
1.04082746966818
1.36594630683216
0.308807158783971
1.05716597328854
0.235518672746792
1.19420353423306
0.814971379933478
-0.0373771403143951
1.41944928632529
0.986823692970028
0.542025723570453
0.454979023047175
-0.83260809569803
0.134712318021532
0.554163685855277
0.897639300012503
1.42750437772551
1.39662012292743
0.708883637813609
-0.618894657729403
0.966856625859768
-0.252094108503923
-0.496793348432743
-0.940696411892858
0.548593841909162
2.18721526862
1.56709165896616
0.115565821226817
0.583062565254354
-0.12750996301245
-0.961414915705445
-0.0542831387556429
-1.61156045300505
-2.11323050965087
-2.21519760279756
-2.45379396118291
-0.501793163279348
-1.01812855272864
-0.378204434771534
-0.903165038850898
-0.657630802733763
-1.13938201759927
-1.17935593527537
-0.927700823331265
-0.306592147426375
-1.54711814441174
-1.46477823478959
-1.13483939548877
-1.68035689474832
-0.299170022955008
-0.52355008152505
-1.45159022680291
-0.794216749299337
-2.52571250420848
-1.41414555266307
-0.638747240442615
-1.86935054509879
-1.18613990107819
-0.814536597414213
-1.26709128879229
0.0313525855546779
-1.15802163885168
-1.17179712008421
-1.38504744493812
0.657626404626445
-0.884776084698394
0.186288770997781
0.139030704776546
0.460348750984864
0.73502782451181
-0.729624335769066
0.607444613782199
0.890402859266583
0.177827268252314
0.0246404661524713
-0.747210827663143
0.134753128709374
-0.549899406916595
-0.0355468812016618
-0.239321075915881
-0.0409045714935098
0.30442667386555
-0.925459359541936
0.19847542889825
-0.828075806877275
0.70212786670334
0.0687625474185615
2.8158900262826
0.394073604605512
0.283163305990979
0.289429181586103
1.92062520804157
-1.00070521070603
-0.201156376508255
0.17992354499046
-0.402879769717949
0.585346147156717
-0.434604321283231
0.118381459300318
-0.622290605512991
0.249505995072372
0.507555613167835
-0.392549171992119
-0.669835793541303
0.54587599228255
1.50997909673285
0.706588932788854
-0.0234841718919455
-0.156228689184559
0.791748993239905
-1.53669305324487
0.0227526767782305
-0.033286298822001
-1.1366866745894
-2.00293120336388
0.108383627080875
0.380532603493356
-0.638382875676173
-0.598894345708229
-1.4638414517832
-0.120449621398968
0.235885104815341
-0.151788984410645
-0.594737008944362
-0.372417232560421
0.472614422435303
0.23502052525758
0.116446403308608
-0.470794011784557
-0.0626925604168856
0.0672326785457884
-0.696099040351785
-1.18194370201246
-0.679352966597142
0.335104157174401
-0.988292560201206
0.486291094951288
-0.247693833483331
-0.0630881716195026
0.125197029491268
-1.5426903754677
-1.13514420608224
-0.0505271401089189
-1.4388079122716
-0.50960836119207
-1.101848767822
-0.474713526762901
-1.96911005408583
-0.632905549948817
-1.56708394003165
-2.00033561696607
-1.41229076136107
-1.76781603245127
-2.38496188192024
-1.70024928230501
