1.58721291851747
0.589262146223523
0.937030616713736
0.902846055138858
0.322154835077948
0.671086540789669
0.542317984527607
0.1615860208769
0.976042869507591
1.28041883918486
0.888016306624454
1.48698772277072
0.779811605159201
1.438297953354
1.36532209396119
1.79473051947343
1.6957316112072
0.745480561841058
1.87973022674412
0.46831955319858
1.02773344259669
0.590338512980013
0.187640478896826
0.185257586233424
-0.129117726154168
0.202824526082552
0.658186272612077
-0.523788577759285
-0.52718905776832
0.817149851383345
0.804833850045727
0.868386515394485
0.248747010566519
0.295270346696921
0.618180665282663
-1.13332019666607
-1.11728746369503
-0.105058027045051
1.92085218315383
0.646166461535865
-2.57479145577224
-1.6441971991478
1.30014738344512
1.61070045304568
-1.33616854386159
-1.93351564608459
-0.048292489114469
-0.1619117206322
1.09655214772243
-0.54266813557678
0.0860019769742303
0.377281680658741
-0.186351110815815
1.00397285093725
0.0662955647428931
-0.680499697025314
-1.03650950523048
-1.38866930175723
-1.29216872864499
-0.0572549759307615
-0.288391581008171
-0.372378576648187
-0.0677031102291327
-0.0928991449375962
-0.261074542541767
0.78521511000243
-0.208006935011165
-0.384359041597234
0.487006397074423
-0.672224540704452
-0.80823008416835
-0.846409324041732
-0.605969418951532
0.227550902670583
-0.00799525153073984
0.135837504394852
-0.39851290033481
-0.898460037721063
1.12351797570835
0.888681595383247
-1.47996330910345
-1.70923638102177
-0.4362559287156
0.442831909420389
0.32705333852291
-0.0808457633494788
1.72268364321506
1.5156351410885
0.910881420124354
0.806125329033486
1.25896770427161
0.955546371652095
0.560324967805106
0.219614755848367
0.416376638967139
-0.530387960616835
-1.68678703848938
0.881212857479135
0.210971470665678
1.18133463353407
-1.35870593955385
-0.64763087635712
-1.75663636594804
1.67392823889305
0.84132331915252
0.135086223562176
-0.750756355034239
-1.01390985651012
1.38781305145953
1.18421234805353
1.05660043050702
0.646284402655331
-0.386695964853693
1.68498931665954
-0.316793722686327
1.12029030616867
-0.198112147577525
0.602193624696551
0.782068497645969
-0.330065853352119
-0.121402762554117
0.716072255413579
1.32057399972734
0.712809239461867
1.39031677445628
0.297605853255743
0.541726557123552
1.30924854483425
0.300553223276753
2.00577544091794
1.1695653894436
0.662404104579839
1.14028572137069
0.699872637797018
0.487126329371902
0.133149367252682
0.366532482220112
0.250900453077587
-1.028146199664
0.396714283255584
0.235189770552658
1.64684019133502
-0.141019269301741
-0.88699521701966
-0.977234759534981
1.24395070943365
-0.518240246397194
0.358063049401633
-1.21577925269818
-0.312432106110005
-0.0836252667103352
-0.614205189864919
-0.788969495474311
0.233458939049474
0.367142701291438
-0.727011072232449
-0.50093759365797
-0.994126508615407
-0.217629573698622
0.205118322093454
-0.313806569422335
-0.882551230412857
0.122544183081421
-0.626137953541279
-0.313120445107693
-1.50144149594629
0.0148246887080093
0.387726190804545
-0.176191091215454
-0.582689389864118
-0.379957178593612
-0.875066154264815
-1.98251702019458
-0.729105100756005
0.293359105644526
-0.46706997239396
0.389097681513157
-2.15183544724111
-0.118521040800157
-0.67517010533402
-0.0822879266055169
-0.774858787833731
-0.641075548386355
-0.137445508315069
0.330774216186369
0.523970363256032
0.289988248433859
1.32037650157521
-0.142025838501444
-0.254074347075667
-0.42022788030645
0.410607813033734
-1.1064023748005
-0.589892206096134
-1.18646958835237
-1.01997156577154
-0.91229638013299
-0.153597299113493
-3.55080973127513
-0.570597787722926
0.994595461289255
-2.17059844428633
-0.418210489292955
-1.29200896405399
-2.79802874017781
0.266348957664482
-1.20950746240656
-2.63965742601122
-0.589947562111599
-2.430858668567
-1.58779992129742
-0.916354904972223
-1.32017834601304
