-0.500498704231113
-0.432016403349907
0.0399363167344909
0.0665672527590402
-0.390382699759986
-0.47827487251691
-0.739953145609257
-0.551184357409933
0.119689094651358
-0.386801922297764
-0.0579055556323055
-0.262747682327347
0.0427079934314686
-0.272481466650817
0.307431501385332
-0.00397085244510128
0.351789766212296
-0.195345413652249
-0.443085984373098
-0.286691783527547
-0.0970407187549693
0.427060271911782
0.064554750719608
0.118187186440459
-0.0553291988135082
-0.198609699838748
-0.0532048714927469
-0.312080592194164
-0.0333971344093009
0.0755387367409278
-0.223429896689067
-0.0154706258058709
-0.18801446421221
-0.317704330907087
-0.00316019548984446
0.24122291180654
0.8446631325967
0.403021348366323
-0.946979003746108
-0.280951834970002
0.317846170540708
-1.47658795578226
-0.516272024197801
-1.31210759239244
0.811577247821299
-1.04465691901509
0.260702719312642
-0.397573535150395
0.0162637368267381
-0.816030171400534
-1.03367077807739
-0.511060188792288
-0.130141644890084
0.563847339369156
1.05697649221639
0.958915320179209
0.546352586711001
0.642466266073082
-0.399817226798833
-0.223924325484079
-0.823823609032512
-0.508124325900228
-0.430744846729023
-0.105185501758928
-0.280034488596985
-0.556535559811432
-1.26192439777768
0.929492751229282
-0.773918189606843
-0.238977012731103
-0.32769956129494
-0.00465198158398583
-0.758171993911197
-0.471694695358767
-0.987659997816577
-1.68728846675532
-0.804346591293044
0.368800888332783
-0.729941608966031
-1.25717506882361
0.165591276024067
0.386283298788362
0.511057600184616
-0.345243060713686
0.157205471434987
-0.166739176169578
-1.13121361539691
0.354989848004092
-1.22772209489691
-1.11147989248145
0.118610063322852
-1.06386566657598
-1.40655014005224
-1.66689277250892
-0.311851483111948
-1.09606972345329
-0.744162593793679
-0.101921797142668
-0.779420962275655
-0.967405662759948
-0.708562762113514
-0.829880642970858
-0.543899378642856
0.502817354694321
-1.37201282493267
-1.05935262486054
-0.932458561711319
-0.426810918042692
-1.1576143838913
-0.577364470490123
-1.00334584959619
-0.687163914422987
0.908726641907759
-1.26693235840427
-2.14813159175647
-2.11805192112454
-1.37676955044411
-0.470973257298443
-1.29587098852917
0.179789606863284
-1.00436242901294
-1.81989241798396
-1.04644369441244
-1.36874765025159
-1.2862544430827
-0.72266411245355
-0.193548992503179
-0.174886349728048
-1.16026642066691
-0.953398242705538
-0.475087584558882
-1.71817797840515
-1.18606236966801
-1.70794683890172
-1.99216504676391
-1.28125187512964
-1.22039044307639
-1.61672648882354
-1.15058247119728
-1.96006811575908
-1.29843378864392
-1.16720544377439
-1.45033559725856
0.86361491057857
1.17656865690835
0.890379883185359
1.13006148778624
0.77325251636728
1.12672954884793
0.204107507510665
-1.51804819751284
0.263127872265448
-0.852439184987145
-1.85715524716523
0.304849349458257
0.856740919386795
0.764766531467004
0.770027309317786
0.355870331883232
0.440546933898043
0.274657896616022
0.549197765791021
0.454423441332532
0.887034363501261
1.27937809232055
1.0523834744084
0.848729592437453
1.01278431240623
0.918618941123464
1.16468779534306
1.21103905884663
1.41601124551393
1.50461445347093
1.05294155647074
1.19311064080487
1.54004950814282
1.49719278428452
1.26753773069527
1.29585882529926
1.68702466579633
1.36648935604307
1.57628673239264
1.61331245669763
1.40692246631771
1.69158847544004
1.72266400629253
1.4906649826792
1.38580156825877
1.35584220115476
1.25862920844882
1.47019413992778
1.38553727862256
1.39342067461942
1.35872737179088
1.95340817981698
1.69243922546625
1.53891810854184
1.32742000146453
1.39617498053285
1.43774753403291
1.71216145201635
1.03383870992629
0.857629368167873
0.985285149783633
1.142900470846
0.934809410223691
0.907225702577419
1.12533958674337
1.39171098600118
1.05079557074579
1.49499673507991
1.2156240422485
1.31162075586745
