0.472477979989833
-0.154490255445625
-0.0427287208341514
0.774488156698836
-0.775212213727214
0.265801218755497
0.234005220964405
-0.12981429669806
0.395953916705935
0.782327305327911
0.312156211702215
1.58034079503004
-0.0245902843391567
0.397921491861824
0.836794282724356
1.63582402766203
1.11417026635408
0.582672508365455
0.820795205243906
-0.374048691479378
-0.0706181210285078
0.118900882967852
-0.0815999483260092
-0.0750766396603392
-0.170923793233602
-0.15858707082953
0.507628198614583
-0.838985663981576
-0.926979552551716
0.543478260177287
-0.0247784920358583
0.445139685072784
-0.494859487591379
-0.139416236939028
-0.617914952153786
-1.27976516493091
-1.74954377887197
-0.212786031251728
-0.0842856691370893
0.112378477334396
-2.32787222570175
-2.21009128147989
1.46710849156461
0.227245964879016
-0.930283340164909
-1.83785760914852
0.139059594033486
-0.0681926811184552
0.875572575363531
-0.838177258134073
-1.34932529571935
-1.17777201834138
-1.2099876137849
1.09325311566443
-0.280765232674725
-0.963313590241845
-0.354120200932721
-0.689102461038146
-0.251153671147026
-0.193053174114371
-1.17383960490978
-1.845077662781
-1.63968233306577
-0.777457091166216
-0.514115999756131
-0.921924700220064
-1.28016527314614
-0.23055643538434
-0.851032723689095
-1.47954096026657
-1.71517795617319
-1.34696882439371
-2.05084775260108
-1.77281682742214
-1.02653890911632
-0.450575781306827
-1.81413902668036
-0.559060698057425
-2.07952192188959
-0.214021302630609
-0.376622755843404
-0.761184218618788
0.956579267676574
-1.76917150323164
0.600402981418056
-0.192988967313751
-2.34061651494294
0.0549146742431449
-0.964366784959548
-1.04217710186877
-0.537257993869627
-0.492597318280324
-1.35244641991735
-1.08115819624577
-0.0785145827057821
-1.57487433082892
-1.16518714876381
0.0102565291811841
-0.725364613680248
-0.383492423774178
-1.56755351824319
-1.60087136503067
-1.02758019477967
-1.35018986269006
0.224787868088031
-0.144051556727374
0.652332551692445
-0.254120579030825
-1.1051503254417
-1.78615794198426
-0.704703547608598
-1.67092380559263
-0.191063937771401
-0.565187802885578
0.513300847251712
0.461790987911996
-0.257891104107014
-0.0722718679408456
-0.00308999425696506
-0.296918343422746
0.466650578306256
0.0704210205419923
0.269504338817274
-0.792806149534679
0.708017132332907
0.324123651254989
0.446625981581388
-1.8767813408276
0.307934968022673
0.311673326805326
0.248456917790263
0.778739776075091
1.00780115521033
-0.688950160237423
0.118702009932727
-2.03582279847846
-0.594105055717597
-1.18649167971388
0.848964709037122
1.12882413972763
-0.106069117408832
0.683903967034069
0.498619961338499
0.277727568448074
0.8639944573997
-0.175760841145129
0.325864508166055
0.0376717271694041
0.498126213811115
0.836743062003078
-0.263164418562719
0.83330760393036
0.85076849965207
0.986228105642807
0.610908292185646
1.02491427086527
1.63646720456969
1.3447301494975
0.423319273055668
-0.0601239703426968
1.3436919668369
1.09417196102436
0.913173250144722
0.20972274379745
0.513602696233365
0.313686365461748
0.995254163330882
1.26732112353827
0.636840673973906
1.09088799060436
0.869032338384621
-0.121113102454946
1.05669498039021
1.34234634962502
0.829573385704084
1.5236990517149
1.23798281481972
0.044818339176619
1.436304845494
1.24005076434465
1.33348768553373
1.9520270465833
1.49301390741898
1.93361747515655
1.34730399178257
1.77836794773044
1.46694607941119
1.87148236727267
1.39924631369172
1.23982408495911
1.25276093678882
1.23245319639558
1.45403490464076
1.56573050159572
0.649213364245274
0.581275262839381
0.406235073043243
1.48728942178483
0.190132034782246
1.16458573027602
1.57944771853281
-0.617562980673653
0.0497360082498375
-0.379278260357817
-1.18501353491711
0.300539188878269
-0.782347745699395
-0.544346545567796
1.27019014010052
-1.15054613003705
0.621248940499428
0.834197073314817
0.454328646646146
