-0.788169805896622
-1.13018713162031
-0.849892710064396
-1.04957807676151
-0.314042218613384
-0.0139257779076574
-0.0522653919129533
-0.173752545707948
0.193143266201649
-0.0351108090772724
-0.819639494848823
-0.816485816565857
-0.816643591424454
-0.330079591031629
-0.388414175838126
0.406140236690926
-0.14946593156363
0.30563752653896
-0.313339679860455
-0.0908828829174321
0.146529673679387
0.164920960786785
0.0967878347975394
-0.588099499073523
-0.88286309208514
-1.24314423095552
-0.0828209790995381
-0.869313894595323
-0.969535405982247
-0.729234444789081
0.0316778191092956
-1.19231757712563
-0.304387289852991
0.614239995338711
-1.16707468863144
-0.465976692555766
-0.736843487883226
-0.465718474706551
-1.27275576224936
-0.612947770420195
0.00211740573089359
-0.393977434920115
-1.14874141343606
-0.875234670156927
-0.0175853884965763
0.659666482817806
0.241497118399816
-0.874599484673737
-0.673749505936715
0.460811713952513
0.318564859901114
1.03114450399333
1.11750613105015
-0.316876764343307
-0.403171820629718
-0.169955975641096
0.0381074064126063
-0.14274579436604
-0.385693598742354
0.176788277093509
0.242327510256457
0.162905275873407
-1.78516597939391
-0.641626553262985
0.0954358271416437
0.0903792528123965
-0.184007919559031
-0.664535755469062
-0.670604091961341
-1.42652381550556
-0.696535935132485
-1.41719328416638
-0.261060417721635
1.28238339690514
0.353492722504921
-0.991553129436416
0.114962315996455
-0.523150826417601
1.52901477251334
-0.886311741443776
-1.34961158933717
-1.53049778292353
-0.623075584148282
-0.408279189163001
-0.670401619138501
-0.544845276411295
1.73383627993678
2.94975605953028
-0.0551198205846535
-1.00543501464085
1.70662793698571
1.39546647456081
-0.212187910687036
-0.0622252526363596
1.53987837534173
3.15036203292305
1.65578843245745
0.638043126585403
1.72715866571225
1.00918865591713
1.49824373847806
0.267344686062678
1.08947700199295
1.20769782503418
0.548839583948772
2.37540746144049
-0.547134193185354
-0.298607254771395
-0.809874656874149
0.197687009949746
0.349686549309849
-0.293409768907244
1.43847010758558
1.08095843556579
0.698099396533437
0.994544979932918
0.36825984161887
1.7596876649762
1.63223629987966
3.28072417247051
3.52580343892836
1.97123884545868
-1.0964841624063
0.0729040847799137
-0.628247492510497
-0.752046355988761
-0.941257355934961
0.0340310180832052
-0.935510801903469
-0.538056491397625
-0.537412258322171
0.875982819736607
-0.0237044588129348
-0.456431231855277
0.0158767526734982
-0.588416633883202
-1.46903703736485
-1.37784605151264
0.444595783656312
-0.348978027538083
-0.570091374371781
-0.0407317506004628
-0.240174661470922
-0.611756463802986
-1.19417684441791
0.422313558137385
-1.08773473871619
0.0465279472591725
-0.118580489085273
0.204671825365803
0.857285388425699
-0.976383872468049
-0.1592379925849
-0.141310829016469
-0.420910668017709
-0.768552078781904
-1.45600646201245
-1.26667261215795
1.9741059125664
2.17495970517793
-1.36760403109123
-1.11924466941247
-0.85125495914823
-0.0641117782263596
-1.55300690929674
-0.210698203200384
-1.58462514085604
-1.42267229729309
1.21233873139158
0.00745913379454544
0.0215541595169426
1.12843970094595
-0.420218654163248
0.132579139223908
-0.543157225226268
2.38524560143585
1.0425821191962
0.457655991735216
-0.310435907258032
0.479512972761408
0.194862125986554
0.343359665072731
-0.15286949750639
0.0604139396702995
-1.02411263264304
-0.246285380871459
1.01864349282961
0.0929271817745638
1.20788721775134
-0.375898064508882
1.34673222041795
1.38631314157864
0.278505586478352
0.580631569148237
-1.12547127017641
-0.656031373661227
0.49638533883751
-0.518292327736475
0.0587525310024719
2.11098202022454
1.43477444607694
-0.921089764922856
0.494654248313808
-0.665139509057038
0.426618144160598
1.98318059946395
-0.559318608739802
-0.366722463605754
-0.947761225133128
-0.886932740531358
-0.860760314904675
1.99502298874297
0.0077151129352873
