1.18720127536804
0.867361145273101
1.29677074292939
0.33055264622386
1.30963633761345
-0.883187796178909
0.217530213463596
1.14761419591684
0.978197342987477
-1.06954156593384
0.980917043680788
0.930473050961747
1.36992342392187
0.902674473783011
1.11869165012387
1.24838637459868
0.692014763053727
0.366446849375817
1.04485651577834
0.978723528702666
1.19795960503699
1.18224437625676
1.1260580329112
0.492733973083311
1.2528328420421
1.03531070232728
0.608560216598264
1.21412129106139
1.52293977985266
0.506296744750738
0.190768643405083
0.681224242222757
0.354841271422323
0.767338777118006
-0.179224104608155
1.00717942114542
0.694617560549852
0.791059166581324
-2.64843336952182
-1.41046623855345
-0.248701551694363
0.475660279702078
0.310290513518787
-1.52681748228187
0.867694108599985
-1.17486417945548
-0.216280879234412
-1.22970503622776
0.338230760013368
0.336226940350776
0.425838767187902
1.0624177639513
0.447031970803178
0.0816291003651116
0.957085847032219
1.30236416395918
0.448873987380633
0.479502609617122
0.839811337104069
0.231201769965293
-0.796744201628215
0.482479843802657
1.6867600005932
1.11369578257726
-0.371846660747776
-0.391239797332158
1.44469971513411
1.3115977901919
1.76904369621653
0.831439417455167
1.82170437584482
1.12332498497581
0.722543064108414
-1.70724285414258
-0.433124503191663
-1.0232288607396
1.11066428591501
1.42157483368417
-1.54646126640709
1.17282928756188
-0.296400324081745
-1.82398362394922
0.913093943620341
-1.08467537619373
0.848837810516382
1.30547657231441
-1.61424491476007
-3.61122125454758
0.139506560212254
1.32556930757049
-1.37246747388744
0.145242563229829
0.509123020005238
1.15765408058766
-0.270666333737286
-0.496382951245944
-1.10011944909411
-0.0328589013609579
0.133862938039404
0.785789254718588
-0.575794335685705
0.062467823049109
-1.60180692946294
-0.891663914382515
0.956417433257655
0.518553853255332
-0.0217682943710905
-0.406694752393995
0.311739921407324
0.48328068103808
1.02955336433194
1.01950963053786
0.554972374621734
0.99753362620764
1.25828232008224
0.928995673920947
0.602951599744946
0.678830317701645
1.08939076948668
0.73093971805708
0.869849156284538
1.04762159151201
0.00466944129268306
-0.164162002009527
0.270895266518288
0.0827937102325903
0.730093104818739
-1.56921826832262
-0.245865322158287
-0.532994586780735
-0.508099417129598
-0.000211984996805021
0.636379208181042
0.0242551066801675
0.249619888026532
-0.220041202503588
-0.937544085820415
-0.393758324615212
-1.31645004044826
-0.412199996789214
-1.83106336221618
0.056113155306892
0.321754668381277
-0.329479102175499
-0.852982720084721
0.261909209712175
-1.27874462951254
-1.48745344390132
-1.30714740614114
-0.785580260513145
-1.81304183366441
-0.081471822552896
-0.958724038404138
0.721914075118346
-0.484577290442673
-0.611286486259837
-0.775584264187124
-0.548302608682031
-0.875696920126136
-0.249896195686322
0.025186237480057
-0.210598566534834
-0.228485905926622
-0.510330275399799
-0.497563540311755
-1.19482700880477
-1.06746301427655
-0.278134865068985
-3.006154282292
0.152357492156735
-0.454960614860987
-1.21235431114589
-2.42354976286748
-1.00899700916779
-0.460681897653488
-0.260458291727794
0.885878539953059
-0.223588896954496
0.285398741685336
-3.24808682832767
0.0966657460053595
0.460431784146376
-0.939278258479611
-0.778728185110678
0.424211632020481
0.583746858172414
0.0742218562374359
0.486842584691666
0.055490665305272
-0.295416909663626
-0.43518767990734
-0.565501128628516
0.260870186809056
0.357839836597054
0.779861175463036
-0.277453802686866
-0.393073262568741
-1.10690956009621
-0.356347485206811
-0.740305720973135
0.0232950365709318
-1.04615142625188
-0.610165344627598
-0.614408238501309
-1.6550383692214
-0.0566877545340892
-3.27043950902712
-0.937103232760462
-0.424612208888257
-0.661272736076545
0.104663725299487
-0.482370772735536
-0.470556605483204
