0.235923503732877
-0.910679228946529
0.743511229678792
-0.755606872407658
-0.579594279425292
-1.23758752765774
-1.2551663953749
-1.04314916439947
-0.445833598979551
1.49782744317418
-0.726922369636529
-0.612442536248043
0.127160006280813
0.453875659808717
0.860085477831543
1.07833240893226
0.616995646382702
-0.514169106161129
-0.0156358195413535
-0.520778969425693
0.176843907224911
0.969340196617295
0.968810425750111
0.86671129105917
-0.367469505890051
0.387074977465455
-0.494894773163505
0.804982948753585
-0.0323094626358211
-1.0519920014609
-0.710631577552376
-1.25256407310569
-0.869765569527154
0.49402870434381
-0.993056456339859
-0.525683095684143
-1.35412574341853
1.18979218799965
3.53861509879521
3.08961987055796
-0.410632584281517
-0.235100491292097
0.947009136710152
1.92217663997643
0.649828773124602
-0.00672936405498571
-0.260928217937569
-1.30913577536899
1.41336190050174
-0.507190279593624
0.659720564393181
-0.460847781093796
0.352411047024202
-0.187396570545015
0.554884469783521
0.105752862337934
1.05169144961369
0.422509278336436
0.0319310308873772
-1.13629930054764
-0.742574248904463
-0.392215754292018
-0.523337234087107
-0.30828850126806
-0.625969896618846
-0.917510985597378
-0.756940350190205
-0.899957269839755
0.142450693853538
-0.184591780196327
-0.285484618932966
-1.33003117518995
0.185844805274092
-1.00428266036404
-0.381607009996123
-0.269319415854114
0.611341127119361
0.41553048987626
-0.110522931420893
-0.245179869321585
0.31739841854746
-0.275471672673097
-1.15133643100202
-0.253794698812105
0.67285614642204
-0.358972142321216
0.855989793408864
1.37542557125538
-1.71624947299881
-1.57171452453698
-0.934857943109694
0.343018996028099
-1.83308458263026
-1.94259568148669
0.434837909924723
-0.81906317164425
-1.25955985309701
0.271969326559187
-0.223302630241309
-1.27397504576981
-0.65110360028533
-0.826594384080693
-0.764724295618511
0.756952316741213
-0.599744292848798
-0.190475429845957
-1.09645493296601
-1.68105118957588
-2.00131342076226
-0.821456553913686
-1.58823168225588
-1.62200885096139
-0.0619385619841869
-0.295444383970668
-1.67043106085504
0.275287151080037
-0.915454891034791
0.148279227560017
-0.19932934404122
0.17367442666236
0.421987188468082
0.147478220193234
-0.100782178274397
0.257861719131989
0.97733936618057
0.0328775324354391
0.775655167819708
2.0772216328541
0.299215941520993
-1.39978000477149
0.231992383627792
0.0491186023805842
-0.467199109160699
-1.19800766771641
2.52759239424838
-0.301445546899333
0.606465683154519
0.574569991329786
0.147971452443924
-0.206244190597919
0.0853437107747067
-0.702510727551744
-0.0234716261300973
0.634933931759293
-0.0140735028575894
-0.0166093960797985
0.161185817914014
1.08232105004277
0.56415298847819
0.467018179347091
0.743542522604849
-0.980707408774152
0.158371354556485
-0.890885080882351
-0.150852934598695
-1.07676999843163
-1.70601774905519
-0.714202910613099
-0.377226045348807
1.57053433647243
-0.484620299988817
-0.187025050439813
-0.953882737656867
-1.59568159025922
-0.858004141399706
1.80433357041609
0.327743900735052
-0.37468292955023
0.451980702607358
1.28652097232623
-0.46244054580649
0.148153477529149
0.492454953376726
-1.05901556744394
-0.259148183950517
-1.54539658235541
0.192676303978708
1.27374032249727
0.670620434704929
2.45101593720778
-0.566753336860603
-0.322478324632103
0.999108853506722
1.76464969026819
-0.69878748532072
-0.495011067394194
1.59179382286436
0.899520041842566
-0.113134993602826
-1.21648196272801
0.465061698145239
0.929640657091652
0.0914262841983878
1.96952349277972
0.0710415549693815
1.58726322961135
2.65309068330427
-1.1304876550483
0.920542185707631
-0.0753577246142986
-0.447572389345257
0.565392735290076
0.788336171288848
-0.0691965166645332
1.23896843581656
4.10341652871406
0.378538401612185
0.642203697877355
1.2601197914909
0.426607928039615
0.191062195748666
0.129245667089681
1.0516020541334
