0.646735819153553
-0.120829746362839
1.46327835457649
2.10914590813646
1.33977368951376
1.46580707391148
1.56044003495716
1.47719740695048
0.926384650738635
0.782919100505914
1.54305303280927
0.594126909475874
1.66006066863927
1.45658151628319
1.00628198653975
0.678518694513709
0.270941059123564
1.87895115800737
0.682280793587518
1.04335397018795
0.737717418128179
0.175548910137089
0.0743975967273583
1.46951652317445
1.46588461682199
1.37482914136359
1.32836927199836
1.19433174053328
1.44716167838907
1.55299153172808
1.25292246825174
1.51276923460671
1.29112853706192
1.24421308473514
0.994182766140263
0.857810450400229
0.651744786931557
0.673146457577599
2.75856579676614
2.20978498965296
-0.124072259302188
0.407463567351694
0.924040473185346
2.74699768200127
0.195343378369783
0.790109663377261
2.16881163609958
1.63819911243665
1.5452346196605
1.03784103332703
1.1561537429898
2.59814165244777
1.95994029881327
1.51256779244531
-0.461569864956562
0.554964178001654
-0.344596366081509
-0.194758825922693
-0.00819743363670133
1.07394389748264
0.564711416409682
0.123065708625336
0.708006494353078
1.0533071741336
0.950022597623903
-0.227973330029995
0.816656716928331
0.260536733847939
-0.934244595773061
-1.06919602810004
-0.22610714773773
0.241862056555623
-1.07285028903292
-0.0158701707826301
-0.177044808528862
-0.971734589998242
-0.330326855917082
0.471316182685617
-0.397206192266863
-0.671039799258813
-0.0865125907717301
-0.596708193379039
1.35860764336297
-0.521176141919778
0.591041760622826
0.283538659511678
0.0936174832457695
-0.284593002889388
-1.49753295497193
-1.76295383048013
-1.29247494872419
-1.0930839160918
-1.21289885893697
-0.626870133856109
-0.494868912412445
1.32708242644454
1.81335151683707
-0.792351033015187
-0.12618406939069
-1.20614007218717
0.501883314945685
0.0572554462813332
0.748649748838235
-0.486609120661171
-0.894754525823144
-0.193055578754925
-0.36812630429744
1.56891565877816
-0.891608752381869
-0.339778285198907
-1.01597297049123
-1.00125956054563
-1.2189660904811
-1.40930452964853
-0.903850192571883
-0.985317945117003
-0.307323390726268
-1.56458282026977
-1.30680646026166
-0.11707029182649
0.0853721767035804
-0.886652334035649
-1.39821492318911
2.8334350080209
0.0629736348237272
-0.704163757909338
0.194040403499819
1.03603817872909
-0.0542221393176426
-0.969057589678822
-0.52257886667683
-1.09056214546086
-1.17609251749129
-1.3693542051585
0.99283454492536
-0.687558607345813
-1.27834912675297
-1.20621733358625
-1.00549972382512
-0.882403390261042
0.405252509799637
1.50038821164024
-0.61573101411628
-1.12610804777302
-1.04880022466827
-1.1680249434439
-0.877960418516725
-0.599069913415313
-0.760699851556683
0.0920934170287926
-0.754211740587791
-0.923571490827194
-0.275299751188991
-1.0541848076168
-0.840445836677
-1.04303239604287
-0.180009542858747
-0.709682270834863
-0.717214857385285
-0.41354406317903
-0.680217635814334
0.110749240912774
-0.719277886014883
-0.69818613322014
-1.18641094036395
-0.885552335759578
-1.00739799946554
-0.940617572478277
-0.569015361110891
-0.629179982032462
-0.42181902113714
-1.01404016950095
-1.1253812955731
-0.396975217676757
-0.906081104125802
-0.621087433354396
-0.104212466337647
-0.775768892931522
-0.407924311758542
-1.26268781804523
-0.388913611441608
-0.295082999291191
-0.12878851907926
-0.633689828383112
-0.272865904333574
-0.428832425913399
-0.589778851574411
-0.385996504170632
-0.412947550710974
-0.703301117990192
-0.908866574004507
-0.891314567354605
0.0425561221369249
-0.551968230212167
0.193116261260242
-0.123539062813311
-0.0681601560281939
-0.967838365170195
-1.34165378859368
-0.754832124773523
-0.988419033299239
-0.204264308118432
-0.244103469424035
-0.147126715536317
-0.303704627188169
-0.0640311406827521
-0.580334467062754
-0.386010497050417
-0.291228107636992
-0.338062037621852
-0.858277648270323
-0.693665002987549
-0.660577579670315
