0.403872029073207
0.325769397984155
1.38875771284268
1.68220911520754
1.52650978668515
1.08733036816264
0.651391929206115
0.857988354459895
1.41648005634577
-1.05980294438458
1.11495582583822
1.08051998949113
-0.069436820149296
-0.0728182618959642
1.00215694819759
0.444847177526933
0.38502871391102
-0.769365537282145
0.565057664720369
0.559084272004534
0.342246598366564
0.00872507051080195
-0.242240775289881
0.482598139798127
-0.73641156527229
0.452547441676728
0.678387072048557
-0.0384662661318605
0.261490520932469
0.935784909100367
1.5522163691123
1.51084255631311
0.773851418784167
0.114791274775255
1.34009546598175
0.605046519039905
0.529661204424336
0.128844437225452
0.885611418773119
-0.359846890195735
0.693545277574441
0.41812890135274
1.1702074788064
-0.565890571710386
0.166651382060995
0.0913851713404594
1.14410911072269
1.33384081778733
0.40380568686508
-0.507137183324477
-0.187137720180092
1.3989001604623
0.988636832212037
2.30080209370659
1.90490597867248
0.747560594137713
0.164208635880893
-0.0918960349287394
-1.06555555451772
0.718918117949105
1.0487863292415
1.98219991549597
-0.153780385769009
0.77286010209853
0.795619801565506
1.1422014920197
0.960496097614799
0.845924190057209
-0.223148817486127
1.18140904341248
-1.94850820506962
-0.0877084053792558
1.36628305236045
-0.0865134914197079
-0.358754821090711
0.420671035879501
1.50852117224536
-1.36336613848823
0.00964794248360587
0.245750332761751
-1.88179399032066
-1.901858282626
0.625533774224957
-0.69753538866108
0.381240374021726
-0.0764889681510282
1.02925103610744
-1.019283463675
0.286899253456646
0.739253206179043
-0.216545652774361
1.46108395290621
0.189070017586745
0.601809994993052
1.31026997948672
1.44385101764659
0.435217052506718
0.0700955607751683
0.890020400787359
0.630227439642106
0.596133894191079
0.479130309244256
0.593880282880616
0.00200036731252699
0.678623670654829
1.1133914307693
0.0280764539368936
1.12178830658248
0.48166953986045
1.28486400330265
0.894120775209014
0.640335732565411
-0.27726488552533
0.512974995764451
0.261967558294634
0.305079001456488
0.933620532486206
0.321286870032379
0.477514269950593
0.781192222021696
1.14960649723522
0.775020563267232
0.620686480345279
1.43922552567902
0.749065635571358
0.303493004566712
0.618527772979642
0.953691656747782
0.212049504954866
0.174999819604118
0.165447645900769
0.363651358267425
1.32465131007862
0.41559071448572
1.26559532433195
0.504085796299151
-1.36128931707593
-0.159946921532141
-1.17207041070768
0.0424766257427537
-2.03309697505341
-0.303881727794183
0.546955150546417
-0.946102994601056
-1.54111710687495
-0.116247737010421
-0.66796207358714
-0.375424251651373
-0.980090082139922
-0.236854178497651
-0.812149356073411
-0.402133980058223
-0.0739247581932642
0.467885688490609
-0.297707963604382
-0.797245649080202
-0.692926246944833
-0.538837109639457
-0.0142464289258204
0.410618362739452
-0.541575221232159
-0.702926374417439
-0.467219614572364
-0.227555141439411
-1.06134886176462
-1.52298908927921
-0.419541360279617
-0.868044967804278
-3.94344637937222
-1.01935405982561
-1.16167032235484
-1.51323750724769
-3.05280634924432
-0.0157542662074332
-1.20844360768901
-0.922868295161263
-1.16976657606706
-0.429312626753657
-1.07316849472031
-2.5557149330451
-1.07282074737902
-0.748581003517252
-2.06834120767216
-1.29728321490828
-0.207900244590132
-0.675057815869844
-0.0710568407395585
0.223099366829146
-0.695034312086788
-1.60303472370061
-2.31263442069202
-1.14134477208441
-0.547692050509127
-0.250004342221026
-0.732215179101468
-1.02874591812625
-0.573521629055999
0.00517592723465998
-0.993596059994158
-1.63762858359148
-0.893122074720432
-0.993303232107217
-0.731477689791999
-0.902029242474582
-1.74378531212493
-0.765880701527618
-2.0758165551966
-1.21920075267467
-1.30242355162342
-0.91111777841877
-0.391936619890694
-1.29576080351024
-1.01284579489876
