1.7016059179872
1.42637831253279
0.664484525650054
0.808538655056101
0.76087673546395
1.53738533438237
1.49477248853275
1.08001502805965
1.76947024510796
1.5952131198565
0.962196767407812
0.656393192423281
1.18063247737153
1.34105254303059
0.66892282613555
1.39753120033969
1.15555558957073
1.84891746413284
1.69575992802059
1.50663518947061
1.55368686060171
1.27373161737943
1.49360355107133
1.03297423041602
0.872328975751946
1.133375116131
1.24253142648911
1.13214875421782
0.933855014499309
0.49039367291826
1.86862400263294
0.498364558046474
1.64227298720541
1.09068521755173
1.74057218125459
1.05832544222141
1.13584246377608
0.736612232001204
1.11234446664913
0.903467832106477
-0.284104391014938
-0.0266624226579447
0.0323353257856958
1.33185312175364
0.811694473100032
0.724535815009375
1.13034822419497
1.23428167291863
0.398483676209961
0.586897571853497
0.4637382400527
0.0779246791658825
0.29513724037584
1.89068919757306
0.092966228901921
-0.641521597905275
-0.165873880621375
-0.296253983070752
0.30126443237569
0.451341054087701
0.670888597966303
-0.625960425714243
0.10270922684588
0.776955106762015
0.825549049687545
0.441758865684349
0.528744974842009
0.032570991837071
0.147256654761214
-0.472657335543355
-0.286681164892715
-0.756204404011538
-0.326399516918713
1.04048430054102
0.144098580261562
-0.0886873136313075
0.72324543161679
0.430884624480056
0.848578736303925
-1.06785271645006
-1.4133032137034
-0.844538580482694
-0.783351911000221
-0.353160526977468
-0.478236436336046
-0.364782625617293
1.00212009063703
0.45123922833065
-0.184287789395076
-0.653184835243747
-0.474637324874205
-0.54782311246592
-0.24643844410641
-0.303919154082791
0.161751788547404
-0.123044702677668
-1.22220035393749
0.84336764046575
-0.034861644103894
0.549535799157882
-0.190079684047476
-0.485081056894981
0.104013687067762
1.07277930739981
-0.582933093319401
-0.0218036035960769
-2.33469270271836
0.261892867448583
0.447512188950561
0.489338142430006
-0.172726777363158
-0.354321275945423
-1.08091567836139
0.0181828417766342
-0.992687990748831
-0.393396263734277
-0.616356620513241
-0.783927831264889
-1.02288624706979
-0.817482224075274
-1.00632581805957
-0.536521410140793
-0.413884723417079
-1.18752339086909
0.0589654814500723
-1.93247543301208
-0.673808516963333
-0.629195037592789
-0.521751163857432
-0.46411607073205
-0.643182454116348
-0.405773737868063
-0.425205238976257
-0.19081317295035
-1.06296582548277
-1.39799863657886
-0.623243469024574
-0.627351028593142
-2.36397465847473
-0.127861355104406
-1.18251168948014
-0.0944283588445766
-0.153737474417747
-0.902970917760284
-0.966605211417192
1.25115713219729
1.21476215044207
1.60106943175824
-0.0666627656339919
-0.800838025108726
1.37747734824335
-0.711230011905465
0.439275310003649
0.146830955360227
0.783658287958404
-1.65027268437413
-0.512675637892716
-1.55793721686667
0.92030647529166
1.55278491157604
-1.55585767647048
-0.946869597789524
-0.655146810393984
-0.945360104276875
-0.818671358667681
-1.08495508423365
-0.842284541597675
-0.128011306313249
-0.0573533206345146
-0.816308637613452
-0.883413535139285
0.085261690752227
-2.07024660997218
-2.25426639225134
-0.482528047890133
-1.87478839132719
-1.10242648361849
-0.342195266300404
-0.277982779244555
-0.393707766644647
-1.3545226591088
-1.55881086477624
-2.1156036103751
-0.435841010441484
-2.12708197405528
-0.161029193814496
0.0239594444389838
-0.193496503694993
-1.35986417774581
-0.45063371858537
-1.43313830808599
-0.590843817351393
-1.2820914850065
-0.849816288681397
-0.180787979521787
-0.999905855510537
-1.08175015541746
-1.43898635927367
-1.43620244387943
-2.38450951502032
-0.49078030980833
1.28916627280222
0.655854806233381
1.49644684164678
0.631108722115039
-0.0726496982395471
2.03027046882917
-0.103066015291267
1.49419062298015
0.235621603988838
-0.448001278876255
0.448714086212772
-1.04236093934966
