0.135553973157767
-0.0196784635425429
1.18757171102478
0.724970081459307
1.26401534936278
-0.17885443590144
0.148129542122021
0.339933743038252
0.0800736178606895
-0.343918709214416
0.897495487492501
0.662307877928033
1.43141550509052
0.972651669785093
0.498602615368521
0.736068382740366
0.775646685470266
0.460582387642065
0.495430995220797
1.10947984516
1.43307225678055
-0.00241559196314945
-0.725354395325072
0.0996326381643614
1.53687205010019
0.851587374178469
0.41399676060943
1.29334981776129
1.37821280301168
0.278286495679229
0.244338836957768
0.705378162612292
-0.345852076062877
1.58693615391926
-0.122073703857121
0.84773303028775
0.686551461041148
0.361506466961231
-0.507298262189417
-0.563119881951161
-0.0612273236896304
0.0661132524292478
1.2539823483203
-1.51411673795613
0.473978584169574
-0.393410595523217
0.795504624755227
-0.22663372491
0.522915369870729
-0.589739716406097
-0.0928053907430437
1.51647687199981
1.53059658072043
0.68033379923864
-0.885099909230307
-1.01466739753058
-0.504779777667976
0.00739117558800963
0.0740387905273979
0.336839855824199
0.690592206328313
1.00812449458359
0.319934969558247
0.232242555715814
0.127170010156722
0.227174721080912
1.32645635141214
1.05779009932489
-0.252910119411241
0.592194173426366
-0.220558376810144
-0.275525763033522
0.0528547104465195
0.208840163711872
0.348370882293851
-0.323294496135835
0.047872948540524
-1.36406216476604
-0.415775042207071
-0.985782372296615
-0.970621767603288
-2.10560910420812
0.119983735459127
0.173290155251292
0.44706846736868
-0.768107151382948
-0.121717105608432
-1.38908099492442
0.629430603706552
0.0110886282926945
-0.91844149105157
0.325576795152344
0.824975268336228
0.701872638157221
0.390247587465105
1.4579371184564
0.498706566124715
0.323660965346041
0.39357184177888
1.04845340154901
0.104332640525705
0.486241832822616
0.680983423703038
-0.166446185497735
0.538993095075059
0.637987066527792
-0.018864647740721
1.14984204240111
1.17218421705207
1.02909766540456
0.725267041695394
1.00779857979463
0.330888399081763
0.494052482753152
-0.504973458598616
1.56013328636082
0.027374211774589
0.543499280336498
0.544194129839625
1.14048579504185
1.18051237672407
0.984716755806633
0.296565713760667
-2.92261252842295
0.0300206067579753
0.159356891477336
-0.0436921965861623
-0.534637561538281
0.459062401829454
0.688696987339252
0.181841528249541
0.527953731215802
1.26154770477079
-1.51094631210376
-3.21962241453951
-1.97441646999733
-1.37647673477849
-3.36775961454599
0.530870888854213
0.591710261271466
-1.56092164791309
1.32441314013236
0.355559861522429
-1.56623724375114
-0.468767233370337
1.11091441976885
0.270976384534778
-0.139282468111525
0.321879341605423
-0.0048777777694764
0.35341506648068
-0.374541908370074
0.0517385748029649
0.698986668510335
-0.0213356022963184
-0.300413915400674
-0.414002161686583
0.211523089812057
0.379833877808752
0.161453749767477
-0.0337102022070728
-0.0555994774051846
0.316611443114447
0.999969731718209
1.01084731404617
-1.32655437736059
0.0845661600287923
-0.139073674240307
0.453581067485738
-0.34881606074155
-0.550747322661348
-0.571659571365503
-0.921336786048048
-0.141460451415521
1.19258513923812
-0.586321718126435
-0.358407410520017
-1.54311229638345
-0.400064409031677
-0.971228667337684
-0.138029846151905
0.47531084985174
-0.447357210814423
0.245546728079191
0.539276470264449
0.451533737421244
0.766654535134055
0.26102919909652
-0.392402321236464
-0.685845299563528
-0.352562756635699
-0.370150261430436
-0.382425952062669
0.156755467136222
0.751079132443554
0.127648698631874
0.161761209114064
0.602192184237812
-1.1273525824799
-0.979304434450341
0.890982053736932
-1.77858407500821
-2.5650662603397
-1.99940498424167
-2.87767401900284
-2.02587413867307
-2.75703581714515
-1.82875776214065
-3.36671710716446
-0.799065352441886
-1.19201868858623
-3.48057651743693
-2.08821548625616
