0.646469581915611
1.60895004880007
-0.274661568299745
-0.187002139994064
-0.339426860845591
0.109595756482929
0.0030472423951442
0.33403489838094
0.341206844009515
2.37539424876178
-0.251332098823809
0.910768764373034
0.0807857780756551
0.221799001621499
0.232110686589112
0.185517807419333
0.782897370611278
-0.132990123931224
0.762310215985563
0.00829034287121626
0.0743058503049832
0.575894711414255
1.52565451187752
0.707119320191009
0.206367435355969
0.156829569103195
0.122897635079647
0.078281185653727
0.441751335598318
-0.00761543142221664
0.283764997647442
0.0329285251733253
0.214763773558675
0.0453020129945543
-0.280826086985804
0.0788948254158057
-0.0493966072076626
0.271008394607421
3.10070536510494
0.336543435675931
-0.362323926750781
-0.306968178458383
0.764170008195218
3.09771225575914
0.449445280069816
-1.0563222585056
-0.398641916739332
1.19525782820543
0.602645730093764
0.0867854057214174
0.0737817037161915
1.92009854103993
1.68542167794938
-0.355936277813704
0.411607312940323
0.596538716680556
1.52090763063376
0.872017279190078
0.874506385282624
0.571674968519229
0.424344148534927
0.446228596106316
-0.894843763802513
-0.863867721426775
0.452408250655297
-0.467032613181296
1.10188764255983
0.301260798184487
-0.339887603880976
-0.120692625338385
0.0919213115367994
0.87262775702534
0.487974347522046
0.652131672623901
0.800724056878619
0.842661556152182
0.0855792522980779
-0.666678797266907
1.76220289497768
-0.135736598933203
-0.552327401371205
-1.62421186062206
0.222313828470082
-1.78478804159329
0.0329019783610644
-0.520756300761387
1.15051752831215
1.77424189872643
-1.12091957135039
-1.03195759038607
-0.114360660959728
-0.185048649332548
-0.095403948006685
-1.39304664462576
1.44318613894091
0.857706549787265
0.573645125790411
0.937557357646304
0.5853200715088
-0.90209668427763
0.859305205543379
-1.22866910842376
1.03306815695899
2.53242104383372
-1.06095521928674
-1.54834138167236
-0.998442214425324
1.21877309220168
1.53647637480923
1.88015970336082
0.470758461295891
0.533216091039465
-0.621734604431722
-1.4333872189502
-1.93328501391638
-1.62499958608673
-0.982183981227953
-1.52413436750591
-1.24074278369445
-1.605584150876
-0.788726994716211
-1.46330647684522
-0.787926110667807
1.71494523614646
-0.651017087038815
-0.870981311662059
-0.392859679303706
0.817078931889846
0.248254102153263
1.2253234354975
0.000195400979667314
-0.691305332544991
-0.770577680655963
-0.0616438493129218
1.95271218423973
2.53303280246384
-0.574491462032976
-0.90940738601811
-1.04792657164835
-0.465545827956245
0.152971705806285
0.0468154865569928
-0.562795176697671
-1.99253408950057
-1.13852950512451
-1.82187361345209
-1.06156817964398
0.838974270195012
-0.00549491936022733
1.73380797664372
1.77001816337761
-1.2303593399594
0.480997030287578
0.389894279459996
-0.208071843214
-1.36271025595457
-1.59726252661021
-0.949364687708053
0.181265038192306
2.07971496461634
-0.870602568863609
-0.142826308138271
-0.533977185502227
-1.21071368581143
-2.09648825215186
0.201808317611886
-0.585027292991655
-0.906949399269052
1.15524713530901
-0.542290902502117
-1.03131887876181
-0.176992771741475
-0.668500902937314
-0.873955203849708
-0.246349718038115
-0.270554157761339
0.380348939966455
0.44615579337781
-0.187440329968483
0.551792455052026
-1.31928918175442
-1.2639641695201
-0.425271533018842
1.11669732724806
-1.43116085227259
-0.934896193481778
-0.417100700385005
-0.539992618575827
-1.36434018694851
-0.826023678114731
-0.200865419198977
-0.321390963089573
-0.0202666171615095
-0.46300203918469
-0.873204899936601
-0.881847759941378
-1.29718752201005
-0.881526434440921
-0.297809308934664
-1.3226487427465
-1.42510682528603
0.0471823920143848
1.17664779112569
-0.0822193674979106
0.70806544450975
2.27827279145253
-0.407788736893131
0.672983590218259
0.442281172288955
-0.0698285918015115
-1.10247586669426
-0.0170317383505262
-0.329699650819842
