-0.03526923649614
0.134006295837377
0.423001188125104
0.158549161065405
-0.525626836206444
-0.0554331699545279
-0.0688591994833248
-0.1764108894756
1.21915194549213
2.21987179852423
-0.664244701781531
-0.239605662553255
0.0116765211250928
-0.327807090803992
0.999782398051131
1.90756551111311
2.25992098652882
0.387384779839917
-0.0117748985730701
-0.250115364465174
0.3065910712912
1.18605453174613
1.5081464943737
-0.465823992157316
-0.464649354824118
-0.407277564461025
-0.975860719027772
-0.385655163550118
-0.513321737466182
-0.471449845464569
0.676597156764181
0.0762882916434879
-0.245552450869044
-0.319431067216924
0.76110837593686
0.22829517341857
0.435284194952686
1.03439356630029
3.8800661877612
0.953227664216213
-0.75812956466822
-0.60934860917948
-0.0977176793361426
2.62272053056913
0.949176261549808
-1.39885220631717
-0.824698987702235
0.160648613653197
1.22660072911455
0.314492144627367
-0.322567724432667
0.0572369166428479
1.50644966936964
1.0108225895001
2.61446008033432
3.47128576404338
2.79857065239007
3.09156279632016
3.23676021901125
2.94270907608813
-0.136671892200203
-0.390381779743582
-0.713290995485619
-0.601058598563224
-0.737070420044292
0.0011685319016185
-0.110057087556287
0.286732643762271
-0.74022895890599
-0.768468713607143
-0.842502159381119
-2.17928130356239
-0.829610747480639
-0.521812898142483
-0.0218334761744627
-0.883599041997412
0.314940737196286
-0.705134716684205
-0.534979562669402
-1.53757137062541
-1.06668242116208
-0.857830700851934
-0.0746903153923324
-1.28436343981019
1.16404785468156
-1.23533382101947
-0.715109540228782
0.702862875704245
-0.699285379728618
-1.05746393650304
-0.520646683117811
0.477883513186804
-0.281285080526663
0.606114842278499
-0.21136082971331
-0.503804804495694
0.0123698746139391
0.723418330073033
0.833974647944241
-0.240412282425179
1.44175917993983
-0.522644985079779
0.927402094701958
1.2164807330933
0.407198409251441
-0.18767618297512
-0.375533993116389
-0.182095932805318
-1.08168396768536
-0.186044354959162
-0.569959111598803
-0.342234630140635
-0.0376230146800431
-0.363594087312858
-0.617068028086978
-0.0254495766420883
-0.897839720177821
-0.0839784406677138
-0.46062793255802
0.0577400132523695
-0.080544904652809
0.273343726365033
-0.422360780092341
1.81322586230646
-0.0491642888794828
-0.749388204296122
-0.886741586773102
-0.930646316992946
1.20507753455936
-1.7463733718821
-1.51949498732814
0.173090728356266
-0.326983862202626
0.574440080676699
0.238592693952028
-1.58906664357551
-0.620446516339862
-0.406631275092887
-0.822311666213607
0.412183619993281
0.594140171718825
-0.272585320614135
0.336369323234532
-1.02278708367093
-0.251699136906094
0.0714675626770712
-0.227262702738047
0.550554252425646
0.0621309183018444
0.220803157017065
0.855990076035688
-0.845361868854544
1.6687349415333
-0.238290480088617
-0.132152359930567
-1.40664277970011
-1.06093597137985
-0.516862405671399
0.0397707875619226
2.2901347531017
-0.899677140246818
-0.728169738526492
-0.700897616197186
-0.586706892723387
0.101132795379516
0.0445593824793446
-0.318208471905891
0.0372748404554272
-0.318424811449975
-1.12860216782103
-1.07682607586397
0.213358420240529
-0.397345869239687
-0.482940044349992
0.368129865581339
-0.556636978688972
-1.2876469335833
0.166895846317336
-1.1690058441238
0.420429607937414
-0.98897266294286
-0.0282121115424516
-1.08963946426287
-0.327726319198475
-1.58502102383845
-1.27811119495535
0.566972953912009
1.39182046803406
-0.588893575361389
-0.822035730057263
-0.78819602922556
0.121221560692126
-0.412095299018319
0.582920220972195
-1.56551027677098
0.116617256805514
1.7638698442046
-0.365504681979172
1.02127918518809
-0.658303690913421
0.160045285490993
-0.252629620365724
-0.187737794332261
0.0944516773226484
1.35834272956816
1.41357280011398
-0.901120253037667
0.116663010327728
-0.95356509462041
-0.168835386727985
-0.545031144756911
-0.241877985624566
-0.307958488862426
