-0.3986264237928
-0.940877924396699
-0.00211037577091077
-0.688323317723393
-0.643257217304038
-0.66039508690491
-0.428868108556728
-0.541871390327557
0.0313000761591494
0.433964533057492
-0.646344980455085
-1.11180432988248
-0.787320754527552
-0.415606656901894
0.0354284733439247
0.711432021622719
0.641745698211276
0.00808476282413743
-0.619584102432965
-1.00592409759515
-0.470145743710694
0.644643862723611
1.01029941854061
-1.25128265337509
-1.11368018084604
-0.959702135905357
-1.17369096966824
-1.24477630546273
-1.05321993623873
-1.31723963409552
-0.604538574215734
-1.17722356985203
-0.637459548838799
-0.755652068453586
-1.57433981938865
-0.43244388519961
-1.26243852181402
1.67366127311247
0.811271388301578
0.610740148746764
0.0535435125227756
0.389928545669835
-0.359274239748969
0.594101952218632
-0.13672840585671
-0.20985669662501
-0.31715478435365
0.665686782794506
0.235054824649536
0.232561465332246
-0.203515979557596
0.808076291793385
0.733950934149078
-0.0422484292497137
1.1856890339862
0.853645483149351
1.52080174533398
0.853029496678426
0.254804717931596
-0.210325054136292
-0.140705598412827
-0.605217698816469
-1.13575814955111
-0.649649845682355
-0.525761729490021
0.115060150163682
0.398646631192516
-0.282733551258633
-0.578153567049881
-1.44127799614725
-0.488034956157436
-1.47993589098309
-0.498786763640262
-0.41446088678768
-0.439999170996621
-2.02755107377071
-0.429379213352079
0.473577251402372
-0.779702959685181
-0.987426008790398
-0.284469891604386
-0.853987838427406
-0.246732183052058
-0.780363701114617
0.308517918191535
-0.341369079730873
-0.901146000869521
0.213686431407966
-1.52454434415318
-2.15531888344845
-0.599062499380374
-0.696836867766084
-0.644069467956541
-0.308606730366006
-0.352770071432791
0.793454221933619
0.990233343483134
0.0538796524742599
0.383736398288677
-1.20589836565742
0.77985131886071
-0.183173326684136
0.490620669405808
0.695102348959309
-0.937861409784179
-0.558014547601971
0.644057496443447
0.268119152593742
-2.28640958588086
-0.684388036978914
-1.83564163192308
-0.623137197973721
-0.967407423421073
-1.0168850851555
-1.95324638030752
-1.45245175517284
-0.632229318761472
-0.774456495628571
-1.38811969667136
-1.13368592637347
-0.817608465217215
-1.45779052838934
-1.68131720865671
1.10194132705598
-0.256052792044465
-1.39667110431644
-0.838703903781878
1.16465533771925
0.239485136223418
0.342554811036592
-0.147828370654883
-1.74787147236787
-1.4810876251903
-2.11296138842668
1.45526105557159
-0.0751149773674862
-1.32890702375731
-1.36381709849566
-1.7262695388772
-1.25796897332969
-0.0963900504468356
0.425197083434989
0.765199301566505
0.451067118663227
0.911057002140626
-0.176885380140823
2.11998174595862
2.06099439737841
1.92075848591896
1.81886078483932
1.69269318195407
0.546346048190254
1.76303617724962
0.428186426279323
0.541650591679631
0.147342968386194
1.09266241094144
0.253981747225058
1.36520449527732
2.66657063256981
0.989731536984756
0.974299659207425
0.714173341621151
0.270447909332101
0.162290864139907
0.333917866366779
0.861699839972572
0.451881203858679
0.585897636240068
0.803658071678707
-0.0370603333490264
1.04962359376894
0.964392281118721
1.28600692469599
-0.633136035406511
2.19214785822766
0.728728491201372
0.61240228127898
0.732596186014048
1.71428046679347
0.253296044748261
0.353476168055901
0.20804065171219
1.27506247512783
-1.27215893118393
-0.274332113193475
1.30418193503414
0.695271632324466
0.164482990933342
0.59107131394737
0.97379600044287
1.28615629201954
0.667107152918704
1.40542674158378
-0.807600189723909
-0.10430430062729
-0.473861692300507
0.553879884350564
0.399776330213704
-0.458147363138709
-0.243688989217432
1.27370533028498
0.564155949346881
1.50590119156835
2.53862278055073
2.22866199322569
0.951716981229389
1.03173580134609
0.133124557849019
1.5562659004068
0.807531898671786
1.77566409700385
1.08924075430498
