1.22289569788559
1.07896917560226
1.03038604313476
0.293854765359563
0.274134222982401
1.14332608252573
0.938786067059647
1.02065409376894
1.06027669159068
1.60856252840567
0.793253840027512
1.64524372712678
1.12389825447179
1.02866386277021
1.88487486020351
1.4342787758645
1.65682747144811
-0.358584915716857
0.991310557144571
0.865336875927488
0.867678489164198
1.04623262917974
0.98211901643015
1.29449294955987
0.935945875257575
1.35191286199979
1.58295934317689
0.921624572643193
1.10297159055392
1.15520004262478
0.841148499412057
0.834052557243345
0.518159828619887
0.751581722049886
0.415478333519648
0.671934555163127
0.763824642191089
1.09110935914904
1.33548209488659
0.804829942099053
-0.536017209419651
0.0432719160048034
1.51653334317077
0.748854104302165
0.455995310088306
-0.558082122441039
-0.0020624411143511
-0.203131211943123
1.11398256061839
0.479919829949879
0.580531709521833
0.661204316826813
0.910835912214451
0.444337882619453
0.401452152474787
0.683202723827216
1.5172965177742
1.01716977464266
0.771194891551523
0.381535920554764
0.114050725978449
0.558555828943247
-0.204446705088078
0.163835642907407
0.0423527343207747
-0.381929120457363
0.835288203014353
0.273448377521211
0.0596776348590469
-0.703254617046729
-0.272372288133347
-0.753155342840705
0.0529545297083073
0.248271049818693
0.505675348972536
-1.35916963670152
-0.12309406055824
-0.376590596754376
-0.464889413727934
-0.28716954784621
-0.413207563565175
-1.4229054498649
0.0588745065934037
-1.13251231131893
0.221980574811291
-0.29765813478675
-1.74012501195976
0.392929463945298
-1.12475556353106
-0.713987512368048
0.145219555987066
-0.0844162305604855
-0.982459554872402
-1.26702733940743
-0.110387968306032
0.233776289194477
0.89983649195297
0.744560604738617
-0.107174297402455
-0.384153344859504
0.0264452454839463
0.261170286712891
0.194805628475158
1.01895838520654
-0.359599040562707
-0.754071906539375
-0.406797849563675
0.644521924411872
-1.22762947192969
-0.845194357047451
-1.48023546574933
-1.13949529736146
-0.191459202944763
-2.06488588583518
-2.09206471626231
-2.04560599633758
0.763222847917693
-1.12776367399725
-1.88639084094743
-0.715578787897951
-0.963570021466586
-1.69886601325896
-2.07631203108027
-0.751743517250869
-1.91471279486129
-0.703130420159769
-0.276163182956171
-0.300606768707384
-1.53126359194863
-1.42185123029934
-1.40042955816233
-1.68601554161556
-1.69266851810724
-2.14135932405498
-1.15355063034526
-1.25437453380505
-0.5910590585318
-1.79158215353824
-1.22863803575449
-1.66558657267714
0.402704350303958
-2.12808578095811
-0.379262673355479
-1.48702396391733
0.825685042709068
0.0193931150960323
2.28449167936198
1.5282745862757
1.73419810283244
-0.318143132898937
0.482546100624587
-0.758841320088183
0.756841526940502
-0.39066153847646
-0.695287652653961
0.223735078963008
-1.24450769878991
0.107716058342787
0.527956549155707
1.73743095150308
-0.369710154438194
0.384270334777583
-1.3718333661994
-0.586956778124556
-1.67125816242486
1.30940651532604
0.265637644234904
-1.33250133488784
-0.440566605821273
-0.571609518877379
-0.0620732154142539
-0.266488868637204
0.324234727018072
-0.394951719921362
0.650704615514265
-0.0607594978291971
-0.12638777090499
1.30804605775043
-0.125939525418561
-1.66083172815608
0.0358556010114454
0.652866676712539
-1.15996028904924
-0.346654529056295
1.30381996264944
-1.19349246939569
0.138154906965466
0.0838369440583885
0.696818405666186
-0.793318595004574
-0.195413661826775
-1.22131085960382
0.282704931751914
0.658192643893185
0.99034525290165
1.43412610374993
1.26016941762688
-0.13781214167586
2.48402675013268
1.09329391159533
-0.946220532259436
-0.438657027063011
0.38304445879004
0.409495842903512
-1.04709300856222
0.421549198907928
-0.79554705746055
-1.07729791386545
-1.51322755093233
-0.249398307837015
-0.602082180282488
-0.927965847023697
0.280532191354498
