1.07416851339243
0.713142751216224
1.09618498953236
1.14875162772721
0.957973624615006
1.13426979383559
1.33069482246168
1.50924800931584
0.997302529644648
0.341230520643613
1.02653180729624
1.16852668517645
0.922710477364372
0.712525160684486
1.26510649054282
0.893780069745076
1.04699780629331
1.44492543934596
1.47646389366604
1.01302147228539
0.7782346403194
0.437009897737005
-0.0554853387782097
0.995522609286869
1.06369610422683
0.903834233722214
1.05470127324596
0.922742098927416
0.869191503257198
1.19337648266275
1.30214026084103
1.30946428498009
1.07733553930621
0.961586824625218
1.08777721396939
0.690140122631361
0.860913646619851
0.763083716518739
0.917596719694792
-0.175673430187147
0.0476475070192434
0.470569371054488
0.838838740853404
0.130204573118388
0.662949183090637
0.26380886738149
0.513426776149168
0.561580637844147
0.922236091146035
0.734860462092736
0.728097953024146
1.07500091316413
1.89744159518037
0.845945622682603
0.442735328860169
0.394763475740017
0.00177528455696253
0.272283857329801
0.664198497136784
0.781642008491444
0.745662189022783
0.565282094067643
0.890406177397902
0.87010183346417
0.303628614233141
1.00361774855416
1.30596105325681
0.448007973103085
0.5802814595909
0.467861497336188
0.352928235460673
0.0541185080102323
0.361853561896126
-0.312451394746907
0.473445415536777
-0.453222889689547
0.904281279627166
-0.524972233056546
-0.939168260399836
0.0897725471341522
0.0338442383716684
-0.392468453674171
0.504775996273943
-0.0282546000888795
0.388461680101746
0.347683264699642
-1.33482202790292
-3.07441872980066
-0.773888975329479
-0.281278591574664
-0.517089262521729
0.607267018398328
-0.0213820833556737
0.437776181684491
0.0944136629421639
1.10323286925076
0.170478899738945
-0.707245648064227
0.744395581618851
-0.726958392667244
0.392772274507588
0.547460926589273
0.606054567147108
-1.04247285150672
0.433361764216049
0.958749565086547
0.0918296024194182
1.25041746411783
-3.15979183288946
-0.79758349573125
-0.215413104535299
0.309024011066219
-0.304608911458206
0.555162446388093
0.461023656039293
0.86251334865437
0.713936503150785
0.450855399201407
0.256616015359667
0.632073957362756
1.13082711712281
0.516299737122534
-0.776125297081881
-1.45900357853509
-1.26798220308924
0.0698254266724541
0.165845203844285
0.0347551522984536
-0.205654363054891
-0.0641660061975875
-0.10334835312755
0.098724848986387
-1.07815051066861
-0.0885999535260554
0.190906360495332
-0.0701947828045593
-0.666345687839923
0.135471971366488
-0.399145782977832
-0.62205897217169
-1.32488842295419
-1.23939978823848
0.540056629668194
-0.274458563402128
-0.469069982355373
-0.4960561741215
0.100655639289808
0.137869038534428
-0.168058064305024
-0.30869623522747
0.953902539909432
-0.0368043930348705
1.4913767775353
0.157605902996243
-0.606135360078496
-0.296023661158601
-0.451749209939643
-0.218558399727913
-0.0160655895238053
0.237391473492224
0.211993990968124
0.0591946417114563
0.0621827798875188
-1.1143827443026
-1.52958012386804
-0.794114552590025
-0.26085288876264
-1.28670645427396
-2.21699653747702
-0.803455791659515
-0.827936673693594
-0.871617036090946
-4.47546444708303
-0.0462978949965783
-1.491781943393
-0.84094586063778
-0.612223510551053
-0.847639453956436
-1.52190935554502
-3.2670971586179
-0.926714920253655
-0.31969015793146
-2.08916632028073
-3.02244049175188
-1.02046733799236
-1.05580411281034
-0.307335831488937
-1.20106059045718
-0.605203414937132
-1.77154387125296
-2.0182618270876
-1.25286532138401
-0.382422447378997
-0.563540014477856
-1.78979538527526
-1.1503373922778
-0.595579999225101
-0.0992477954743994
-1.64156649777981
-2.1246175447199
-2.47365888959617
0.894951505772443
-0.850075676934407
-0.25079577673453
-0.346310619747311
-0.643898287769986
0.79033729882992
-0.44649670837302
-0.67501238235725
0.186208090668523
-0.537192155125541
0.705240201654938
-0.439429772703532
