0.142004269001233
-0.0134528756500406
0.816926298069403
2.7215084566921
1.37893200707444
1.56847733197255
1.69481200086211
1.93687283586009
0.618546998130622
0.00988584163235437
1.64957777492809
0.552129209504567
0.120692250717617
0.107667451210389
-0.0457745867647603
0.419521774003869
0.171970979440934
2.44035305223343
0.0703822214245729
0.516396644007528
-0.64469730320825
0.00532124784699268
0.292775211373325
0.886049839326803
-0.187135136405421
1.00856180917614
1.70780879022356
0.202244294926157
0.318499496711352
2.0694240607339
1.30620734502327
2.37021811725354
0.713746943754867
-0.0292957325488099
0.74415805536655
0.323432232103762
-0.160245427336505
-0.741113775560551
0.206352440080752
-0.0391752094528396
-0.171436306463883
0.627902876330404
0.449166094142593
0.467036679076481
-1.46609072341897
1.6074655679452
2.4499646941081
2.2622096420436
0.59738120361939
1.14200408708237
0.545374010694278
0.572098719713758
0.851199804671067
2.70684157710043
2.40901239513003
2.09449868755344
0.899992143101833
2.19247350267795
0.709154944864476
1.88287507525498
2.27294479550604
0.913660271158144
1.07085032846449
1.76094792321569
2.30230725902378
2.40789036278282
0.519626400457414
0.192092757503811
0.0473097329871496
0.788148392998984
0.409419162603822
0.540098578300852
0.928194136808641
-0.643991429489986
0.109490572119472
0.0785604448783641
-0.158562292701263
0.201439126743407
-0.30755114111517
-0.391086270992958
-0.158449346294226
-0.572658046591203
0.207807322290012
-0.666841502375607
0.331826954762349
0.215616593999501
-0.589373557674176
0.180255698268437
-1.70581037512731
-1.22009549633135
-0.908517285124166
-0.696913599985804
-1.34988544416411
-0.824630514376825
-0.377437278204193
-0.320289444770577
-0.447875031368662
-0.244542583224481
-0.687279097543491
-0.0787869405113803
0.443061830764781
-1.6904894334326
1.21707941471016
0.669906292640422
-1.05947317023505
-1.35169006075005
-1.33115687907549
-0.388636879584715
-0.698111509552472
-0.256169901562766
-0.158847662119542
-1.24961507347097
-0.64626516366237
-0.671709008127546
-1.91451941366295
-0.840729168509117
-0.906429757350769
-1.04616241576578
-0.930214213037639
-0.962585891722426
-1.31323377833596
-1.48523080885508
-1.15211606749801
0.21359589145858
-0.704168981114844
-0.735984527640758
0.601016116145991
-0.299872238159717
-0.694241103013203
-1.50216474411234
-0.581367580731095
-0.360114948412006
-0.245589755835301
-0.282382630740017
0.680877333108242
-0.395812143977671
-0.176244042966505
0.00177459653062047
-0.994592548072522
-1.20520691417413
0.841806755725792
1.03558021369246
-0.501760334734087
-1.73124992872967
-1.75453950732049
-0.318062898640563
-0.786972457379078
0.0968867445926832
-0.748062839681584
-0.758528023366574
-0.784642326517705
-0.834649699001124
-0.211022011886636
-1.64173016241348
0.448488375953082
-1.19006219526684
-1.71969463815424
-1.01441513795768
-0.86034682873321
0.723860932851111
-0.234568507092498
0.524466481777583
-1.04772905043299
-1.0629721640854
-0.944256542060608
-0.646412704985164
-1.13209675967094
-0.811178071027419
0.288173126008484
-0.801320333680946
-1.19442887421839
-0.898754233307919
-0.563225467761167
-1.26815459449944
-0.525102871182366
-0.252968130369153
0.259992919026333
0.890760420318594
0.00997799290161945
-0.715489452606567
-0.219871727977758
1.07189294671391
0.952172768838311
-0.488279821204441
0.0347329874566903
0.349307370992116
-0.144261916702588
0.998543187656912
-0.409401922000621
-0.634870685968502
0.0213526937401991
-0.0359150161007698
-1.3343800728772
0.765422219781471
-1.14884092596353
-0.377256336588569
-0.823286789805255
-0.223083675478318
0.33986656807046
-0.392808884947848
0.0515958379336573
0.347357325716265
-1.29822393867971
-0.685040987521444
-0.133142066817729
-0.562995469716463
-0.621944762887449
-0.50016837285099
-0.871512989092105
-0.041978285491435
0.626743260004303
-1.26670331559963
-0.294401524686655
