0.766136910711452
0.474968626549412
0.686016576822073
0.369263146187778
0.5518745196402
0.893661896455548
1.15376396222831
0.828469074435122
1.52935133414005
0.727571255184542
0.570987319845559
1.16517286865144
0.847170545490104
1.06249569577392
-0.117839115268578
1.43875359906364
0.6314897773584
0.87941603310545
0.800647517503319
1.27825772396122
0.935436312287501
1.27035244823369
1.09136625772166
0.934307003350342
0.894470624081881
0.803526028860934
0.587738544524197
1.21482189898049
1.19473024916639
0.575026100851798
1.27833727394121
0.365522005243654
1.18139750500126
1.16992081044306
1.23617821385178
1.10032525230698
1.22556471757053
0.770907083247206
0.503849939520191
0.294086287183935
-1.19883807265022
-1.23874801807
1.82446752650607
0.964292191812804
0.142363213276208
-1.05912769875505
0.367788165142539
0.0234644653334119
1.73412286675104
0.781586187783283
0.942289588525669
0.965890925930205
1.24645012499415
1.32153249019326
1.07038309804758
0.429390548018589
0.828892734004475
0.741493767763546
0.989887650759435
0.636059246071295
-0.233773942919119
0.241283753829163
-0.0938069987874369
0.0266869446723154
0.182989011290844
0.550797357978117
0.243958319317599
0.613672682421995
-0.224018548757353
-0.358385633677154
-0.336421134872116
-0.236744314233751
0.0681331379857006
0.374995917892946
0.371875224868976
-1.09404271605569
0.0758697859253292
-0.135143348767736
0.722510196775202
-1.16859275004704
-0.439453119504674
-0.524825796386076
-0.0845419244018834
1.01914625862877
0.518064290149006
-0.753037874677836
1.18890877504448
0.806328734232013
-0.165999160901076
-0.504455994047944
-0.565993327421455
-0.230387446994387
1.86663562212714
1.52997930019931
-0.611088116931044
0.715762388863476
-0.459210256747942
0.694705941827337
-0.572084629373421
0.225480171683597
-0.103054558154261
-2.04349291947355
-0.122768807472228
1.25483810500544
-0.557435692210252
-2.58403142520508
-3.16988754922775
-0.338501973330316
0.464627448440488
1.71406086193641
0.646972775365438
1.65923233603615
0.23160819776813
-1.03762954973111
0.557075654664643
-0.615764571676577
-1.83796461612292
-1.99547722920934
-1.11819201053809
-0.642651132021367
-1.82944676433384
-1.0947529498787
-0.795239399406327
0.602201338239118
-0.122464038169851
-1.60462856458213
-1.05373439193027
1.29545588782751
-0.0592070249080465
-0.631906849730169
-0.0336979415811834
0.146851981088348
-0.453852471698124
0.990631956310816
0.45701911072184
1.43409944279062
-1.52707572741041
0.24779826798415
-0.778301603496978
0.254936805160895
-1.40070584977534
-0.408948937293237
-1.10924247454065
0.565136314587519
-1.57736438390524
1.66498433223736
0.415660198716718
0.6870248314746
-0.37523201908537
0.927518265167884
0.140549542943456
-1.33573739632689
0.11360505984042
-0.676007223879961
0.0123292989359927
-1.56976623064411
-0.818139961712508
-1.48118928931959
-0.155146974293608
0.832843939820375
-1.74731642916402
-1.72558731931212
-0.951944117424148
0.30023813261373
0.648212214170107
-1.05163596571802
-0.996386840891903
0.096939554975265
-0.777120667720978
-0.726408068381573
-1.05633053133725
-1.20306199591226
-1.80752026043803
-2.1653103951344
0.319368982229875
-2.3204815737688
-1.23386531862908
-0.605628769715742
-0.555989962923739
-0.294890512106046
-1.27295837237859
-0.951190363455312
-1.44912967495047
-0.0787870319435416
-1.37105369815732
-0.735452831826162
-0.0594813109293543
0.432126115152018
-1.57567209864001
-0.718749183840683
-1.63308157086951
0.269123527925153
0.596820918787879
-0.505732636986352
-0.621175561429801
-0.757462054606977
-1.20757050984992
-1.00511607787519
-2.11564091948958
-1.95198259871066
0.342262380848043
1.25931624177041
0.45118263069665
0.630100882044776
-0.913755487335575
0.803372779039405
0.987315581702713
0.186235507943113
0.673675220299625
0.803860329987481
-0.224482031129849
0.0662626922430149
-0.681794006089326
