-1.58702399798626
-1.66312512407773
-1.39220223075584
-0.784112323469739
-1.09992664301967
-1.54650814104905
-1.43796534847696
-1.06986784026361
-1.0458106002197
-1.41397453291985
-1.15830944777628
-1.33892784100287
-1.75917774450286
-1.73118358378096
-1.3269021524722
-1.42595506568257
-1.09035487643254
-0.710108919859759
-1.5838620415775
-1.46872762737959
-1.60139959594324
-1.53737572504668
-1.1512485682054
-1.38349731436893
-1.52092898918542
-1.75400911367097
-1.52967456837568
-1.27008629437804
-1.52265372674651
-1.36659215066939
-0.982853365794152
-1.03750177578229
-1.38147520516457
-1.11025344090843
-1.19278146441135
-1.55941503555117
-1.38914646378916
-1.6094708911911
-0.659029580081605
-1.0342270339953
-0.550837116564285
-0.0879004971944988
-1.32693713107654
-1.60986236651774
-0.207248511253477
-1.50236938015736
-0.887042334711221
-0.348610115705023
-0.578762782088371
-1.45829480742563
-1.79025852631054
-0.255753359735695
-0.248426394882478
-0.561634691264909
-0.961264111796288
-1.13711147785907
-1.28363290998746
-1.27877017737739
-1.44317688736903
-0.672615869289047
-0.184146992047874
0.903094987042446
-1.2160787774429
-1.19371080045539
0.16061126956741
-1.27427376723467
1.30815021724883
0.840020669517284
-0.812434406578666
0.956761334782104
-1.43877770859973
0.156666044075542
0.963996010423577
0.0386526456534151
0.498414193323623
1.16490008308947
0.92056512701368
-1.37570259897372
-0.181184988037755
1.3344951017531
-0.0668903205770283
-0.124136284445953
1.0517790465077
1.16363943496246
0.862844656188511
0.477911484888438
-0.11369753509298
1.03281505091198
0.320652836458686
0.374234027669927
0.640132555317565
0.158654768650221
0.477285176051556
0.836359534429196
0.112195359207332
0.134065929815094
0.762727536308102
1.07760046596423
-0.0709634315592056
0.402928212095535
-0.102047359322627
0.259727713284609
0.109702094552738
1.38550182995213
0.957020377870993
-0.165150836782039
0.580831119112791
0.829066508653167
0.849662065214402
1.18406055162348
1.07490064963459
0.613554867943433
0.180120035504617
0.249807470858663
1.09154067592216
0.857838244941547
0.847843714739851
0.382282244077806
0.394618616263875
0.286718902954137
0.235699856237897
0.172490049160957
1.72848831820111
1.40450906261354
1.70654834536963
1.32843546819059
1.19463865828568
1.18133473787972
1.16518591627377
1.92621088136984
1.61239462453143
1.54566884673294
1.47526881448053
1.7855263318756
1.82637394032316
1.94010593540762
0.616285013780916
1.85497640740896
0.790349103412972
1.34887355617425
0.765108893467369
1.55636454150988
0.718617147122069
0.345636799606012
0.851583602375256
1.7283620254825
-0.233691335068628
0.0118490741722881
-0.205917232376865
1.04203488276149
1.14462009846567
0.544744311854299
0.435278735944432
1.08150161320633
1.28219619572771
0.691531050261458
0.389611781095653
0.605802468838109
0.799983923620378
0.653218795417018
0.898477575619589
0.288812833109158
1.06740630314427
0.914123542159411
0.921134294175506
0.109835945540831
1.12405998928835
1.13496467007487
0.373322580209179
0.167541541690119
0.358470078136646
-0.207192545967121
-0.644839832342231
1.03409445905892
0.640188503692264
0.507587357828071
0.734314346125276
-0.474597807928198
0.300611136444648
-0.955892309105906
0.570322997672156
-0.174443089652512
-0.0887129094149688
0.274041662489505
0.792622963813224
0.410904988955772
0.618359953586719
1.17351483447035
0.53249700947025
-0.0452055154910311
0.232232315520536
0.498992089194799
0.313642133631749
0.358079000114537
0.396938579539342
0.310378152532599
0.067967726730799
0.104756614835597
-1.34892719149301
0.397829176847992
0.560118049764141
-0.392119009364314
-0.675756943321503
-0.404591970318519
-1.11113261780721
0.0117742237673794
-1.32220872112389
-0.458379050413262
-0.388225270621522
-0.408135832988515
-0.483076166849523
-0.618323429525775
-0.575558457039535
