0.342617778240327
0.460751042695401
0.436882358368491
1.15662923760207
0.892241000577353
0.711603457547332
0.737424937774331
0.790856417973439
0.480756968846512
-0.00346323872582205
0.665561033298722
1.09917717809797
0.587575494041759
0.321260705841861
0.649553409435326
0.276656634764985
0.508217222957726
0.987049830708013
0.510945270764499
0.568702471635822
0.307040641206589
0.340055601146383
0.532685471579242
0.879694475434227
0.865523502617427
0.641439763665436
0.687589331622867
0.865533180247283
0.739596105317261
0.708829762454446
0.699739280922718
0.680716018546577
0.640326730976801
0.475949818096277
0.689426856938921
0.31371638070111
-0.0633017397949671
-0.00942874874567586
1.21087935523751
1.72829133116513
0.794483778182114
0.688483548714868
1.43101434794293
0.226354425806673
1.49847356096551
1.46802362615688
1.91857020800422
0.999532445894135
1.63745790300759
1.58776252025207
1.39990455453308
1.4447907196906
1.72096410523999
0.841365798864713
0.229655230934582
1.00805134285708
0.822869809460724
1.03311905256931
1.3681407491085
1.4780014014798
2.0223465008088
1.61354675338478
0.694086242506794
1.26341026173718
1.53142802961554
1.97675114166435
0.820080284203863
0.934550673967578
0.549006873716911
1.29168648279359
0.922833225618439
0.356080696843565
1.07149070473208
-0.435663525461907
-0.17345326406716
0.141811269851264
0.668663497834892
0.231736084915698
-0.849477451458708
0.420135714052831
0.903426534303859
-0.154670613791639
-0.222948563996927
-0.468331215498366
-0.245735158024101
0.160328004887602
-0.934458933366533
-0.883760855995313
-2.81557684817883
-2.18955893226732
-2.08681989663772
-0.330337614319924
-2.11272507774409
-0.926266561213816
0.407817186534917
1.02788425236201
0.268278211371954
0.89111086053033
1.12697573726794
-1.47015411455811
1.11662905930874
-0.979950024419871
0.562579446600672
1.39894855031818
0.1235169018819
-1.10188335590361
-0.0871959351602569
0.692359015463487
-1.86535899925037
-0.00133432339260397
-0.539504092619737
-1.95049536424505
-1.58610505548956
-1.44371676780361
-0.221874374814269
0.0533658599518869
-0.551123806075619
-2.67362282288522
-1.225387335473
-2.36402173319728
-2.11502556377741
-1.68807172142653
0.252261133324522
0.424217183081409
0.079934887639185
0.0807047009122976
-0.190411845996998
-0.645114145843304
-0.459895889316196
-0.99966004118538
-0.487876192496355
0.429236411400283
-0.367068103189114
0.360809505661701
-0.67999871014383
-0.638968643230909
0.759648430972612
0.154453165267125
-0.224592349880657
0.463825378974307
0.454738047341631
1.30269165271698
0.814077876676873
-0.918856172608358
-0.543486725740431
-0.110596784177324
-0.601717962531654
-0.199302583188421
-0.300284401824378
-0.265515438927805
0.394572566119818
-0.209258105801741
0.629231531430923
0.572812570805074
0.503278062833539
-0.384013202849464
-1.08767598634472
-0.0522906663952591
0.504321073553835
0.658613331513953
0.686630824463063
0.611039328463788
0.252799614557336
-0.814697103705225
0.152152428480099
-0.115136912358642
0.0336235803506761
0.597035094804956
-0.661455436599468
-0.389748890548232
-0.591518760547934
-0.703048562305092
-1.61797291080377
-0.102434092746936
0.41022212988177
-0.633725613614781
-0.386293927642138
-1.09206600193432
-0.911096285807414
-0.699187278626078
-0.755111908751646
-1.21403578231671
-0.105753099016404
-1.16296937472887
-0.638593171667617
-0.310066005909385
-0.043182288347821
-0.231281833669801
-0.899997810790459
-0.735658036404845
-0.956852429496319
-0.313592629568716
-1.15662450502867
-0.328378430747429
-0.970521224496356
-1.14661149770325
-1.44826922957625
-0.224340549639618
-1.57735050598411
-1.81200183195719
-0.185431897038857
-2.01222952099693
-1.24496859925061
-1.26459657040912
-1.49272190278363
-0.179193261786189
-1.83700073183512
-2.07270109913607
-2.12249031912101
-2.05198395871077
0.16545210387764
-0.964346900735685
0.534864403448155
