-1.77458642359114
-1.55733471755039
-0.731373541385857
0.00809897316987314
-0.108427137725151
-0.13174800482294
1.23259845205229
1.54094313913439
-0.274362786319088
0.358844097421716
-0.562024115433611
-1.04502483823288
-1.42773665724889
-1.47939623839368
-0.765402896260936
-0.883748915268822
-0.683532552234739
1.30806064179785
-0.651035759332631
-1.56363398270583
-1.56089033070589
-1.43614526393145
-0.307918300210714
-0.975887450936103
-1.55144080409357
-1.05519938188087
-1.02501667586859
-1.63090868712363
-1.36658021373906
-0.119221387917835
0.0137646425878102
-0.736128763639967
-1.18067205147313
-1.37610489574413
-0.82700713712955
-1.49766647497088
-1.24287967645751
-1.80093299123429
-1.27383703572972
-0.142957626338262
1.06920496902401
0.105747107995815
-0.291725816719036
-0.117439858013269
1.02699707109459
0.0588561534811844
0.816120563124134
0.379193649961181
0.480902725272368
0.296742854711494
-1.66861713928444
-1.46200545332546
0.330741395659682
1.10175564525037
0.835075783462193
1.14430317016324
0.300885807552842
1.23392626656089
1.74882546184613
1.30275961704288
0.660579026089428
1.20862692063121
0.806184899284679
0.592484499213854
0.994677766610139
-0.134893638608635
-0.231989104693181
1.26062631451948
1.41453160792313
1.5085356613969
0.784087956678598
1.49742065426818
1.43387924580978
0.672313583186225
1.54659224949857
1.14231052471319
1.19739144436632
1.82231887875722
0.655139617469964
1.60998748614306
-0.19480950425237
-0.543308954414568
1.22295341179521
1.0104938868693
1.31964280746461
1.56294961258919
0.582197207456244
-0.998714874811359
-1.33983038263618
-0.639547967512782
-0.457530810668443
-1.72699857916507
-0.696935325786354
0.0903975845304744
-1.80396880025474
-1.80299309033877
-0.473229791727849
-0.635141865765694
-0.277452663337485
-1.21831237670456
1.27876073014659
1.55903140094111
0.868996465106566
-0.477637995031228
-0.277039413310969
-1.70998044184316
0.779863484536743
1.15566927649957
0.10241863032231
0.202654762562428
0.409405908207845
-1.04302475667208
-0.435155653945425
-0.989695744373491
0.779325846145935
0.170241360008134
1.03569247344595
-1.85132828491392
-0.720792835690974
-1.76375031735168
-2.18178802770252
-0.783237998679441
1.90336295453581
0.377277672661974
0.265316992952348
1.26662187559244
1.29450775917074
1.33006183885439
0.999980196244731
2.12273419209827
1.85498733795637
0.748253235419069
1.09541590471276
1.13669974625731
0.642483847437429
2.04474513207845
1.99270435953268
1.66291359081937
1.59062246509655
0.723507493341001
0.553575795738268
0.250225068444032
-0.374227653351026
-0.521795132850803
0.575397927090151
0.956983642040391
-0.753015242198844
-0.781514479577266
-0.328039325565099
-0.473167996877237
0.187614296199568
0.225992515912423
0.288795175843541
0.110370475862019
0.458541792925516
0.26502807616132
-0.330079421057039
0.101240057226276
-0.134670229994581
-0.41302198289679
0.611237352374914
0.307132893448025
0.48937478543614
-0.411321783041818
-0.545848732084208
-0.243074106733993
0.371772830023165
0.197749156450735
-0.249116834562694
-0.489375680683782
-0.448215444685727
-1.01252309368673
-0.895521980177219
0.738819315245886
-1.02157184924161
0.137371499394562
0.849716534098548
0.530312554131885
-0.183088863941701
-0.433824629337871
0.00429822177104287
0.168666223474685
-0.598680634533651
0.11244439097849
-0.628648991799327
-0.41473691717557
0.368940284643532
1.00829308584617
0.334398485471959
-0.870131608522775
0.70229723662673
-0.858262144112005
-1.23654304010912
1.05403394278656
0.440440557464147
0.0213213629887662
0.0176172812828305
0.43710149925509
-0.30925864124859
0.960303090475948
0.273946517500969
-1.67564287712474
-0.849408863169632
-1.5899682079469
-0.725242989473449
0.072908736486666
-0.768929137085435
-1.06582235537243
-1.21716724483885
-1.74460672034238
-0.398281022777712
0.108531726339915
-0.287735314412154
