0.702363060788149
0.724364102237478
0.484633597878668
1.04873688961508
0.685684486208301
0.376318346072281
0.493579091580534
0.677320933337285
1.0699075050299
-0.238462701687725
0.718646649903046
1.05194276950263
0.199724583827055
0.353310832272768
0.354477810241789
0.530367970470343
0.432840300788092
1.15389950995564
0.791595139996763
0.50704505448973
0.554346947979499
0.3024056576265
0.271039449503894
-0.247369720239647
0.15521462248307
-0.128833747631427
-0.166870025833388
0.253501089512359
-0.0203878798298724
-0.0379104787170984
0.997123023274261
0.749972292130001
0.111069178501382
0.642525621071416
0.527519832518749
0.237883002178259
0.594010583527994
0.18136825112488
0.389990144678357
0.514644389300926
0.640732700521362
1.22886426736367
1.10896085582848
-0.389188878345602
0.589011764212196
0.991294893427312
0.789348257283652
1.29518666011315
1.02160949223117
0.709183969629377
0.696900433392925
0.8720947889803
0.538058510048357
1.25697718974214
0.773240445067144
0.629887338852918
0.383503450142575
0.370041363391861
0.190442082211247
0.892307550656829
1.3208566685493
1.39032521101356
0.224886812294906
0.75123749994661
1.08371165537815
1.16954654584155
1.58569844032097
0.554917889464172
0.679552408753781
0.987189261421722
-0.361440934616771
0.470506931598568
1.25247042738761
1.05357027688077
1.24999323312933
1.37625766750202
0.987729019463034
0.062211329931755
0.866539849539799
1.16558840498242
-0.636717899593701
-0.873958024527011
0.407763769571249
0.786501214854564
0.509511301298383
0.385569143863284
0.748857217249833
-0.642734766277772
-0.992155582188943
-0.536603713591586
-0.854971100124081
-0.151735950539512
-0.0153729494552311
0.569692003596041
0.0248461749920283
-0.279980139284847
-0.371438433497403
0.476275607141493
-0.284292277080794
-0.0615207298065115
-0.441250848929932
-0.618412744243756
-0.621508310362597
0.228634716463116
0.27684750622276
-0.725686450035875
-0.943467117086291
0.542687207614152
0.664880921614257
0.922735846862289
0.805731649954411
-0.170423311074479
-0.818163293200015
-0.176091345171612
0.804726938087631
0.791896981754206
0.0389504976367483
-1.70088934784847
-0.17048184962083
-2.49154293056137
-2.28035541405969
-0.340798493517417
1.13609676247006
1.31198461751205
1.15703076394497
0.829858413622561
0.62306186097908
0.673533124152599
0.607909222327349
1.30097893224287
0.936828670248918
1.0122835269995
0.94719224986091
1.2321955044814
1.2156875159565
1.34698366244487
0.567973465926125
1.20073593668782
0.401210870941411
0.739057720137194
0.990454191054095
1.31577612982423
-0.761335955102263
0.0309944271298015
0.220545278005497
0.993912315819406
-0.409841429831393
0.267525540568571
-0.698442653062062
0.416804466245881
0.375462378309297
-0.505956339814912
-0.528919419406478
-0.0178436396452883
0.46570483815066
0.105363739625711
-1.43303256032199
-0.205939791902286
-0.491539619436361
-0.289524522590986
0.216363976382429
0.0321958915033779
0.243721621177256
0.269078680261092
0.291964509793731
-0.303858565891479
0.636677299316456
0.486866655996105
-1.69485947753446
-0.996933494022584
-0.565124387026222
-1.46542630656637
-2.00341239136382
0.105004634120315
-0.0503405186291052
-1.18940315212256
-0.929472772609138
-2.04517080350793
-1.7975829706031
-0.991654685710186
-1.16496831036741
-1.76641334763894
-1.31812977384007
-0.904921011813168
-0.889450694074312
-1.71411822255113
-0.764377509331835
0.510858349936395
-0.831612027180761
-0.835519175544003
-0.849355220678715
-0.314020604898394
-1.42067468355229
-0.907777263115808
-0.599605808836088
-1.23122579116074
-1.01029502955943
-0.849394197421387
-2.11171758320716
-1.60764290655509
-1.23640091977197
-2.39502618094745
-1.2026255130978
-1.69204458323881
-2.09927908564731
-1.26504808872069
-2.02922350663281
-2.71126562403389
-3.31198572307209
-2.6094566728484
-1.68196840809536
-2.2511588225468
-2.50845957377441
