0.229424874642529
-0.0789749627711067
1.11036971616018
-0.368794077618973
0.559735062973582
0.912160805871313
0.866885814956843
0.907483883388929
0.777353255613749
1.61631138647306
-0.392854059900105
0.255912541905462
0.789165525576719
0.86782535999253
2.10400365403903
0.719538964514856
1.71673080497776
1.52977066763117
0.266929800866703
0.0283446504628626
0.0428769405625169
0.128796380724106
-0.106254781249295
0.36089904150146
0.0955332202633313
-0.225505271009437
-0.820039036671514
-0.128485880345983
0.0467865105975916
0.157056705709221
0.659863172705449
-0.124214533300722
0.910928378618124
0.0360330854970788
0.730518616287077
0.23622838440595
-0.392540434282807
-0.129236245206803
2.05904249115347
0.752186750547762
-1.2191603827491
-0.531192884933744
1.34594399059956
0.389406658340562
-1.1680041892985
-0.907752860424222
-0.0879272446339221
0.129279465770523
1.40377109644339
0.355177844021542
1.93192634377688
1.4153471517248
0.321838591981407
1.0725189233921
0.133665257722254
-0.291027800534472
0.0413983435050597
0.268235713606261
0.454255205449444
-0.186937954371668
1.02797502436482
1.06286381375722
-0.708044125863465
-0.333669356401158
0.33179324516449
0.284355617775008
-0.791403500676323
-0.798778344119421
-0.425292836030336
0.376908685181772
-0.67181776254846
-1.55189463623986
0.794962647420122
-0.335198094116264
-0.415587832846495
-0.910548861573181
0.916884535484731
-1.19646211485479
-0.852104194351728
-0.935438310581881
-1.11063813708659
-0.705841701409885
-1.38395785374317
-1.2121379275756
-0.821522826301143
-1.17465936543388
-1.32007146483928
-0.452654043393797
-1.33973442900753
-1.11096586595903
-1.27455453838279
-0.799699690106079
-1.06729174482954
-1.44934782592016
-0.234530432954364
0.106735070179607
-0.37874426787094
-0.996353906694061
-0.972424951420526
-0.825808926699457
0.290993183851695
-0.55348343841913
-0.162120268492714
0.0949845887921697
-0.969956429992869
-0.841766895444913
-0.717859636078015
-0.183602752653844
-1.3415113764894
-0.578077669347287
-1.15385052163238
-1.09323875341893
-1.29671792942621
-1.56776930047978
-1.43507852454856
-1.66597125819621
-0.72450513125161
-1.411846663525
-1.25404934338333
-1.34604053578262
-0.937524971845924
-1.46170034502137
-1.14691530662396
-0.927341065032144
-0.0865504841863511
-0.752821676589228
-1.08104666787017
-0.839727547784841
-0.387621714827413
0.524898839818879
-1.07866084620043
-1.18092914694832
-1.66235501654947
-1.41613634770845
0.588731046588305
0.612887677097208
-1.23128780954773
-1.19914006290539
-1.48197612978812
-1.57381307014903
-0.573589945870431
0.185429574242608
-1.33480724112516
-0.293471229325881
-0.63364388521185
0.719262162678359
-0.612710308475855
0.249803217458794
-0.267762814045435
0.933503933404188
-0.929588926006127
-0.211198827341646
-0.278105136102431
-0.944235693571991
-0.301302118865581
-0.721349621190819
-0.358958412562383
-0.284590858527893
0.463354432860334
0.716353552672154
0.891195831389607
0.534205252522522
0.0322860820000037
0.562409958696625
-0.0927400573365781
0.315432573086804
-0.839880421949573
-0.614253670840194
0.550022093566838
0.23461099306804
-0.828719275703221
1.37326849151414
-0.702297027238266
1.40537893940286
0.267646682759194
3.00975041677366
2.49722212147839
-0.353631897469755
1.39499318397053
2.4747454564708
2.32862008432109
1.03668906201884
1.29303331136571
1.70094485536258
1.25211874787103
1.57557242460247
0.473941712467227
1.89830477096748
2.36449450084595
0.258431757429533
2.26465842378471
-0.135549196190591
0.187098274058993
-0.837550246890177
0.985056573871252
0.425544592086317
1.75936116797944
0.653036063455954
-0.421816990842826
3.19200357216097
1.73112275609097
0.335661390059936
0.0199451817181591
-0.0565577103169866
0.183823941494215
0.90349340415776
0.310504355708192
0.546090266733427
0.732082080267266
0.0786190442160118
-0.175605342433315
-0.0983957174297777
0.307827404597271
