1.21832390628395
-0.406996638506629
0.366543032435907
-0.898248875596454
-0.729648869804991
0.790562856978788
0.337390966828748
-0.0302250214994797
2.18986649430339
1.60669654246819
-0.400293694497785
0.407037206565654
-0.0783593079619295
0.294592798701542
1.11067810327754
0.525597600039413
1.47098175316652
-0.586285753465181
0.0710874626084552
0.211409271420389
-0.313647996966499
1.04125471007272
1.71539486671201
0.577300717212924
-0.340717127108236
0.0986546688221978
0.272726269994053
0.0932775581599193
-0.137576926177788
0.0767608431985579
1.24920370836967
-0.32050502489439
0.962910298152934
-0.430397911782346
1.27566913417641
-0.0422049116069301
0.165561448295337
0.735281395425745
2.242885900133
1.04086349349492
0.744817153048364
-1.23996906513429
1.58189698232391
1.42686281534322
0.414431402625644
-0.0332757791093525
-0.0429907618165592
-0.0474246565466409
1.67653656712234
0.180199888478362
0.586100909124369
0.907001602785561
0.733767177553216
1.4392760612043
1.04996035908897
0.665413288876653
0.580909995581495
0.205532708642134
-0.334727466461507
0.780249948814361
-0.91587599805113
0.354071396723722
-1.02152721087403
-0.559871002988867
0.396859958703985
0.327293779756488
-0.28081417269558
0.890882329611023
-0.920058897670705
-0.602520212974723
0.126730552278225
-0.0739122189388272
0.0233936285354042
0.0522057800645182
-0.168243363689194
-0.614239334211341
-0.248726477729887
0.123103481407246
-0.378126629211224
-1.10760256642384
0.128363797459319
-1.03198864106015
0.695601421168161
-0.108781013349083
0.189726894571767
-0.404636720288906
-0.662191910715435
0.880538270871118
-1.10808008572177
-1.63321025554768
0.730306881493004
-0.455653650307281
-0.466702867771123
-1.09155984559296
0.145894034606625
0.243526179385943
0.473529653265693
0.113371505566898
-0.141900847921263
-0.876668262526638
-0.789302535653277
-0.601450230508508
0.0150270286136476
0.920501688911872
-0.861067227686643
-1.04217486905176
-1.18736109720424
0.142440898282358
-0.996805533740716
-1.05013849528237
-1.14296672562228
-0.537380465733393
-0.488841982280732
-0.881302647247966
-1.47678658371737
-0.938539697279422
-1.01742683607889
-1.38974074000174
-1.13206700369581
-0.785537745706803
-1.40749056068318
-0.919028604524945
-1.12821602691596
-0.182631120601642
-1.19944734744839
-1.32038308312253
-0.593364377673721
0.192115786404052
-1.23293312895132
-1.16598745301877
-0.150239586230328
-1.35382683004854
-0.923374507221761
-0.936692602204
-1.55831100003038
-1.542007695703
-0.993803623340059
-0.612484040219355
-1.24351289742621
-0.840174202385938
-0.264678374397965
-0.465015664630736
-0.684454266376446
-1.63886847840821
-0.34672537638281
-0.824800983170247
-0.293507878001169
0.675813022076463
0.599201780805974
-1.02411581988963
1.01661480996349
-0.281754721757559
-0.0691793954966395
-0.779905667142397
-0.466767082286532
-0.09332138138988
1.06508763402757
1.052320949329
0.512731236026344
0.974874881481662
-0.47030368391008
-0.33517796560092
-0.0021595504715395
-0.911799128585138
-0.0776971133326837
0.653379567168299
-0.417969328440946
0.0956232096265712
-0.680727325793123
-0.671074300471586
-0.295532105991715
-0.271690423951537
-1.63816296802443
0.0399240468118129
-0.417274764409834
-0.471268324671698
-1.30531304681602
0.253906540644934
-0.375393520999772
-0.46848988263213
-0.848461347753231
0.0163190734326895
-0.95514717992461
-0.331742856366644
-1.2076093550908
-0.704068604854319
-0.0451007994613558
0.761932084043999
-0.558149787437879
-0.0626411306026085
-0.57812439261341
-0.415959727197989
-1.24018106499989
-0.367219811805953
0.0693328717853658
-0.202069624864615
0.033111343100402
0.390762044284299
0.563216817265904
0.637361799955333
-1.26891758225157
3.09278162876017
2.5327691923893
2.88206976963054
2.35497167877592
2.22593009889103
2.73001087150342
2.97664886354791
2.91791269811051
2.94380858647549
1.50407194440328
2.3772241588964
1.50104084929186
