0.319777221701485
-0.216935610971187
0.76073998014603
0.961414980712248
0.361766658710995
0.719662145455842
0.221541207739352
0.971242659975711
1.42055104011265
0.551619583250921
0.837935613965838
-0.487371985691583
0.882575195635685
0.881907121356494
0.92663108206287
-0.100724510047052
0.847876637165564
0.957505253375499
-0.050392916915402
0.866243226760543
0.796132484495598
0.263092596882306
-0.526616072557562
1.20578663541228
0.944638530445662
1.07122743573152
0.962566907285699
0.718524567391374
0.672097904344766
0.877689789331133
1.34104052884943
0.915084677174972
1.79219779750099
0.934220612943263
1.70466924063215
0.912973758991959
1.27771579974111
0.79327784315136
3.53450306328971
0.784247267144715
-0.996937792664887
0.868902394695128
-0.432544584500835
1.60313345773978
0.158117204734938
-1.06092780865735
0.577074429589488
0.689237491470417
-0.0492714880944389
-0.763162183255148
-0.904900623238055
0.115705720763575
1.32989778016358
1.46452897260799
0.435479020322261
-0.147746041103352
-0.992208488944167
-0.998748521233929
-0.662840222415283
0.370417990172783
1.16988822047635
1.16930276797921
0.367263813019698
0.607829543439773
1.50095510537637
1.41590459450305
1.16995846733864
0.596353275789484
1.07622739981909
0.60077442414949
0.621668145173946
1.04432621686577
1.92317183881508
-0.839096942043978
-1.15139251403196
-0.402114050391203
0.144018394420913
0.723045323921834
-0.881041904601928
-0.397725098836964
-0.203344853541859
-1.35184025975501
0.643004831396853
-2.37294583894307
0.203067289214224
0.481851052286923
-1.26570581969189
-0.378698069582262
0.39063139737386
-0.343059164526082
0.0428135778323069
0.545523847833724
0.0480017568336309
-0.168823780057122
0.0795090809450375
0.742218854956737
-0.910772638985669
0.440106102957382
0.592095125393174
0.87215225524404
1.04910196126453
1.15909813620923
0.694265363792097
-1.40223189439545
0.534245195411598
1.25310405597577
0.113568998889474
0.560726493592596
0.366687221871849
-0.59721329631739
-1.13561594165133
-0.165902741876776
0.241590354249389
0.195032168948185
-0.992919307402736
-0.159371036494951
0.846993126706449
0.880750498241421
0.0407945395049777
1.3103345352895
1.4613124141093
0.743965801267284
-0.607148042277854
-4.74246697394334
-1.25100528132758
-0.434556702258014
-0.0649562343411014
-2.75981919473701
-1.5507046721875
-0.297537270770762
-0.845577032687338
-1.16845541041859
-0.677725834960218
-1.80349932230145
-3.38769828872987
-2.83565753992794
-1.16102045042617
-2.09960047657284
-0.422636704300604
-0.827797121402535
-1.86682542549613
-0.43778589605369
0.412478572131387
-0.999569356322751
-0.170274504194141
-1.28969611397401
-0.131534034860385
-0.483427666019245
-0.0227674031717703
-0.514663861345539
-1.02141064884867
-0.417866664501636
0.307489309674885
-0.155230148842539
-1.13395498850404
-0.299094734410991
-0.553456795745494
-0.0552443874633037
-0.323343712817905
-0.0172964876798851
0.0526573158148341
-0.311609170578069
-0.121917066175359
-0.528548437683878
-0.32135328106379
-0.928764740356721
0.172009916095997
-0.437577332386602
-0.370331188632611
-0.152472630079173
0.0359590042773317
-0.402355253692075
-0.908068846158267
-0.0738517734434828
1.24161687899636
-0.866075014968054
0.38094905191045
-0.916968178757912
-0.246249983049252
-0.110973314894128
0.109459321417259
-0.0700227908513582
-0.0434382803019308
0.407091124463931
0.788858534749432
0.628313315742051
0.136243629708148
0.574776718783503
-0.104842581001294
-0.614180533442916
-0.58340582782646
-0.397181286543432
-1.55518943285988
0.0878458822497295
1.49922920670307
0.241391262432655
-0.128124460058704
0.436814465377804
-1.54859710461608
-0.516370804848324
0.0490006866087747
0.801860255768035
-1.30432161010271
-1.0411922674048
-0.965630231787283
-1.28292615986039
0.0989411582763658
-0.153122292935863
-1.91288357593741
-0.582869654135762
0.155275278274593
-1.16167663608062
0.120875160490904
