1.22790353087571
1.2572901186889
1.2439437004327
1.11003368050959
1.22493643271606
1.2771033819826
1.33074227972823
1.40009680089918
0.850544088325105
0.11963638414749
1.23331596717438
1.15561983988022
1.2110360703296
1.09841329616879
1.32300447064691
1.09086365988053
0.665419716844696
1.4754159474208
1.41565652559717
1.14762783188643
1.11050322347375
0.982817654082615
0.656052356134038
1.20779255055701
1.14023496788267
1.2055281816552
1.20217696625143
1.11268685571787
1.12551517238697
1.30496710731742
1.18944773698277
1.33875409885436
1.22779893565002
0.965183444018674
1.11582456782627
0.887815556044248
1.14490948724118
0.937595947852277
-0.131864234383654
0.0542322099987095
0.247870318910373
0.468890461398685
1.21213176827989
-0.463942774364914
-0.0335197534511558
0.71753727974972
0.611265213583498
0.0375315441760724
0.772099259970666
0.994116256916733
1.05054378571441
0.37968110023608
0.510663743669106
0.395138210652175
0.0790934502653082
0.444242851507367
0.69385210464319
0.744220444252234
1.00108897349181
0.735940793201134
-0.0404493771194086
0.114728532253916
1.31634286482956
0.965765921151233
0.228364581861197
0.709478900120232
-0.221511406999455
0.0345027241231751
1.14118784231852
0.25558298901169
1.32079452651715
0.818773471117343
0.063941279355519
0.715350799316334
0.919905712262783
1.16718892448369
-0.0244245128802459
0.279441082634581
0.419003572377236
1.04392090190858
0.872939676294263
-1.61796964333013
0.714545934847017
-0.0335559925372071
0.852409844052218
0.914101321814086
-0.402182953338662
1.39809816724604
0.0620236300564135
-0.00481757309532524
1.44719948394466
0.104858834859019
0.0249040355995432
0.391640968216752
0.591390706438789
0.393620767385946
-0.935800068738672
0.541220806802199
0.646474250288056
0.39434460444845
-0.138101872806018
-0.885914333260006
-0.738823991051599
0.29058993754442
0.38682619280529
0.381925121718631
-0.415869220367066
-0.668412750569716
-0.176866261035147
0.363445268211196
-0.419988162761827
-0.342059235353559
0.191391718347362
-0.0635611550750799
0.0773890113672059
0.253139483228911
-0.209920003953614
0.168077792073137
0.175229536323921
0.312431509544601
0.449688547830007
0.566571423546857
-1.55223458993976
-2.24816445508214
-1.14449597583664
-1.09758003022254
0.718104678908039
-0.889319587996918
-0.95195875371612
-0.400948513608442
-0.140581883182132
-0.880990884720108
-1.59251252339906
-0.90543730476841
-1.5220449354794
-1.40600792631466
-2.080039281195
-1.69660043032106
-1.97478163214679
-1.78736665953832
-1.79723858642933
-1.62868709880512
0.281313706561222
-0.41481188925911
-0.392658911873255
-0.551899100867209
-0.124632795705566
0.177898920055589
-0.0629315764405966
-1.01357038341951
0.576785566900147
-0.6855286012331
0.879125525873395
-0.0231165954098919
-0.663264120026899
-1.16937245537812
-0.794737752016832
-1.26356255496012
0.0504711234566024
0.84049538629195
-1.22248056256463
-1.65263610496677
-0.785193986842294
-0.490178415337257
-1.54478894282529
-0.882502358307155
-0.686598283538435
-1.43624930055143
-1.82102482959024
-0.420659780777249
-0.691250552664965
-1.53573730607885
-2.91510973310051
-1.10236127930452
-0.237666151310392
-0.996730809300924
-1.49030539016025
0.284486257127294
-1.18605426765663
-2.51224266188308
-1.38880013119306
-0.858912841746499
-1.81479954765229
-1.81819685971792
-0.673142505149295
-1.00485202222086
-1.14033364325368
-0.935641046346413
-1.13995086766269
-0.952032824498924
-1.8900932735068
-0.83566345877905
-1.55573971275559
-0.887209245183996
-1.09000598562142
-1.0425343942588
-1.21191150119237
-0.367099399511877
0.17104807936346
-2.23009145763236
-1.39626470201802
0.896304363890446
0.0035660958290828
0.589788264340914
0.94712499520094
-0.141101866308054
0.974261932123878
0.884172168772231
0.422118089537104
0.840447101764859
-0.291424332901557
0.41511480331388
0.804476837167152
