-0.407735819248027
-1.27145427288377
0.139507690492324
0.558675666208614
-0.366934668954906
-0.0775515796599834
-1.23470705436584
-0.054220680314817
-0.421592165321611
0.978132999267255
-0.062714614478711
-0.188374275583427
0.465136741904646
0.797243912809728
0.342792325503802
-0.585391375008572
0.612600819361423
0.835824320829053
-0.561386824121869
0.779106751463887
-0.0870672955856028
-0.182625385296854
-0.56838659183964
0.333441212451895
0.670913727083034
0.244021218902335
0.216119335643318
0.585758371516096
0.389852720990437
0.308959155843422
0.533841378420953
0.0783299863712105
0.668491749201526
0.605614792648333
0.698499455094819
0.30040787324814
0.0800015238755642
-0.58722178572154
0.233140052192632
0.269946673000162
-1.50036237495233
-2.31597109111465
0.151696175442225
-0.474340858386137
0.418826230692575
-0.762214758061863
0.705503486569557
-0.478893690823985
-0.0408558683447925
-0.769724215094699
-1.81343760395444
-0.240496127060242
-0.521137879774495
-0.00372361973936433
-2.77977948433549
-1.31832556629342
-1.01783892415105
-0.495957620061006
-1.12237881908469
0.65852629221153
1.31512284958586
0.906130625271885
-0.276905775270432
0.287360350725104
1.19880691574523
-0.0759828127191775
-0.704943416798892
1.5217740916902
0.266996122032828
0.764765748669425
-0.40760714730258
1.10544137714434
0.879089489795265
-0.289720099877102
0.208886975951423
0.0696709975738689
-0.0962314285888196
0.269760696491113
-0.918500092356041
0.510401038105774
-0.577042843389195
-1.29157424041012
0.96409435089307
-0.222205013538516
1.02911023642669
0.424260055813003
0.0233783014625022
-0.78720967128813
1.1247128711698
1.02582327622851
0.689579847585488
1.41657896235758
1.32141377979659
0.602611561793246
0.658679883050433
0.254998651562625
0.154087309776961
0.578386827139928
0.440707612315237
1.17221932066777
0.107068403507707
0.608666863578192
0.157830030650214
0.111439359396165
1.41979534613902
0.960200966617516
0.328230657005704
-0.00285567148192037
1.37677878093699
1.32311967696102
1.24810470905346
1.16810255106412
0.901427691713348
0.657604565494017
-0.194999814933301
1.27280153357465
0.998638374258889
1.00547695111018
1.00727965828817
1.04610777149275
1.02248754793779
1.11639303287128
0.645079218761153
0.527053381061376
1.01299536899008
0.778592369645346
0.7498538600958
0.112909381459841
0.088577350486373
0.829844762005432
0.72770642796147
0.913927560647982
1.10641905397624
0.836112161478468
0.691907316582083
-0.435530738682001
-0.0400157103306205
-1.05215755946659
0.664254492005063
0.585469150808452
0.0995280266878775
0.848389026819655
0.628538977258052
-0.615982157839151
-0.467403975264474
1.60839209031604
0.765799642530814
0.326377862399743
0.104855207068022
0.781897418381363
0.646185200521798
-0.164156265887233
0.344030784515471
0.711987577681407
0.260099064226123
-0.128917858228377
-0.13501678984904
0.125578105912589
0.352137264906398
0.579915426878438
0.307614412129552
0.381954062445501
0.347628032664474
0.668415230645923
0.389318755102113
-0.819253083257769
0.318298742236
0.440763066812385
-0.391093015203093
-0.145134172076268
-0.116502250756673
-0.593923561603809
-0.873322805233294
0.628849546122695
0.520840854951303
0.00766171825630041
0.215529165650479
-0.924636476074096
-0.470515837701087
-1.24556303490208
-0.0761503729784048
0.0539832491789762
-1.85917631108285
-0.530987172498094
0.348325114428479
-0.0572775801334762
0.850608752109387
0.336159449176692
-0.0262396966125446
-1.26032939575882
-0.708359766239535
-0.328160731799744
-0.496610497805795
0.186955428383005
-0.512130015641441
-0.497752432173084
-0.721601004375895
-0.0436957976661564
-0.666989825244422
-0.641867743682289
-0.493788998746128
-2.9573208970028
-1.70124945029014
-1.97676715462829
-3.20027727445024
-2.01314290275626
-4.42555444966719
-3.50521430994013
-3.5117970712083
-3.28043519548096
-0.120447163296108
-2.93080964342319
-1.81879728556583
