1.55171145738696
1.07878984490285
0.997998882857649
1.69927710476468
1.06364341787807
1.26143838119978
1.30320317779113
1.3346189830198
1.64680976876057
1.27531575699983
1.34764967284341
0.37034498995182
0.990405494713926
1.16935381862117
0.904334731918426
1.28715509644401
1.12162701616387
1.64296519189551
1.29573592218926
1.29078518762504
0.905871380936011
0.856057891838001
0.88831024087083
0.387909190452621
1.19521259292605
0.501038781150053
0.0439784807142363
0.627529578896361
0.648415284296085
0.862221892836204
1.57567505865907
1.36786162789085
1.42152920815816
1.61990971439477
0.82095854802454
1.09827316882938
1.15684789120287
0.756486593427022
0.835553112736582
0.714671140485928
-1.03062649274445
0.728266416656672
0.982543198787688
0.544271629163066
-0.292439858857301
1.25316170427837
1.16539193402731
1.48589323345153
1.59918301444754
0.409641957345657
0.519724248251192
1.19710098119051
0.429651763946214
1.39667842491262
0.176903567727297
-0.0103348551989424
0.0524994868550618
-0.234521791382195
-0.141245186152012
-0.606928831652396
1.29938066411591
0.873293085796092
0.370341246386437
0.202906223980181
0.742987923984357
0.993794781745822
1.44907435867739
-0.861715559784005
-1.00000643681406
-0.276064411709959
-0.66330462163647
-0.997838639707912
-0.194293459445595
-0.0231833040687268
-0.99589574410926
-0.0962218125618983
0.291772766156757
-0.0636686769056957
-0.497016959910947
-0.0354370355964571
-0.831511332076667
-1.41505952292225
-0.0783652309443058
-1.50579839338794
0.107481388235362
-0.549764316543433
-0.341948733057268
0.988618858756995
-1.83909505687512
-1.87343986696552
-0.572596384342404
-0.87357788203948
-0.546297640081467
-0.920962266776819
0.166886508860729
-0.110538522126022
-0.309381781124914
-0.695225167115589
-1.0582253763586
-0.608601523260052
-0.691405735941835
-2.46821384184756
-1.25602982532089
0.727105759353558
-1.91828481342808
-0.996354159685844
-3.03179457191685
-2.16075652160317
-2.06724649382271
-0.32333101336047
-1.15369883118329
-0.837891350030336
-0.604583602843588
-0.150788629840959
-3.29884731775783
-1.09642153891042
-1.92181816464125
-0.103694883837835
-0.52093969775299
-0.782455863811985
-0.189102040066876
-1.15107342329693
-1.39478382017979
-0.00530171234502516
0.196129766135283
-0.6521405134321
-0.76650247978102
-0.688880480488952
-1.10852589725395
0.324961747899178
0.0166997495008031
-1.02505800948812
-1.13114541137384
-1.41975335722012
0.158361355079518
1.22834003982747
-1.5921013814605
-1.13588423572278
-0.672533859974825
-1.05424028246387
-0.355506339419503
0.222718592364004
-1.62812381983101
0.427511223091423
-0.840743762317276
0.104537684685013
0.0728254988039253
0.400853917141855
-0.397442155239095
-0.981873649133549
-0.0762920106923041
-1.50545281908473
-1.87190173956774
-0.839096698957865
-1.17847955893778
-1.63660683299286
-0.164444062167785
-0.598312423076529
-1.64210629439248
0.549569627193388
-0.981139931495277
-1.43281559432797
-0.378791884884724
-0.311632037457707
-1.34426114473616
-0.509997464037868
-0.311672365508618
-0.0253972946158593
0.381417826797822
-0.192406457876598
-0.885573841426259
0.100477010677858
0.365574763088661
-0.586362398373286
1.26727810028755
0.776558262817386
0.335226761506217
0.21972095027025
-0.190805712468429
-0.206749970875375
-0.511302405830877
1.00007842421958
0.285562599137799
1.48631093748289
-0.384414634898523
0.241890344504768
0.962944225806202
0.433545861258316
-0.645903275586058
-0.343192952368483
0.0770189272468025
1.30280921739706
-0.417406751228943
0.968063067988769
-0.58730188471807
-0.794907464376493
-0.249381593726855
0.651551231617176
-0.588485731389175
1.37191430556072
0.669935125560239
0.552902640185784
-0.578299109743952
-0.200430211207409
1.39741332539894
0.817249496687321
0.797764504285596
0.68119086296638
0.768039042257644
0.375672779333784
0.942382794145536
0.956824372016416
0.935873349323213
