0.0263770915671658
-0.189284393218484
0.109403389976151
-0.683362066615175
-0.62064709938656
-0.369423176189287
-0.608499909917137
-1.15654422264429
-0.335997316324155
0.750423654175288
-0.628980170264363
-0.522368410479754
-0.00275606506812548
0.108873298571338
0.252752857044233
1.20252080888151
0.765408207998122
-0.837395722913272
0.345624484972649
-0.812089268999473
0.157591255792481
0.230116194028636
0.207909059321799
0.434358989099885
-0.580724048391621
0.237817395151307
-0.603423330789639
-0.566830017334017
-0.331912513808043
-0.450813113877547
-1.10865302277272
-0.759655947623193
0.127511988535939
-0.34586691571819
-0.551697029774272
0.210082938530726
-1.09296906297248
1.04040386222063
0.468492977153597
1.53132237124702
-0.330139541146996
-0.951031745981648
-1.00145838655857
1.25016787926063
-0.642701468410321
-1.00940480803153
0.00443292526538195
-1.02659542709331
0.732057889959328
-0.182334549834474
0.441505421995574
0.179809490839905
0.409152117833881
-0.453494616987315
0.386831212132278
0.283326555981233
0.221557145583923
-0.324564587211615
-0.554079407573314
-0.498383276304424
-1.35232808374737
-1.11659970154753
-0.676874833957499
-0.702901872361789
-0.620948509936651
-1.33416862063645
-0.133120539736677
-0.658321953179804
-0.341468624866083
-1.15035393014428
-0.715694534434125
-0.810870497436354
-1.38473794396542
-0.897213708252871
-0.338797817256935
-1.08096758446881
0.258155179130997
0.684777558030417
-0.147170350752766
-1.07596757759058
-1.27113805117581
-1.34465731948324
0.166588551116479
-0.695399777251969
0.30053585980558
-0.449670677099247
-1.37730677711534
-0.773474959220412
-1.25523996590586
-1.1655562305178
-0.585962607034065
-0.820035159924883
-0.892911913360394
-1.01963930488678
-0.856267259825683
0.358616996920623
0.356195094336685
0.150884813094795
0.796650561886512
-1.34264706623617
-0.197705102034905
0.362714909767018
-0.218593943651009
-0.703884306976549
-0.581747954408843
-0.366631947372027
1.38222335055449
1.42411363500808
-0.907318899147621
-1.34140730532544
-1.16423579949588
-0.499940313842954
-1.03455963116871
-0.78893529068799
-1.52265701331165
-0.603265506021329
0.17803101541329
-1.19731847994607
-1.30843756787555
-0.932194412881459
-1.31364045531636
-1.07559143538509
-1.60287189002537
-0.310318545797218
-1.6518203351447
-1.21000233832326
-1.06571014920416
0.514047606834902
-0.553108271350868
-1.55519874506061
-1.33440450545618
-1.23797778674936
-1.56853700469669
-1.14745926443857
0.181900055047748
-1.37477203645898
-0.985056438388953
-0.787460910270311
-1.19487594644869
-1.36319484577978
-0.985445698306976
-1.19707867393586
1.63894464506703
-0.890120973649206
1.25666578417128
2.74732672320986
1.30212444814156
0.898724444383103
1.22958112146017
0.505378448976733
2.00413440163292
1.21224099711593
0.792005796559643
1.6844692318828
1.400528693977
0.675074031943974
1.32632208609514
1.27776599345339
0.991402744575892
1.5998056709828
1.42793894600672
1.044779806189
0.429244472807331
2.18319830277837
1.55265870728914
1.12601427538301
-0.225901630609327
0.853576315030462
0.750866475141012
0.843016023024548
0.677829162982746
0.487416373706293
1.70260102605017
-0.976811378728773
2.12813664279092
-0.381178444616551
1.15612506662306
1.05982246463309
0.937550948259718
1.57662953522562
-0.130729409024714
0.683451870597224
0.978912728291509
2.35175209819435
-0.27232713879764
-0.368940568001314
0.904633256802657
0.776677949585358
-0.612100415489744
-0.401695169827239
1.90276526712866
0.991589593710093
2.0377305969636
0.947571250662828
0.0428022328891703
-0.492795846590095
-1.07780008471505
0.459681626715179
0.488889976188511
0.784951029790562
0.274775577083564
1.56428399754859
1.05038042981547
1.25227194412262
1.66546573382189
1.76454147259581
1.54227503180642
1.77734046866756
1.70258948850809
1.36112282162666
0.594319812023235
0.594246940939824
1.03006455056246
