0.0271534604657295
-0.271885031853499
1.35356384647601
0.835274315306958
1.08825925505283
0.0661685600569466
0.105730265484645
0.406211683436653
0.809040503837592
0.149785678979643
1.31358749543742
0.248082243306315
0.956574264119905
0.532075538767407
1.10100231927799
0.585968065990414
0.674847976104609
1.47888486996579
0.0969479635320422
-0.63468882378576
-0.770098980560943
0.141242294101296
0.234878535741937
-0.0677610189355676
-0.269590474028569
0.497915387960633
0.384189379663423
-0.774799020812351
0.160500466517723
0.410745969831199
0.472808454379319
0.903611060513057
-0.0267134405806539
-0.901293935546263
0.0601781916271674
-0.593212852695559
-1.42765554777859
-0.16759031716782
0.366966609493612
-0.455778126251475
1.35463741211078
-1.06081698367242
-0.847647947696366
0.132774803018053
2.18408583034951
-0.196282820366389
0.399914247856791
-0.0372415595052465
-0.284692871880608
0.356295638619995
-0.0639420575565208
1.15837440074767
1.17113786634016
0.836085591566989
-0.223187705428157
0.520258207129221
0.622479749079189
1.13963558854514
1.78589555342694
0.484506733678513
2.3484855619298
1.24547968504488
-0.096931088008174
1.07289588828739
1.67368047074804
2.43181996609758
-0.880810009785614
1.27551922142867
-0.423859334954875
1.98861445246128
0.287999158481873
0.561206414971996
1.69666866531706
-0.299972325313094
-0.305324941770804
-0.353057292679512
0.670706872109727
-0.0944065868424741
0.160461196467469
0.284774027533367
0.949630212435006
0.403026375173343
0.485783751799184
-1.49848846599769
0.594111960766198
0.587464331983453
-1.0108244338553
0.558854681761856
-2.32550081459529
-1.89923326606505
-0.966088546454138
-1.07657176055715
-1.95708816093793
-1.68364995892377
1.0457901541778
0.372257664009822
-0.982580153476728
-0.107727474750876
0.505844609869199
-1.58028310969161
0.253018269141889
-0.684153705785465
0.803482746237417
0.956605133162875
-1.87712207053182
-0.797136791143737
-1.79195197109639
0.497431902789087
-1.72033783141507
-0.743141358523375
-1.73996652928928
-1.6768304312933
-1.19191229821526
-1.49490661742011
-1.64115390814379
-2.17899089406122
-1.74646948767859
-1.68048432062397
-1.74200871668502
-1.8080692543911
-1.85171941639387
-2.56777136749057
-1.47659581783064
-0.0409604000666767
-0.848185175838645
-0.701430340882413
-0.223889396459523
-0.345712532046836
0.53755906052676
-2.12161582727936
-1.567781236675
-1.17116486748104
-1.98953607346414
-1.83261016839049
0.405231173272601
-2.20919086465802
-0.899591218943608
-1.81807730600773
-1.17181570315861
-0.390186187378492
-0.199908929008074
-0.599734897279394
-1.128998778836
-0.283435930195318
-0.0535822501754262
0.641991187941758
0.513023205125291
0.810929263807309
0.40396691683211
1.09228114284365
0.172776239586972
-1.13892255756882
0.113645436738973
-1.83779794453135
-0.306257867136543
-0.241189669530607
-1.36502201828364
0.267010039049103
-0.340976011761109
0.551220896361939
0.35758749464348
-0.0266073274173164
0.404502761583591
0.2168470780071
-0.00326093003585613
0.713695403501644
0.411145178945765
0.43098368339726
0.708620511272475
0.569164231852707
-0.0887485785293213
0.23326813853251
0.269707965470896
0.426075439792101
0.48434482260762
0.864384046247119
0.637615916958355
0.598004503433722
0.313462762844379
0.395894792638082
0.277861021047363
0.321504357212259
0.138574803875646
0.571600896404802
-1.44321370217704
-0.664506812853355
1.42082464992605
1.03752581116436
0.379280589045263
0.649898572288905
0.613437393973012
1.25050129511992
0.856534692375726
1.00378738532565
-0.979514824441838
-0.0193330734060307
0.475946369579184
0.0866466351208335
0.898926464260124
0.885769866504233
0.346719564433454
0.724409690661927
0.626387723984103
0.696339355032094
1.09521685852631
1.42931378615616
0.897550749002895
0.561891181756601
0.695764851179617
0.734528239261306
0.345657961552709
0.769067248611707
0.424462471392064
