0.859826421522723
0.696280690558918
0.953275602009219
1.16821036178193
1.01477216891343
1.00843015851432
1.07886822714995
1.0443431913256
0.981417037555084
0.996077072249826
0.804343031087308
0.794474639652422
0.780316146532222
0.812714268021469
0.978001194057562
0.84378515622204
0.985144953645591
1.25446274754647
0.753264274249053
1.07797919817607
1.02558131930486
0.973357244616585
1.10783527259354
0.655048260091541
0.760923659885241
0.676413483524278
0.658719996633583
0.680364815817979
0.777607339396512
0.611828184052106
1.01490025413873
0.776187719021767
1.00602996603088
1.14230628288378
1.00421235727229
0.909957173788279
0.563628348737174
0.749780112490159
1.4928672141283
1.38223594615433
0.463646063168489
1.13510630634597
1.05612170383403
1.33714403209325
0.570461936357034
1.04438928881446
1.45974199749774
1.26087407196827
1.33189274616496
1.37842570034976
1.32764629270576
1.48168091429965
1.45146963305798
1.25680821238531
0.71133467590587
0.636022973583521
0.885010977920194
0.783151101084599
1.14084338903504
1.22155065978542
0.447880889600489
0.8758573578577
-0.701114927890219
0.0241880601770218
0.543968383190684
0.0948989736664527
1.13192129548298
0.285706875824207
-0.130082702761984
-0.823859852941718
-0.676985450310293
-0.0605498784976476
-0.399775077425518
-0.890123735212069
-0.240794290748218
-2.11250457136921
0.747329168969373
0.88708604661461
-1.57759004097529
-2.30709256686949
-0.582627905258423
-0.00026009442501349
0.607691773409881
-0.211063958604819
0.00368802579487099
-0.0693869162626634
-2.52241763606777
0.24088755619011
-2.31400240704259
-2.12930353008677
-1.48189011050124
0.257257445698218
-2.11902381604477
-1.1518184359373
0.847957950830156
1.06941626292466
0.823887598389298
0.59651957998557
1.13774448984042
-0.845368199386507
1.22735257210866
0.51969973743833
0.787192193121774
0.621904816759571
0.154476515418592
-1.05733220085183
0.486170689170102
0.910330713868926
-2.1301259186696
-0.894275334876386
-1.45510090283626
-2.00430785834453
-1.11676483520002
-1.82199570485864
-0.710253254026168
-0.521757606724321
0.282089795111934
-2.22633255756712
-1.16058693020462
-1.47442186477262
-1.73325816188821
-0.180462345588279
-1.61828172728643
-0.651389490121074
-1.56640480097028
-0.630982355879505
-1.39934236890272
-1.31165891978802
0.213013306617335
-2.16545122317274
-2.07418141281564
-1.0644544714312
-0.725081074882619
-1.85139172533326
-1.0873745810292
-1.82749979675015
-1.63084096254956
-1.79286277108821
0.0180763718727226
-0.621149561862157
-0.228418436615186
-1.042116857783
0.430998460225452
-0.801195955118706
-0.649226967300509
-0.953664524991912
-0.901028138194094
-0.429230860191244
-0.273987733932479
0.23021023369346
-0.0787179088742312
0.0641310908708078
0.800217684697249
-0.556041460642424
-0.620423933436325
-0.476531905862642
0.442473018812421
0.171631764023478
0.304712524760877
0.667424314346044
0.721871227542895
1.14496495790238
0.269677772220259
-0.865277930821395
-2.35463899094713
0.23644657397448
-0.444544481955173
-0.76709066421048
0.396783532144919
-0.401135812063786
-0.0882249863152534
-0.521331744674884
-0.223940803481986
-0.0591454629733336
0.200384503691201
0.644191825803379
0.327144419567635
0.0876086343337954
-0.31478800585828
-1.62408700689038
0.077090399368727
-0.465089599035542
-0.475347788286161
-0.281997286095474
-0.19048491392637
-0.207260114788987
-0.986010331344934
-0.437922764530682
0.107579127114094
-1.18273793073125
0.240750390587827
-1.16286778516981
-0.939469380841181
-0.695327054676531
-0.5758310649016
-0.552752574840459
0.107315831226429
-0.669270266773709
-0.433482504513137
0.899506136198132
0.124760505804924
0.870432658446129
0.712359942944037
0.861172777128786
0.511390446529315
0.045781899066095
0.559470618431742
0.713663822258439
0.731650160694804
0.991667399170973
-0.282174202197206
-0.267456726315762
-0.995521580211778
