-0.181428781836956
-0.406184817300453
-0.383459811297151
-1.5906199673839
-0.408661517229476
-2.34290098448991
-3.36963037262235
-2.00855174661752
-1.6015311829819
-0.346106423269579
-0.3299663854843
-0.0486127629764351
-1.23845822699898
-0.596588314498307
-1.42965991127961
0.130496687947243
-0.355664172036657
-1.98243154430485
0.301323873654683
-0.915130155836539
-1.00191272440681
-0.629459761112107
-0.0419329186027862
-1.00482655681721
-1.87542134975125
-0.448550380155388
-0.763308013448711
-1.0759133745805
-0.838916872095958
-1.24865866138651
-2.37053564579221
-0.974620141079267
-2.59729121237239
-1.35671312918821
-3.28517109597187
-0.491593202350153
-2.03980466339474
-0.534271179632556
-0.186024302947963
-1.06007845904998
-1.32390806498576
-0.824828942202413
0.260594975125916
-0.341273846228015
-0.256922518625691
-0.570030277605075
-0.728112556474175
-2.57888086557614
0.180033597405553
-1.1141847582547
-1.14738420698218
-0.238038900222621
-0.191913299578306
-1.73409182548355
-1.66832602692784
-2.17261146631431
-0.610185456327775
-0.868083351912013
-1.04610283595937
-1.3858827831517
-0.123341277897639
-0.439985064015401
-1.00371306268514
-0.964815259203425
-0.843966128221744
-1.48336597907672
-0.37006661714737
-0.161524035507936
-0.907583301628842
0.952215579153412
-0.891656447214873
-1.23815914406127
0.336331691656927
0.600215800282726
0.465469256209582
1.17336496499815
-0.479858989632035
-0.406642290705128
1.26567850949322
0.549220176055783
-0.849837231749911
-0.452321352207541
-0.9629871156146
0.0814824497626544
0.121435997561261
-0.44862589364773
1.67179887619577
1.11044840980151
1.36098726165673
0.980475584308211
0.629047623100885
1.23144195199791
1.1457341187226
0.438857819836848
1.44414270993071
1.43930139397233
0.782247007327731
1.30515361607074
1.0685806549799
1.53816516447029
1.42138091073912
1.2795699390394
0.781021642263955
0.993440207738029
0.726300097598937
1.2298913083415
0.669222338274247
0.730109569359954
1.51700527118345
1.14615158457798
0.516509486834554
0.7109888537819
0.894431127721251
1.41689827916821
0.338610540794117
0.995535895353518
0.853869862813468
1.3130958666484
0.901514357128861
1.68889286272724
1.73645518552055
0.908188377817775
0.584642201176243
-0.135919561267701
0.885957592338414
0.206395565204832
0.836261807199317
1.2356162403116
0.899272147925703
1.44252295435688
1.37719642977421
0.870281675468499
1.38366023553983
0.233334988338103
-0.231738636142971
1.0175903229647
0.121829157901729
0.0180575038967385
0.915399988648379
0.985613197784695
-0.780990695389206
0.658687544573918
0.801990928964
-0.119119756180505
0.487285206249993
1.20804227829974
1.30935551720707
1.26196334996017
1.1554832780419
0.599180390697829
0.648451770149985
0.28010002528174
0.510004769084888
0.227346621309761
0.616311778426358
0.222047197322826
0.324254250119809
0.535129208437648
0.551872817829742
0.876361079259563
1.03493035688981
0.608555409854461
1.01906534196496
0.642927587113782
0.0668795137615317
0.700146130734111
0.685059037050925
0.0765923237158714
-0.114108230638314
0.0533961080525876
0.0232895163699353
0.147419356694112
-0.16131422325807
0.320768988023411
0.313179108910589
0.220293285966125
0.690858066900549
-0.500363487676153
0.335277545507894
-0.239448675815072
0.0312454111556735
0.431115149512642
0.15938810730541
0.75665587392693
0.489035450633475
0.172393124596692
0.595414823879438
1.04951031819978
0.214743572021263
0.500262514664767
0.0844376605121495
0.556080088254401
-0.14988326806738
0.597456945152314
0.498939351781973
0.35983395526721
0.158208276029077
0.927458508772345
-1.94995884501844
-0.133181548797862
0.536060039064866
-0.262464652670273
-0.519287485561727
-0.234964976121687
-1.08314421060005
-0.241940232070066
-0.765221526006386
-0.488182001762927
-1.42976674316161
-0.546687132296922
-0.579863574458908
-0.26380391008904
-0.556550916731927
