0.266216636699511
-0.170491167663438
-0.283350737979384
1.37000818199333
-0.0964090437036051
0.779746814548387
0.681286798514411
0.609527901735035
1.78599664786773
0.894185619455671
-0.451314131659941
-0.0388490473756196
-0.300235954829123
-0.353099523439437
0.0236675280119355
1.20855369038559
1.11577224286498
1.28452727783908
0.396337159020632
1.63595244015839
-0.326707800355152
0.610006538066478
0.590334592456391
0.257761721952058
-0.637204755669322
-0.302430530058859
-0.587781555841987
-0.126619915009246
-0.272306874563601
0.414853516335707
0.481588042975105
1.1643319589445
0.30362683328113
0.347969918327265
-1.16125259552346
0.200561784235184
1.57885930924676
1.45884837870425
1.3568342278151
0.503360875540508
-0.566603096276229
0.394659345465687
-0.239990319481365
0.622627070116789
0.792428495751467
0.366981680190935
1.07452046296334
0.271323542749885
0.316330221696154
-0.663724204404661
-0.733716415289751
1.670468629177
0.803861428154694
2.29025855769101
2.56006492592166
0.73686874659953
-0.0112134109977588
-1.73665145075332
-0.411743422278976
-1.28057483173591
1.17507800727331
1.14041411822371
-0.585921514445453
0.0537717361770965
0.342460663622161
1.10792120998414
0.894764698850867
0.169477885709059
-0.147421378751792
0.0911881298592137
-0.886855280160707
-0.75604474020328
0.580036097101818
-1.1382094769455
-1.02256300821412
-2.45265441651577
1.15233456132177
0.284424241834611
-0.952254079150864
-1.34648050742414
-1.20249306833779
-2.56836499444795
-0.361391626443541
-1.68162361503569
0.0541131538594472
-0.825804026171061
-0.884966088209977
0.0327531917296899
-0.175075234655424
-0.077340852680611
-1.08371531786845
0.307874387909357
0.0152255885882918
1.003218600565
1.28221236134567
2.08764513462041
0.0527928652084493
0.282719095468578
0.918320086476818
0.0443706359469806
-0.18605283682541
-0.813358076808644
-0.84230030777477
0.631577034133542
1.38035180673177
0.548736961380447
-2.00317779715813
-0.262502973506647
1.54576437324764
0.979982625117693
0.9699660327172
0.130610106433779
-0.843729452542632
0.27408332669749
2.59847434329469
1.09227810497053
-1.15540440918476
0.82597096096709
1.40055711986569
0.0858938539387185
0.73575956131161
1.6938124248017
0.422161195820742
2.18062167346782
-0.120803713414758
-0.438576382081281
-0.818654270725545
-0.755941580079884
-0.338279516434345
-0.429929818769508
-0.510732326349905
0.595418198318685
0.666582864433169
1.01543476621845
1.35974438376726
-0.26549188713195
-0.0922728072452445
1.80589328220015
-0.171745259411449
-1.87816851850574
0.101494415500343
-0.0914723388017468
-1.75822641173548
-2.47302458633233
-0.600357122344216
-0.170192370535874
0.036107487272461
0.500571881797322
0.319128051046687
-1.09307107761774
-0.601950658015279
-2.309070298573
-1.56403704502366
-2.21651273096106
-0.501912259560193
-0.8190857878097
-1.94806043284568
-2.95523430309648
-1.43243397442278
0.811330836527334
-1.38168643687355
-1.23487001680461
-2.01477134944873
-1.08852727407954
-1.08172929723891
-0.212011657876817
0.374343691382908
-0.230512573574584
-1.2218138347929
0.00185041496165344
-1.00552342901241
-0.50472870632725
0.250776496908518
0.000841001949599713
-0.650435472368062
0.315094248727625
0.565140497791772
-0.0286032620159287
-0.325118560141574
0.985208818296318
-0.115342294911169
-0.806920127404235
0.677122091653661
1.0176639889847
-1.50507749541188
0.120850928092455
0.189362251985984
0.368135024189544
-0.06722515607263
-1.23276622703831
0.46647135310133
0.30776252268537
-0.786440757408866
-0.350100468578084
-1.55672313188915
0.370269553181982
-0.0996676998982446
-0.015924643142809
0.123390957170855
1.51659215471258
-0.135873711677118
0.236827308792805
-0.383329140461125
-0.664943437862813
1.27411950986595
0.814405533529783
0.889085146688473
0.140103440991179
0.369651098407071
-0.233788476260242
-0.504261056390743
-0.291226783216473
-1.28444608080501
