1.03883395030158
0.894135903023217
1.55400999200939
1.41029344352341
1.25596015255192
1.05507254435196
0.944744945553659
0.88232464563735
1.2967196401817
1.00319277173741
1.37308076775595
1.26480452174019
1.31101987260778
1.29803826184079
1.46720310939901
1.34182111071831
1.59758586234589
1.11902002267523
0.642862987758792
1.12057336187801
0.450315441220706
0.831234903333315
0.521854138687504
0.806058425155725
1.3486286771933
0.960247942346186
0.727929499946295
0.946847164001435
1.00298019948007
0.827446412380424
1.29920934724456
1.36683079915512
1.26079832148048
1.01046018348021
1.26326046555682
0.820507035092196
0.975996504724742
0.386694752866726
-0.243971702766278
0.559649180977916
-0.561536886648455
0.146912565969656
1.45305852942573
-1.14820475085633
0.540940148935984
-0.316942711750212
0.911499794382353
1.06163614167665
1.04271284889537
-0.0947137931535081
-0.547464072669926
-0.334243026638399
-0.288827768170479
1.55115219501736
1.20523487948743
0.98355314637903
0.777568905641876
0.943357136405783
0.253053142653738
0.782453937537692
-0.650178420435856
-0.329507322340191
-0.589889579855381
-0.103282514518879
-0.360470604644028
-0.798904826311701
0.705590668070125
0.817201234122148
0.561968131051126
-0.595566800576694
-0.819507008060776
0.547363668774975
-1.22587275495589
-1.08687081941849
0.0554759964836406
0.298830315295426
0.224406811645653
-0.265734524340697
-0.494916998363048
0.25863238923521
-1.07880142405912
-1.39968263105752
0.560696396216588
-0.115501730507708
0.286932885103234
0.178237345060775
0.253183024630884
-0.553827600789875
-0.708562374766193
-0.358467156004401
-0.630085272431947
-0.911682848206413
-0.046147344865647
0.128943314289485
-0.335888012668241
-1.04456322324928
-0.676643770725351
0.11075578098312
-0.902969892225196
-0.56823022755361
-1.50569123349813
-1.01643530922704
-0.912293509232328
-0.185464180491348
-0.139219204535464
-1.77223176542127
-0.73423643128383
0.767643882688332
-0.20365252813707
0.484712708352473
-0.262776254460525
-0.720199395050461
-0.998551594876643
-0.828181656726874
0.721135000684717
1.01709447030582
-0.510610237840552
-0.929098426140725
-0.355050139312388
-1.3896599157273
-1.33954290186186
-0.6737319618298
1.01604453558034
-0.454325571062448
0.586412448547713
1.02749927871673
0.317827306601779
0.136487855855126
-0.533572144129393
0.873450866098664
0.653752517000521
1.00391587061874
0.778339884550647
-0.607299989435407
-0.566889043694908
-0.962095629170089
-0.123129654337362
-1.15102350607679
0.97610482513519
0.650905645501266
0.0884585832019623
0.751907504172772
0.000622632793220115
-0.817039709856417
0.105568686347459
0.681465397599298
0.216351138950556
-0.120050223755385
0.0836622393903416
-1.07018345238212
0.479002320470457
0.180825267760336
-0.0249120458370455
0.681535683154407
0.58636895040787
-0.620558644372958
0.0117184355416082
0.157672956811751
0.449453821068581
0.303828737846275
0.822653043728792
0.539747577740636
0.585842913321094
-0.916201139133457
0.510739124400961
-0.55020787867421
0.0674867310971507
0.493868700107611
-1.35628731708508
0.169009982920765
-0.579757651697188
-1.5572507159321
-3.05256125190736
-0.400699721449813
-0.114150347362246
0.0935014668303732
0.0772061250420738
-2.05949101252464
0.158959618229931
-2.42995072190131
0.46434983461003
0.627946772111873
-0.860164385369279
-0.882297832888832
0.880910090316836
0.560648080129581
0.632119456392456
0.810944965604997
0.684185509227601
-0.12672422811329
-1.49894227903625
0.486864123157582
-0.230486726123762
0.159247756675201
-0.119446811251944
-0.659356162085761
-0.395092985842606
0.796767192156279
-4.66129034609027
-2.56429062780346
0.747824307047376
-0.985525566661389
-0.632909222268286
-1.70050931592873
-3.27717619368814
-0.0705466036878472
-3.16816854270527
-1.59759598496596
-1.37837343114296
-1.91934682530923
-1.25901087643145
-0.132512789864849
-1.1884992676139
