0.612698334979761
0.127667299542296
-0.109195145805498
-0.286759252894899
0.187511536329535
-0.00442503749369713
-0.0577759533773358
-0.662151099725832
0.0191287548891034
-0.25080426485547
-0.221059453392528
0.556212513946736
0.658876918637314
0.58091882880348
1.06120295241889
1.03285699309867
1.22255424408764
-0.100142805267067
1.55923362672781
-0.278540149528257
0.184650070223684
0.368493584757672
0.398099847432365
0.199268781068821
0.33036031169487
-0.0232682681170534
-0.844067060148502
0.124117379675278
0.172259755876743
-0.00143385203228622
-0.446936138020451
-0.316687938204364
-0.00508893340346731
0.157788864367595
-0.198217969827494
-0.0320599818849809
-0.0654121365021538
0.0826204721796246
1.96108368005205
0.172031741025186
-2.32292090537382
-0.787873286715813
0.44545973194674
1.48833864413853
-0.217952079076015
-1.41143528369144
0.145660511015889
0.0676354300817023
0.861554704053222
0.299715617863091
0.444066233629017
1.80962663956187
2.88762930867152
-0.110190826367069
-1.0758551281822
-0.780146064835067
-0.0370453748233313
-0.363976666440433
0.340262747942882
0.171380156337484
0.344809095646993
0.380067931479487
-1.73163817110919
-0.995245510125766
-0.0971688153220301
0.568201616473483
0.702536115578426
-0.420836988842645
-2.09112850700801
0.363174635098983
-2.10136737991842
-1.00079016220731
-0.344962575565618
-1.25416034198362
-1.42895792024633
-0.585368465621669
-0.516928317774477
-1.59677460869084
-2.15558361374417
-0.518341610023223
-0.682323586346063
-1.3864051201452
0.0859034618204484
-1.11488515816172
-1.27256413215193
-1.54425048131414
-2.90122273610074
1.70204505260289
-0.523616328255932
-0.861678015146263
-0.119462229015707
-0.0967218113218834
0.0272035528167563
0.391041923173
0.465187910832557
0.12066219215672
-0.622685920471489
0.619881110404672
-0.216165488699873
-0.00283007273531112
-0.157647493671927
-1.43994602409728
-0.324093760134709
1.86836602028542
-0.176479196548544
-1.08138377766477
-1.01864680894196
0.19969840985519
0.425065268883768
1.34246222471963
-0.178387597562588
-0.421757591207519
-0.707810707570097
-0.993227591405029
-0.589654144817245
-1.14325087960818
-0.882892373530547
0.499118480158554
-0.61389040362152
-0.153430916445089
0.133440437563779
-0.968659655257842
0.25254945869342
0.752240791876347
0.430784533239454
-0.311013004448273
-1.39472092008346
-0.71717252321217
-1.49311390194553
0.38305559367514
-0.171347407119834
-0.329930763692735
-0.609370881326708
0.341349340019741
0.600259963268275
-0.0425253502675243
-0.694024235327412
0.496628134045489
0.0232788152091482
-0.772505638519842
-0.978392982632403
0.883421644807498
-0.357752198307114
-1.32104467571948
0.439070598074474
1.90978116041027
0.256101683780955
0.28651024346922
-0.152356261291147
-0.579948427685289
-0.948085480443
-0.40451446766703
0.541991818052167
-0.24858364002435
0.632006145386495
0.388990426597725
0.834609031705532
-0.366731604362718
-0.176541539761369
0.464114745776721
0.147558046934415
-0.530035194247339
-0.206506916117822
0.446200019037506
1.10552583123045
-0.541985074309983
1.07498409109787
1.59129896276859
1.57508392853834
0.253001647017591
0.115348358318062
0.137054331770846
-0.699143139661942
1.29010810968377
1.28082348890664
1.23854306448367
1.31995611746603
0.798241541017691
0.740560557120506
0.707703690255338
0.930447076409389
2.48701745661108
0.377336969652913
1.57532039700137
0.214112890182267
1.07499168000534
1.98861273428842
1.90415667232243
1.43401983529086
0.697031729843926
0.804619561296749
1.46404871694978
0.684835304407667
1.90728414946641
-0.679581950227823
0.445995487763642
1.64004922475811
1.31274990797654
-0.808136513073777
1.466668234546
1.41598835871012
-2.37687942379888
-1.80824051836935
-1.36951508141217
-0.943044121673243
0.72191251399867
-1.715123432807
-3.51542358695081
-2.37372617700709
-1.0593415713356
0.716170344172364
0.188504191792399
0.582561643161471
