-1.61749014305427
-1.06321110438207
-1.18510465899696
-0.393647265908531
-1.29917186804565
-0.176988677045696
-0.409107480054148
-0.535754963044745
-0.702333486033859
1.56318238468617
-0.95911655919273
-1.3652936969496
-1.19372901198195
-0.734923638758129
0.0184775875953077
0.23135481201709
0.874587946925782
-0.783970622044059
-0.476889844075076
-0.276589649680391
-0.491924385835815
-0.0277403530135318
0.522518634834935
0.312289545615024
-1.02766190081227
-0.592577919142115
-0.671045689467659
-0.203630285184782
-0.756238795662592
-0.50327012765161
-0.324824237248014
-0.920276373225402
0.364292268617614
-1.06521303305092
0.306562599342212
0.393058002579587
0.904323862646231
0.728041355175847
1.12112448300075
0.939472692287277
-0.731379426648603
-1.96284431830154
-1.61176331974271
2.05004114673882
-0.326437499357548
-1.51974260584199
-0.565494238752991
-2.13597952768891
0.386176519166617
-1.50074911293412
-1.20721408721136
-0.841788030980024
-0.365826079451092
-1.4646517626599
-1.64348642168197
-0.405276158787997
-0.00662056504593088
0.0476781368616263
-1.12150683603072
-1.33347186432637
-0.624402572225183
-0.94810431259763
-0.443718275770387
-0.367417221458505
-0.654199757010409
0.546756693203992
-0.945750724156601
-0.498678088806538
-0.26384681972983
0.278846032319231
0.198021023634896
0.240887305849321
0.128276695253303
0.463766383128
0.662760293354724
-0.196662352231412
-0.774526820382062
-0.125365113076277
0.603860347777343
0.224311218042901
-0.878830057854671
-1.29913985447338
-0.921012339885468
-0.198007107718776
-0.849699165258031
-0.307458342159967
0.219733972483534
1.85050438202205
-1.15813306064589
-0.958612065867186
0.745905598255189
-0.692213054151156
-0.21147632294633
0.981070899757762
-0.441331596314786
-1.38703326464199
0.532537679715603
0.893843929323552
0.751141829262598
-0.0475607809612266
0.911611953178225
1.76571042584466
1.00161522655617
1.81541408963167
0.97674022945588
0.249023809735195
1.98066237970342
1.41290115514346
1.56070853294502
2.06738380434112
1.25697033649943
0.0703461818369906
-1.05870564671824
-0.811151707317385
1.35830196368469
1.30578351968688
1.46225531255205
-1.81321957636015
0.335336725072471
-1.0149720070364
-1.17036103645669
0.345450287396257
0.170441491724541
-1.10334382662787
-0.468641003259806
0.405000781857959
-0.453033661253231
0.704376523421834
-0.342339449761095
-0.526112809794864
-0.29441920978769
1.38035559308247
0.625733208693914
0.786784164225439
-0.0980627942599849
-0.281386187165374
-0.00228993651153494
-0.159517859094661
1.70891974212702
0.210103052240178
-0.945581154592908
-1.40472984109274
1.85967509133701
-0.870577598693609
1.94678145077676
0.972151393896544
3.35015852760896
3.24161763376598
2.86520925684826
0.522767138835077
1.51589641034133
0.859882897434319
0.0479608539800583
1.54419087824536
1.73238312402607
1.07367998170637
-1.30916427493969
1.02821540693237
1.52269534540623
0.78565089228031
0.840420387384803
1.12172699764349
0.279947208553257
0.50446607334598
0.792892026333639
0.78735988964567
1.014187269773
0.555169356730595
-0.4076280596373
-0.786098233523384
-0.0374945394425904
-1.16314469448982
-1.74818147542503
-0.464723787997475
0.298128036367336
-1.79924093823084
0.110504109117349
0.191660721438103
-1.04339581331738
-0.141820038268365
-0.60534057104116
-0.223087945015835
-1.18495403412661
-0.499034445231571
-0.344780951169674
-1.711807114619
0.971479276502366
-0.347552461716598
-0.454414345270625
0.062150880056459
0.314659198029043
1.21550729254729
-0.234743381214779
0.312200976067498
0.784310116822798
0.114748342976039
-0.258493152812593
0.508379278558473
0.0552130149647099
-0.636294044630029
-0.027549665426136
-0.190079775034783
1.09065391841738
0.901155206885433
0.126958447344523
1.11745630189423
-0.547804137242469
-0.458907601900551
-0.854578802033348
0.673790586237619
-0.802171541635158
-0.0734690783029105
-0.697841044379908
