-0.569494267291383
-0.484212264591183
-0.16208037336279
-1.27161020505752
-0.76572446413354
-1.40476644911487
-1.18205280342975
-0.670953468403353
-0.445451995000785
-0.605039497931595
-1.04885844854225
-1.09281626341662
-0.640462068036777
-0.382761734827239
0.137232004666546
-1.05011893257024
-0.716612024746398
-0.331073869461718
-0.993773467011579
-0.811067235990055
-0.76922171686664
-0.253969519319059
-0.000620081479172992
-0.747219937417739
-1.05510557927573
-1.11062923729262
-1.21952520905834
-0.963608929000078
-0.801010646825891
-0.936389315958382
-0.65252005890353
-0.731159657209556
-0.825859137772067
-1.09198224369974
-0.212650773602685
-1.13347531120589
-1.05580141680384
-0.187196270650328
-0.120634109904693
1.04798550812394
0.605431402521447
-0.973464587962804
-0.539327069423955
-0.407824101110262
1.2409137079703
-0.618747937499783
-0.357678595360095
-1.02640354226908
-0.246722835982897
-0.0143877478364717
-1.0012781991799
0.332233657431996
0.0253884281869561
-0.986468456244537
-0.814036316664372
-0.180313188606156
-0.134399459308455
0.290982527934341
-0.0634465132939348
-0.648353921224624
-0.884809952624408
-0.724318618887085
-0.910554536866258
-1.19557374137024
-1.36115118888836
0.645054535169705
-1.01871380232107
-0.175137871469399
-1.02467955885387
-1.39997091022864
0.228340223101029
-1.07365101180349
-0.794982107662076
0.823087898554661
-0.494399051695551
-0.926433906374267
0.0110514853690377
-0.539131535757874
1.17352717376452
-0.648762652354827
-0.841265464860573
-1.14444718628642
0.166670984297172
-1.91216457837914
-0.470532269079723
-1.04487543175499
0.567371546153106
0.886006727141716
1.52485434130507
1.41801989104456
1.02748635246603
1.22382385938471
1.16117306723348
0.761485276390024
1.02337284928828
1.89068718006476
0.572458050329828
0.648666427429825
0.9038438901294
1.22467607547847
1.75600626055657
1.72067075322258
1.76012986552342
2.40959561244895
-0.110445504213159
1.75994078682935
0.583393440295001
0.155531350645152
1.54504704896729
0.874729031932736
0.747045369139577
0.897023423780472
1.35062152091515
1.47899914242441
-1.09368062661659
0.640819475536935
0.455667655546516
2.2611805756004
1.75098477939348
2.21769988907545
2.40569398827767
1.61687095987361
-0.823503466989471
2.16909741622785
-0.315766711614024
-0.658191373197925
-1.00172500231017
-0.276246937141764
0.804916111729293
0.758135147964875
-0.279714948270905
-0.459548038352051
-0.309580297340075
-0.775493850484436
3.21592063294231
1.31265536982939
0.313972352382209
-0.117760798547104
-0.158858055213588
-1.80992570221829
-0.749745755627304
-1.15395090206854
-1.00398200349522
-0.556640150251177
0.325589391614898
0.513512163275645
-0.605548045293614
0.324802553592455
-0.60183489993378
-0.458378404450967
0.617215957835296
-0.776200846704871
-0.978503421122988
-0.588739658323822
0.0243783885088411
-0.482378936665403
0.0888646058404714
0.00591137277703952
-1.06907105698322
0.585415502916796
-1.49115121423645
-1.48442420315158
-0.360590565158799
0.0547888347415626
0.584068946281746
-0.303131433432417
0.383544791424331
0.693328965887542
-0.0790504931714048
-0.954583633744596
-0.865878299065024
-0.865521509955195
-0.48161789506561
-0.237103608726474
-0.824553029191569
-0.0317420699895558
0.39592322748737
1.46629165149454
-0.273533330963203
2.83302227966997
0.2682793031776
0.297761037665008
1.19406927544818
0.914715235452599
0.0784242002590549
1.12685195712829
1.40205558503262
0.747947064522151
0.378732346266126
0.0242740245205556
0.144884926116008
1.38849394837094
-1.6582165404351
1.50782827999433
-0.0965127194681204
-0.350704181544999
-0.870419927103797
0.0386896026752383
0.117930122803033
-0.485977610645082
0.0408752699998112
-0.771277452052713
-0.354157358247542
-0.228219059671059
1.42165870022305
3.07397227797309
0.93628788307016
0.0427597325157937
0.0195868117173083
-0.546724509396166
0.222884563889918
1.98262283930273
1.13400621903444
