0.592832841477903
0.40662600065963
-0.147969736696691
0.540214279139708
0.453912973683439
0.733987805458838
0.719175503359109
0.706720319625928
1.09678234207038
-3.48821610313667
0.145376986839778
0.536817705589497
0.307078325641045
-0.00241300665613279
0.127851132629408
0.0193360429765453
0.0260469111080864
1.36095705933499
0.296515952412159
0.848734174556881
0.276546256314481
0.0371463406981111
-0.520201842365897
0.262741998144527
0.492840337404834
-0.309505228360152
-0.456458764798841
0.56936324142991
0.0266556501398312
0.180314156794437
1.01390403959457
0.208280428129549
0.68932827105403
0.421119088844169
1.07169018678628
0.339602518550093
0.487307791213189
0.047955063435583
-1.28435498894278
-1.02774636521867
0.634138056077334
1.28857966724734
0.579516170247226
-2.64688025361857
0.974543568854048
1.04329337441264
0.767235831054764
1.38651745255539
0.323881886790902
-0.562403496668098
0.0367729539709156
1.27871128707799
-0.77016645416933
1.40750710112481
0.470908779202169
-0.90190309742007
-1.0401744034669
-1.3827117293452
-1.06925562641571
-0.0666354942761581
1.28679979372276
0.903920692264123
0.533376770666207
0.654144623282687
0.62434402623661
0.881604134739789
0.898443462583542
0.572316905126705
-0.548986837174928
0.242453427360906
-0.10337079795478
0.227815931363922
0.330294122843368
-0.883775172698528
-0.477058267421707
-0.206360406594738
0.266233419847241
-0.146251764981106
-1.57167609977259
-0.0863489660876839
-0.780580301170595
-1.7923319968787
0.0447956882341385
0.0596974216459406
0.359887598907721
-0.31801492087494
-1.91805533579822
0.175140783711911
-0.931377365317678
-1.54749354964642
-0.800256018956506
-0.282560932103537
0.268885215443186
0.658971124689956
-0.874851499091197
0.0611385142356942
-0.395266735605427
0.62443208825079
-1.65035669117199
0.00457782492953536
-1.86241199316918
-1.94649103766827
-1.9163739591168
1.73210136080295
0.419656114769008
-1.10556612741113
-1.49688251979935
-0.889371416096788
-0.633653785703571
0.874322540822744
-0.350550869477838
-0.363328796123833
-1.60541914089896
-1.05797694522418
0.0685469424514675
0.312331881339325
-1.12311018006893
-0.743786656656349
-0.891279547600047
-1.19051202529163
-0.926300162739067
-0.644001145600791
1.09459983086739
1.22520658002779
1.90334360154837
0.653838162490831
0.235993821854557
0.526580143732921
1.04471318433684
1.2952538306543
0.809833206406593
0.989798757858427
1.08123180166434
0.499802155590619
1.35322085434436
0.889305056745217
0.791084970748192
1.9315222523355
-0.0606872468436122
0.726917864515679
0.648247140122528
1.56618060990267
-0.839825524883005
-0.424670076690161
0.096352581441504
1.16112634203856
-0.235531599858817
-0.420609791105472
-0.936536687571962
-0.658865522125629
0.735405242972694
-0.359805328592074
-1.10532045064562
0.648425367966645
0.809836760005181
0.13774732272965
-0.435688368196383
0.029239913525846
-0.587547711570578
-1.05731419810406
-0.467625092106333
-0.161241706274601
-0.0316211543248749
-0.548170636352435
1.0789144086423
-0.985513690374238
1.13713013682071
1.73700113574849
-0.910839374383378
0.59938911145461
-0.0617112700799098
-0.875439349431052
0.220133662368413
1.39686044263213
0.371274395794264
1.4063276304082
1.10887334099758
-0.98830992301435
0.063039478398682
1.20080374177462
0.353722099083994
0.178748159597487
1.01781943243224
1.48080830894705
0.00371303117107867
0.556120643239937
1.37824985661718
1.27351171640314
0.347566950713241
0.0710928345674727
1.28661205568316
0.879255333164036
1.20322267603781
0.358520228788495
-0.718117385873565
-0.524835435443045
-0.505399539379099
0.212350763174105
-0.474596835557805
1.01129690209395
1.3288892522423
-2.21599242301072
-1.81646426117509
-2.09835942225226
-2.40315775713478
0.0236055882013929
-2.76209435448295
-2.48643867363293
-2.29928699245556
-1.92988900509973
-0.46634826531885
-0.993097165056448
-0.905322159704714
