0.0484017174106018
-0.438826058023044
-0.606288640446802
0.430792517520791
-1.10685305167339
1.28272644311339
1.26934581268636
1.07985834312179
1.50800744187213
0.931569875097106
0.146714148010381
-1.10853088157378
0.554266816843394
0.264919519960115
-0.0820746065826877
0.000263498621105298
-0.25432085038522
0.744508546682183
-0.52785240189862
0.783090899442649
0.0864703025317035
0.506767263628058
0.120708428933194
1.41290585723283
0.71767728939536
0.985439233111461
0.905864004475563
0.471405062954612
-0.0820900914012417
0.79084938908776
1.59719134064762
0.622182979197334
1.92831831901111
0.632571691865198
1.96040132762259
0.525501593619716
2.02076192502235
0.360283745491962
0.639348476166429
-0.0548271961282264
-1.0070839359829
-0.224148230721636
-1.19073481927067
0.400036973600942
-0.17006609456031
-0.285289753139306
0.49429277415716
0.342999537263713
0.600533926256775
1.64165012377126
1.7348842886931
2.32206816828331
2.83314402119315
0.902116884852086
0.780358648873657
0.864221175075066
0.0541903087729012
0.622283842809667
1.42730686492453
1.09561224461889
-0.726771041505911
-1.22814412668441
-0.00573038930186673
0.20248299901812
-0.550234848960797
0.186100758847453
0.0258127966109418
-0.389581450473252
-0.226111651045321
-0.933193518419095
-0.479129546893632
-1.16216880877081
-1.44326850412473
-1.13345758193921
-0.0621901690655414
-1.44602495250421
-0.305274551185221
0.351424993817444
-1.55365011779812
-1.28554541086759
-0.346316882025083
-0.530699587944714
0.271356354827886
-1.40693971423499
0.100425136845947
-0.510570715240329
-1.56079509843808
-1.38977647656588
-1.39804773324569
-1.54528023321351
-1.00416177682878
1.12524028070048
-1.49126939917777
-1.45149476841599
1.61364038421641
2.20383748462874
1.13107866402537
2.19044695405722
2.29301065201283
-0.0333903051387111
1.91911842695629
-0.417725490747206
1.32485382110399
1.68679777175178
1.05865893902791
0.461921993559789
-0.665125746667116
1.30632884716387
-1.55958660857656
-1.23013746768945
-1.45987782636309
-1.5574901674012
-0.406305857025614
-1.46464554828947
-0.00681771712370634
-1.20241169390826
0.368752078076679
0.0203272306389366
-0.909289433929388
-0.611291076737525
0.0195374800660202
0.828223801223336
-0.976525580305162
-1.41254337488233
-1.27024324994443
-0.359511304787248
-0.712007409579987
-1.32038822885168
-1.52973717476847
-1.16768304174836
-0.754857519582948
-1.2472710647152
-1.46484164609828
-1.5088651855795
-1.53381847460091
-1.52242011083327
-0.461093877397358
-1.34025038860677
0.0820791364973728
-1.34269536771863
0.00784918680890239
-1.1769570051074
2.01965071691102
-1.23241431147909
-0.575145785619956
-1.52062434924452
0.0959021069818599
0.598947693049324
0.0970045800698041
-0.845396463686571
2.47032442601662
-0.658280142084478
2.39640093446277
0.498225719397692
-0.351107098893438
-0.267966598172208
-0.0305474313926146
-0.300280571330368
0.401353700354796
0.743800931197865
0.00291670396527093
0.476372435737365
-1.03251296424578
-0.984652847873822
-1.38515125734048
-0.0232763830239884
-0.573425292978793
-1.02104338519081
-0.478804556305505
-0.620543161471262
0.0579182790953659
-0.704127070617699
-0.0303060780394987
0.0596219383793361
0.27989318461753
0.800870073244965
0.645380242085749
0.16676434788984
0.390865131159826
-0.0595030884313982
0.183870546457829
1.1512219002157
-0.0471472232294148
0.605412186794595
-0.377908726493855
-0.362822960683323
-0.155388091321897
-0.105178945707809
0.74486604437853
-1.06398109684028
0.514593508187609
-1.07612255927729
0.128639198299911
1.13815146256311
-0.316675706402918
-0.171501095989843
0.463767189957109
0.479155802853563
-0.722772682770572
0.44225670660767
-1.17027892851522
1.3418245786891
-0.43185205103011
0.285473056326592
0.26679806249549
0.185941442835029
1.39515543032119
0.534882827351893
-0.233156995332843
0.257629513771635
-0.350970902241186
-0.205844700849519
0.271359746741686
