1.20944726991365
1.10126182466839
0.861980791429155
-0.390403173507368
-0.229241822701978
1.06945932923368
0.252375229711481
-0.140548944663612
0.704507320354141
1.43764835136448
0.22148354722971
0.538069895185461
1.29977860865767
1.21680259985662
1.12932406792377
0.788343799108696
1.1608194866858
0.360449696934343
1.00343971999086
1.40365966755928
1.17092606925807
0.817527624360816
0.714200114259842
1.21441052868182
1.25633371835398
1.18179079723801
0.864952204779089
1.2472846025369
1.35740931318195
0.542725509539592
1.1337835724825
-0.0791487112783699
1.450719837973
1.19461024888232
1.38116513760737
1.15168721853039
1.46919945315147
0.631055628609384
-0.327750600692617
0.456103811704149
0.193795543918767
0.525893198700597
0.755371471261626
-0.217069244456478
0.116611572233064
0.814106772171403
0.619814409394064
0.738976959189737
0.525523145886745
0.304448121386226
0.49984753969673
1.36006857008222
0.916395658829144
0.71973325413152
-0.596027970583102
0.0496027532667517
0.708657895908981
0.424014221541596
0.247890881081541
0.1718404648109
0.855971368881119
1.14095637880004
-2.95711099878476
-0.334283092278551
0.754479503762659
0.0377798167390105
0.625649778209608
-0.273321411209926
-1.7701239187686
-2.37125110191738
-1.73350705936307
-2.85705498623728
-0.252244933139287
-1.39399101784576
-1.4131018504114
0.0270343476999325
0.361422421825455
-1.91991818336745
0.0906821673963962
-1.50226754548052
-1.27685995847024
-0.149909431037443
-1.31417844231985
-1.15277317261675
-2.14742939883363
-1.80553330707127
0.603540829757224
0.721403906728731
0.892369991400914
0.465266659602387
0.215587488912653
1.10921755397354
0.664564784811284
0.259739267195544
1.32638155865245
0.948852281563135
0.45024642172059
1.46911997307893
1.13983373867773
1.09248391808636
0.305420729960532
0.0818029925309822
0.451708287157057
1.59601340130521
0.454512951018963
0.941294902330069
0.150309077022558
-0.114536503606018
0.955241678352372
1.09915017208954
0.0160404230119606
0.476766710356808
0.612076809149465
0.397723482217082
-1.35498540324585
-0.137694092098775
-0.403868657304852
0.728515162487323
0.462784938992462
0.955791826013607
1.0124356024414
0.7541820329833
-0.915592047475453
-4.4672749626418
-1.47041056390926
-0.597233148936774
-1.46861072280928
0.152124605182566
0.131539512366292
-2.14325226129231
-1.70136525964093
-0.200136661297146
-0.891180795100851
-0.188782390397534
-3.1957050249013
-1.862645387947
-0.852786580114254
-1.50104198241073
-0.425565188837461
-0.30192778042886
-1.64225151537135
-1.26758404444531
0.327482619687185
-2.48139261588436
0.0550913525961308
-1.29563551199316
0.88476929348438
0.395889911888094
0.73072312594134
-0.870648159212399
-0.545938937924446
-0.162790434608741
0.114669667271433
-0.170119955487266
-0.139704870116805
-0.470673132193873
0.126835982160723
0.0299714577129065
0.42690584186519
0.584078429448242
-0.15678718072299
-0.74588390632623
-0.203184603278597
-1.80847236102001
-1.03111696248881
-0.447181481739633
0.337273756307653
-0.354678430515667
-0.268966252927306
0.0748043994928958
-0.139631722426083
0.826846868262683
-0.922195719872808
0.234980869320253
0.796551182179442
-0.735876095594314
-0.54431868439498
-0.0512945538074645
0.0684776511321643
-0.111713249905396
-0.0630000300187588
0.212951305937183
-0.439223727924617
-0.543075115973308
0.00731371720162209
0.175625992625856
0.301408005478781
0.080899834883389
0.0447622999542111
-0.428424395050765
-1.6060853542087
-0.309453103391906
-0.0745412136614256
0.551172587007287
0.261635168498633
0.243820151438171
0.363421283850066
0.534769193625366
0.15319503104889
-1.62125666460351
-0.596674074233049
-0.685611789666622
-0.64549682737604
-0.553269468252849
-0.335898257954024
-0.478873600323773
-0.319650305500565
-0.994803544289396
-1.02466588874985
-0.629436329589204
0.349934035564903
-0.56897123220554
0.314487495925461
