1.15611511248633
0.917325179797213
0.81599544598782
0.276352338594549
0.805501537533778
1.42903014462774
1.53129267967508
1.25277128541494
0.46825724082079
-2.32987780144526
0.660408162610791
0.833480936480151
1.37710377852237
1.394677041322
1.31273186334112
1.17401384292291
1.24243501389441
0.841268651000459
1.01114309438814
1.06942173221727
-0.710345203498097
0.377152003468092
0.691792022043225
1.68268081314671
1.49306206793292
1.64210810027811
1.53676939440124
1.40472358467386
1.61129920390964
1.44166796808897
0.9480243742226
0.654287622869039
0.870532352205463
0.218214991036231
1.17902376380471
0.372119667345279
1.33206958104276
-0.263133626348738
0.674208645452523
0.321602783854173
-3.74272176796098
-1.5718021048247
0.515090804709067
0.473285087309516
-2.27550514121262
-3.5017976884304
0.554322312340607
-0.823799704888296
0.6501615571855
-0.0889982441650319
-0.307897967611549
1.23132392957982
1.47659481951779
0.393190075283732
-0.663441081127435
0.367779734889781
0.644497106210292
0.697475542864884
0.112540558948451
0.451790518593477
0.796384785193894
1.00678070961599
1.05463741835953
0.601061680471514
0.755497967521746
0.783386749285248
1.3069802669483
0.171974127748258
0.926094069920635
0.886579845901323
1.22353087996315
0.215751953859946
0.471304475158167
-1.00566381304152
-0.20320703398094
0.100949498022102
-0.187219088332971
0.0955838814107942
-1.13760202600922
0.335167133210133
-0.612492386669514
-1.53126942485109
0.47307216193068
0.0658008636202516
-0.978829433119011
0.0523697977920363
0.417006399014518
0.560586375026228
-0.426278260084254
-0.523568737161353
0.421340166840467
-0.242570930643175
-0.172996734689547
-0.381052646361166
0.246876815787662
0.790058827389491
-0.0545425609568805
-0.21001305093506
-0.360747703597827
-0.0930028914300058
0.337782605721562
0.217921308228769
0.0993939245962953
0.479625440679163
0.387937552482719
-0.295053369921014
0.0607427581393639
0.0775100553969442
0.258127238173099
-0.0671958409759246
0.0628276040743152
0.0473193990922069
-0.255032914692661
-0.307310971030664
-1.33306569034465
-0.327954856071941
0.0397680046829184
0.24337467875181
-0.178244125422832
0.36476756523292
0.677032497509399
-0.17712975820673
0.439704851309147
-2.11157336008295
0.0622654977363318
-0.254301824079463
-0.53353532869452
-0.899812211360388
1.28782902885376
0.346255499210203
-0.343882532762346
-0.25505812692596
-0.262401160373501
-0.237822208538155
-0.815550891758756
-0.362556760472564
-4.28884803799229
0.170535351852512
0.18392251348778
0.116659463673524
-3.28791791930598
0.879474379432453
0.125762613729847
-2.00525927549941
0.148781090433064
0.493507563395214
0.703918582554357
0.662670561084878
0.032840146236233
-0.31114064995597
-0.0957476164862019
-0.353777017454339
-0.177674523956813
0.159328446021382
-0.0669303432402331
-0.113277302789376
0.190407276994285
-0.290271917265175
0.121952720655708
0.416251317131845
-0.752187709719553
-1.54022870188143
-0.648830640504541
0.409255128339119
0.35311379693211
-0.579528638914842
-0.0212197857651476
0.130537539559375
0.442579339790076
-0.438836451790556
-0.321190576861629
-0.365271770408478
-1.55735056133408
0.168044906172458
0.72897286075565
-0.655769958030486
-0.319808281241009
0.127677832913965
-0.15175082148237
-2.75918745037327
-0.045551210626132
-0.319987442701299
-2.46427659828548
-0.760202627107028
0.213513662885509
-0.0860638660441676
0.393059924806693
0.406142061820839
0.229653038479615
-0.771499771330129
-2.80859463192029
-0.170152943371156
-0.17829365954305
-0.0135608657075127
-0.691639432778931
-0.101777572900611
-0.0373215909963537
-0.655631615485592
-1.90172644266852
-1.21840151728207
-0.480210636585891
-0.140933748897373
-1.9569785402744
-1.3247203575255
2.01916099212904
-0.477050621413713
-1.74918085097209
-0.935654314863716
-0.0969140465706347
0.195406394655694
0.240656316471057
-0.807719084485701
-0.587555323421245
