1.15505045365113
0.443281904983144
0.682060264475554
0.988870767432144
0.610205849113022
0.142561421740574
-1.10025775176142
-1.76393454095824
-0.605734508737118
-0.0318215290553508
0.803631707493419
1.0801000872049
-0.350633853443875
0.462560288571551
0.568228662771042
1.31444115804952
0.70028445249264
-1.77924500430005
0.903669963429152
-0.0310641975041248
0.307383047887542
0.222900578082642
0.680629095963767
0.178750043461581
-0.554628566949253
-0.250522468880049
0.0434919247883952
0.402706317467106
0.485584599341747
0.391704050762182
-0.347725749246636
0.656638337439161
-0.0202094938676594
0.222956112768869
-0.752877117650177
-0.0625341283249389
-0.114121070597618
0.13157760923414
0.880699580554271
1.28289369069627
1.39016818972494
1.33846751378274
1.48213847446429
1.51637554147867
0.815345795202964
1.63141660404245
1.02998777255621
1.30250312538751
1.71298206020663
-0.44203633351569
0.0604355082921012
0.374985603864664
0.195533460032527
0.857162742870269
0.775122003127028
1.12841780068993
-0.175382932015578
0.361842920480302
-0.220980298629971
-0.316553118056521
-0.362919295479513
0.808883696201059
-0.275170688453277
-0.418178612023217
0.00451341204640696
-0.0687158100414839
0.134697770661337
0.843252358359693
0.153742923266789
-0.394779958684699
-0.585175371458224
-0.192032422570896
0.123928397595425
0.0702465660203207
0.22695310012287
-1.65643723994128
0.783086051607887
1.18605182951549
-0.226060192677767
-1.63706605651448
-0.421887750231532
-0.351070010700155
1.29009891883462
-0.531111511134393
1.77249155920151
0.576796045447977
-0.446676341031382
0.491881559730799
-0.853843991945843
-1.47578521873645
0.458378015256923
-1.02021480519136
-0.204883579904867
-0.406778489871918
-0.685766483954087
-0.284912359807842
-0.241438747061617
-0.666180921550776
-1.04440077929904
0.00855602563858935
-0.419545396130712
-0.968316493933979
-0.194052817667276
0.309664453945735
-1.65802066857006
-1.88988814814406
-0.357026819932831
-0.61360853173511
0.71695156434829
-0.244005473090877
-0.179480260776571
-0.0560783847315366
-0.308219319630408
-0.229913824188915
-1.37574645194635
-1.0305900458584
-1.12740517282473
-1.93466348461823
-1.82522022071336
-1.04665369293443
-1.56872423998601
-1.69809829440081
0.702818380408342
2.54941571514726
0.333701369614724
0.538586357398375
1.31977474310261
1.70073105483899
1.33175476260318
2.10831104424362
1.67132861234552
-0.425668983753278
-0.144342607794442
-0.0776953799574148
2.04775368764063
1.2051922553343
2.18950140038297
0.51532106258983
-1.61193649938367
-0.0211211161951131
2.09885501847996
1.85331588839263
-1.23848294499508
-0.846491799487746
-2.06580484433573
-0.284373378186433
-0.848690077666831
0.187881027506633
-0.78325098254481
0.051273432524518
0.000717060984704885
-1.45336400263033
-1.70724441681115
-1.43754308600824
-0.633320880350848
-2.02178242220029
-0.829621982643394
-1.35854745026499
-0.852613094342574
0.461088270033927
-1.50077223803881
-0.755938898703683
-1.16061388955488
-0.101973989129526
-0.83006316306118
0.785778201353833
-1.67148505287444
-0.991051543277424
1.99921030397246
0.387003358106603
0.71616457864849
-0.101215367903517
1.81526364508589
-2.03841373299037
1.29301647800407
-1.63975760007825
1.33401319662039
-0.670641767104949
0.680007703106982
1.42980383034701
-0.294732270659082
-0.117299749913086
1.00963998367911
0.990712656546491
-1.11287521932851
0.102597033589628
-1.01147759277416
-0.749378805915365
-1.06631157797485
0.425510617277982
1.27443034381052
0.727278028708472
1.19017050414303
-0.570061422885558
-0.229378123692106
0.0885625123101724
-0.835011588422515
-0.516323885452377
0.992484591569275
1.35019682710473
0.638149155756556
-1.04162195445228
-1.20924201744338
-0.230585132635704
1.00848620603063
0.178300866405952
0.371628697799092
-0.158722560907019
-1.69771445802194
-0.234911674949107
0.435601954752315
-1.44471613940119
-1.04605934149014
