0.961998157355584
1.4049706595458
1.08325577901127
0.850274065021606
1.25871469020889
1.90716144855424
2.00526792491794
2.04883245406644
1.48388219533163
0.805308810053953
1.14257845575336
1.80500351916761
0.607893223105092
0.548846343211318
1.43046211575206
1.08617478282207
1.50596064897164
1.09685549190446
1.1871920044529
1.46804231800592
1.77797575501571
1.48824560316201
1.68188014417739
1.36150069541193
0.3913653684713
0.566641147700823
1.05914865050317
1.03940219015339
0.581812189131383
1.39960025604385
1.97929191453164
1.6234145092274
1.75741276486988
1.62807112976495
2.02811270311113
1.37796398577282
1.53304204908997
1.10229523044059
-0.00945578885623302
-0.0369739128223661
-0.867400908629684
1.23979815628328
1.18285014589682
0.180146058268512
-0.626400805552012
-0.034050194181092
0.358803593014286
1.38511756544011
0.298051661273358
0.110909835888336
-0.400144142655187
0.399586466235647
-0.121265355382364
0.986607221345572
1.20443193965762
1.87353922450599
1.96832089068222
1.61509274619007
0.981115262246652
1.25087007578079
0.609688947234106
0.806482959647917
0.934508873216887
-0.168441465676965
0.612157889182445
0.145679728506399
1.96966776402106
-0.0833047207939479
-0.565767242778144
-1.0601327923281
-1.33594024580897
-0.512311408878391
-0.281507724666434
0.13631112658888
-0.840144176572385
-1.78637742475119
-0.158371714980312
-0.465107407808112
-0.744763717879743
-1.13579216429656
-1.62025135011482
-2.29622221121705
-0.0467245257684475
-0.871756154248422
-0.336841962633488
-0.738678895413574
-0.962109694122284
-1.15176303696731
-1.18329745582552
-0.625183711208935
-1.54822327352763
-1.09556048107503
-0.0204969530690124
-0.228826675228844
-1.30850934613923
-1.44204348710174
-0.978040891182067
-0.584098469976949
-0.740994867322011
-0.633654967099426
0.285287676769871
-0.141698992521681
0.376213809695802
0.306292468669723
-1.06868689290965
-1.39864386556797
-0.369658714110822
-0.278938488224159
0.435548292592649
0.590011176003424
-0.341771682950238
0.486614962750126
-1.43367629517987
0.35036848391819
-0.842778697187153
-1.01442022256756
-0.894181431435422
-1.28271599942657
-0.860558503110587
-1.43562011783915
-1.22411616371159
-0.848959686660673
-1.44623709293795
-1.21459161338775
-1.02171896178788
-1.22876657477979
-0.692562669467481
-1.24713839304009
0.127561022931355
-0.855620282127796
-1.24856672376691
-0.92649672924827
-0.866661495067617
-0.912378444235759
-0.700662209245506
-1.05489650549066
-2.06262720637728
-1.07083321502441
-0.938885223275728
-0.089393113970463
-1.29786466342395
-1.70807481923789
-0.621744926344745
-1.37764286699065
-0.457602901579532
-0.586321271886339
0.461429018526917
0.341567845541182
-0.0568979823266408
0.681739780030379
-0.98584178626095
-0.776969440683515
-0.716773523856303
-1.26761565955577
-0.583902673682165
-1.06892089646452
0.035909711466854
-1.03657846949241
-0.469967723445989
0.743830451086927
-0.550395410581973
-0.685334479842153
-0.262262660957506
-0.489870819375991
-1.18542891911882
-0.194169950617462
-0.387076540803205
-0.390459431743825
-0.156239526211717
-0.89050706555184
-1.05892787433505
-0.930608247360153
-0.908719301825051
-0.994897186110678
0.590626995135014
0.0277652910867475
0.231612796253758
0.289318953436291
-0.135988436645697
-0.147161817704979
-0.140593315407383
-0.299635987728252
-0.781459197548508
0.362795617938237
-0.547256181890281
-0.713718800692125
1.03231837829907
0.0911289124569349
-0.497945638615035
0.295357961578265
-0.15107265479097
0.87325775825116
-1.00129683943031
0.768876566292144
-0.873622089274695
-0.629515468408314
-0.388077040665588
-0.548680366256085
-0.351603253836315
0.686541769288236
0.446082184288522
1.19785214873852
1.22765154223917
1.2533040233284
1.04959900031098
0.990075580178249
0.374429795594211
0.960110665634402
0.864209070297381
1.33429809356913
-0.277998749871427
0.00839829585597292
-0.248938815327108
