0.470050119817355
0.4497371470166
-0.262666055650728
0.823695231881026
0.391550809061033
0.237151353419939
0.340365091955654
0.407967994519776
0.584486322078213
0.271646520603676
0.634671393480503
0.586619224791367
0.0222183922431207
0.0208007501640152
-0.0306461621064026
-0.0794590417220128
0.623661220973618
0.76700922087307
0.201791173944955
0.167518897413156
-0.205252050220199
0.131468304046386
0.145541440244727
0.0359754544018215
0.158298020240192
0.298812928292963
0.221899887347866
0.114812727067851
0.288994716289239
0.217649621949081
0.563046696692375
0.613084521152754
0.0179140438521591
0.170596718301585
0.104134226371185
-0.322214249167523
0.364114053349023
-0.101212326188081
2.34688537330981
0.37202235544757
-1.25425661202709
-1.50621167989883
0.397029872483247
1.45577295898382
-0.716908868831293
-1.46954353442529
0.277390657128888
-0.0798722613029392
0.63985253090393
-0.965867974558263
-1.48448519033913
-0.164286887307833
1.75183428656444
0.80201812089888
0.42027552573294
1.30450100281527
0.20373073993464
0.246196560895714
-1.06979548482739
-0.0534851246474747
0.392332957043903
0.793015717753062
-0.371646650343552
-0.0154603786043076
0.616731619154634
0.090339973191511
-0.0100198900142722
0.528580449234973
0.0677933843764298
0.768206933793897
-1.45279377481753
-0.262745819629521
1.17982613016862
1.3615298111506
1.69630305332166
1.93690495239653
0.325024366222418
-1.6935971645799
1.09615599895636
1.29386604186174
-1.35405012670014
-1.51180429432256
0.680763825904435
1.37037856350262
0.549499030122339
-0.121895567058622
0.535920335589616
-0.69744568942045
-0.798764052399443
-0.704555275943815
-1.61765408443645
-0.963276569158515
0.00380259212646374
0.356245608180749
-1.17584747142923
-2.12339018258134
0.274444016083324
-0.0591465243776881
-0.477552654222925
-0.750195384671957
-0.155604786882564
-1.77818165130536
-1.33726158007787
-0.310842889098888
-0.386138874414161
-2.80479685270735
-0.973418203077615
0.107969161382845
0.423049698680209
1.23252856454091
0.903581122813833
-0.238834857265063
-0.899077098210609
-0.807047775930174
0.0955720544119919
0.455130790355489
-0.58811876634216
-1.80532606548461
-0.413026316492568
-2.50111149835026
-3.57533241598415
-1.8755843890054
1.66394072627496
1.71472902776357
1.78923586241713
0.856234929740195
0.927332379347601
1.2153192350722
0.130602849972835
1.95139947717889
1.49374872201878
1.15752632789512
0.73360523854667
1.84282696078874
1.48484729028758
1.88798331752115
-0.00807127110612617
1.86935093095891
0.388121667338
0.878128253978601
0.604300515305037
1.56065164804311
-0.521447270765239
-0.681849832076606
0.342401910371821
0.983473926251335
0.610193405526453
0.516261303520963
-0.118321406293176
0.329965580166216
-0.169671343180898
-0.33517257649597
-0.573419586540274
0.26483204237774
0.907538493629369
-0.125904690166074
-0.196308615862742
-0.416627998151903
-0.0398767272097113
-0.231311811344211
-0.0310343602703554
-0.544401583824876
0.130775394190477
-0.0662597999435496
0.414643313915511
-0.608638067357296
0.71166023410271
1.01598839684258
0.589921990125176
-0.246773828696863
-0.243891581364631
-0.612894734158549
-0.71093762289858
0.64595046741801
0.27116242580623
0.160796977977014
0.81640444567727
-1.2087011384561
0.168335382912214
-0.230208553356353
0.373667565283719
-0.227836632911538
-0.181886290082891
0.286371428175828
0.374791819482806
0.0255618114747059
0.708239945937627
1.45607901574506
0.389286525541286
-0.464009172018544
0.125122956549325
0.580669022243101
0.177326779531008
0.321088224759813
-0.187423171018082
0.289781330950138
0.0313947451061602
0.0344857871359977
-1.63323853806883
-0.488629839746448
0.303638669126697
-2.1844276725775
-1.39038300226943
-2.25382258673123
-1.9395267351245
-0.851403884283067
-3.30320962840818
-2.34460859195528
-2.06048227444755
-2.23274020888858
-0.412720867831017
-1.1943001934662
-0.657904871649569
