0.27340797374516
-0.432677155210603
0.268265983044044
1.10692454778466
0.364557546434197
0.951319165994398
1.52634396460634
1.49284187810444
0.841675153027131
-2.02097899753767
0.281218477379373
0.455898351074109
0.432455384270607
0.247226865412876
0.102515882812943
-0.558615144861488
0.093516900355772
0.738199852990107
-0.508728845432013
1.23397487655506
1.36969590876209
0.924048822337836
-0.077139343525235
0.262850522254804
0.51064711461871
-0.0496987613550862
0.622366762528645
0.659650168766101
0.254668341085165
0.581304646859626
0.886734539869216
1.14336739374165
0.844688139302271
0.923694101134104
1.51581131964733
0.524854914804373
-0.272694574354484
-0.110581212516546
0.593602666928863
-0.474905117677933
-0.397854772863163
-0.0306745582504983
0.277680291494182
-1.37429378699879
0.53989798180324
-0.389251448867874
0.949020082914548
0.546253225048792
-0.512566165950338
-0.284498684208376
-0.136985353460203
0.84196129851361
1.08134148977425
1.4693447582116
0.710794722252748
0.576869250800075
-0.177885686430839
0.246379307965113
-0.0506874419511512
0.665069437694845
1.05958688509012
0.619617410740901
0.0787431266402974
0.293664417650983
0.24262994865441
1.02629299527405
1.47823169020024
0.952282884481014
-0.0481800695167467
-0.167128182966603
-1.0893491462286
-0.313821209552685
-1.05600581749557
-1.02419768103752
-0.502423363563738
-0.155334896968425
0.583040606204324
-1.81682102560687
-1.32553852745764
-0.190474654185096
-1.79730923807227
-2.40212579581165
0.216235543034925
0.79597942051631
-0.0260711052548806
-0.457742952295215
-1.41922182199757
-3.60593084072712
0.482972904434465
0.457987859986195
-1.1934144241369
1.35868680758325
1.46089101706502
1.45469264368807
0.0963255676158312
0.981633249786117
-0.456642696217635
0.960649559614451
0.859052800793131
1.11483418008496
0.580691766250432
0.545799630831025
0.658529357264948
-0.707732585439572
1.09684040024405
0.876578314313117
0.094352753495438
0.101380586455103
0.935605833169406
1.19710767506237
0.564434886241662
1.34338424658279
-0.686667600560106
0.795573941696595
-0.218877372731265
0.447465350244505
0.349303234036205
0.722130885746016
0.620587996973107
0.695342982943052
1.13025063758655
0.880375912248788
0.520643803632152
0.177660576373312
0.221403349284245
0.125956900935688
0.103998209081701
-0.865200488843164
0.884245185482633
0.441133614426545
0.152182358167586
0.620648650395898
1.07831300054901
-0.0672437426711346
1.39503521832923
0.179908499744639
-0.77224829729584
0.461847268323234
0.0514649946938947
0.85759027554521
-2.48390560495059
0.0597908043939636
0.611458753904264
-1.01225632292458
-0.503102331659687
1.56958807266002
0.189136040132854
-0.515480759086797
-0.540084765395895
-0.0726734364240826
-0.433210457142723
-0.167476329508386
0.0121946314548226
1.00869642276047
0.270727026324402
0.30523524062381
-1.21716092319967
0.0082309711512138
0.162800014169532
0.228514454768246
0.316420613757001
-0.299736742137147
0.00737598835945038
0.667626412063644
0.560144113511457
-1.23996857466363
0.0958382615754244
0.793217448065454
-3.42548381391357
-0.48402875354829
-0.410160133659991
-0.673124235850706
-0.919565390803117
-0.34430911187599
0.831474334118956
-0.693228971415705
0.377380991107539
-1.20639621568309
-1.18307376467763
-1.59421677178655
-0.518261235595939
0.334096536022217
-1.8245193102502
-0.773356205687291
-0.158186763042914
-0.727301149152093
0.273718044164477
-0.276812892374416
-0.455274528704686
-2.32387995674362
-1.19155884207591
-1.32119214468779
-0.808391991356038
0.0689632663391146
-0.485082889399411
-0.407510459773894
-0.415358851107158
0.409615169883068
-2.06601239178342
-1.00041421420805
-1.9992962789314
1.2601453823733
-0.105488665079374
0.332134170001495
-1.43344931983161
-1.20747458575085
-5.53384345127404
-0.297420121753549
-1.72213237690727
1.10978813291769
-0.89826248492971
-0.932130972607413
-0.751375043396625
