0.853331914915685
0.502907473442585
0.75856464064527
0.763708749896682
0.459291161520042
1.03925810569114
1.1086643582388
1.03098795994236
0.557057534056736
1.07646912049717
0.774605340822509
0.0934680196928786
0.713696318385634
0.810196802226683
0.282854371101476
1.08541150288802
0.602454336106767
0.66420922923333
1.11338447487213
0.921890108767051
0.209152463964042
0.117605466562608
-0.209841464901544
0.615252891222575
0.741896021731087
0.308054786257014
0.404018065138541
0.61713295816072
0.581101693115612
0.790862710942473
1.09281630474997
0.801225006680525
0.997172935767973
0.899369779635487
0.76848305758256
0.749693816006217
1.05638813959763
0.289125838253976
0.852943102167559
0.384684290973657
-0.433239746923081
0.0681615791532712
0.279349747916761
-0.0952080144232855
-0.168417845341347
-0.44086940302208
0.695712478474629
-0.309439255854156
0.69040422839074
-0.471965176462279
-2.1504165558892
-0.379932338791818
-1.20730251810791
-0.0062552156533848
-1.67522222305721
-0.445057336086313
-0.0203272691826705
-0.369611742767259
-0.686413910879187
0.488732974963608
0.920589212595921
1.08195730413863
-0.153586922028291
0.326478154046533
0.889285978376992
1.04323719288401
1.56202015145315
0.966696237646344
0.831308289593997
1.49137603011829
-0.273305055281941
0.948187386652047
1.12473786900572
0.698367313505795
1.15943092402732
0.862769333365783
1.00224277727095
0.277403091201567
0.168154740201531
1.0471423178644
0.0999920126181271
-0.780331341556692
0.779492914071724
0.93225694414161
0.707834001163389
0.868374916891909
0.654958875859974
-0.959835900876089
-2.12903322639505
-2.20505594644116
-1.47790244376946
-1.80967189385421
-1.56707688788698
-0.115929861325995
-1.25460693953362
-1.05217341410094
-0.122374953905769
-0.272520216381237
-1.74356545684596
-1.06929225896096
-1.9854796166694
-0.574685662744454
-1.2296616682467
0.278793860743
0.240688972636792
-2.165003930291
-0.464812604625881
0.146991453004378
-0.925135688304512
0.437847268911378
-0.166790729755729
-1.93763251968323
-1.38542268943778
-1.2627829992798
0.493621905825598
0.664774066771113
0.145627125964472
-1.34025503725325
-0.949288210299354
-1.38612570845451
-1.64201617374755
-0.488676436377908
0.891298763970936
1.04573487319092
0.726290223622759
0.477247582549018
1.07313591707744
1.33126398840824
-0.658057135200541
1.05679235602948
1.17912508719545
0.353495628285086
0.130437726545173
1.33277694257445
-0.129964009601277
1.00705087768881
0.500330040420351
0.609545873217578
-0.773151398639562
-0.0452217208178038
0.449507543199291
1.39221136716336
-0.208580203244524
-0.545792250664127
0.433952146065837
0.863209284474517
-0.414708994366919
-0.559934104971539
-0.470655909254767
-0.37638717992168
-0.13358231230689
-0.22261854594522
-0.3017667239521
-0.0405408812377461
0.230927352452945
0.356076074953034
0.160295195508204
0.0313457308374271
-0.430419914454664
-0.796678176384506
0.00351721779751778
-0.571321508593366
-0.178476657872145
0.0708312220217219
0.569125936505071
-0.401490781069088
0.400910352165191
0.382377856665862
1.08015456298376
0.0455441945465912
-0.00718447297793161
-0.105636033275881
-0.940195871337339
0.405046883907264
0.927104963293462
0.776261980335157
0.503252122338323
0.149242286055368
0.199760519806438
-1.49811716385925
0.187359019063699
0.181290924253022
0.571771075849684
0.269329433473399
-0.0961738074982017
-0.0464595467915992
0.332887192245215
0.519748987330643
0.195000429278224
-0.504185380627824
0.0655181400144034
0.253527066518236
0.531376924302815
0.268066302834036
-0.52242598948543
0.0943972411678327
0.0810025161975709
0.134201121557803
-0.486382591067498
0.701402559306582
0.730329419231095
-3.70403268582368
-2.74496613376243
-3.16907782117221
-0.672913465945892
-0.33923177089859
-2.62986931127183
-3.84946067000186
-2.9745500631266
-3.5396817770879
0.0939107130608779
-0.14155184603265
0.270306999759255
