-0.487132338697195
-0.480647580694777
-0.978354759729646
-0.351803505022105
-0.688859313427646
-0.0252317474371214
0.0450432633854741
-0.0391044447805136
0.309504212198839
0.498959529948975
-0.807813337154101
-1.61503090839311
-0.656741658334417
-0.546957576272767
-0.78630634967105
-0.897271173256522
-1.0127687586322
0.128671809140912
-1.14657651261541
-0.10978583491564
0.381568580456032
0.277268380342885
0.0777921654560194
-0.689002412717054
-0.508970426360582
-0.605546904949063
-0.622712322248218
-0.231037809857421
-0.906837067829993
-0.642827831248505
-0.110038098945954
-0.376910016807014
0.217574636649804
0.387674193258823
-0.29099329572138
-0.0730998491142485
-0.317167443491455
-0.00664938479522365
0.625067797798633
-0.927344151404438
-0.841802790836264
-0.497977498080014
-1.77286815564083
0.303616788296227
-0.331591665973497
-0.571127028238414
-0.727392413134898
0.28649546312463
-1.34181234894215
-0.309698824588412
-0.176026285986119
0.406727429758824
0.0101932736017532
0.177141429814853
0.423810310098434
-0.657864039451986
-0.668342586868653
-0.982921894025632
-0.165725736082934
-0.506046970580436
-0.406504965838573
-0.762725262396669
-0.790512689256784
-0.82403628909954
-0.557618968560361
-0.473981618256167
-0.421732867016484
-0.0136823823006581
-1.44983393571348
-0.330574483790828
-1.23341225295656
-1.1610995144625
-1.55170715835336
-2.14453099576448
-2.0986182345592
-2.27530839563846
-0.593171599086937
-0.5547810251369
-1.64294664448476
-2.57664252879012
-0.170628539291995
0.0544340568459052
-0.425378398892187
-0.530396694149689
-0.346742712544487
-0.822289439280436
-0.690064393950804
1.40420593457883
-0.0867762705427777
-0.71393603611257
0.446693681558598
0.86865899683758
1.02679873191472
1.16967304741266
0.680651143823626
0.427011985535763
-0.213596578612416
1.84829845793669
-0.0378644749878944
1.03950605121724
0.0124576608458221
-0.0201307544556635
0.0894569294336708
2.4303473844685
0.257702785966011
1.00505888468091
-0.392873079042658
-0.133890154678214
0.831682481165574
1.85649155070795
-0.209079417171991
0.599052546649227
0.416833596393623
0.476749262008308
0.66072552652646
0.222462145752218
-0.0906689155249246
1.2875878611394
1.04683813231271
1.17299068633249
1.49785564724535
0.939381064324618
-2.4763137674454
-0.697314558799096
-0.312647837813663
-0.531667798034286
-1.39406199966841
-1.32661204149071
-0.79703505429605
-2.34364090281939
-2.00821179708085
-0.468599603402334
-1.10702454124505
-1.16616030671816
-2.21655832633005
-2.1720021542241
-2.1976817430006
-2.54699832745418
-0.00396495006546579
-1.28435138782296
-0.510912745775457
-0.466610069523534
-0.788620380959588
0.880570960653592
0.395660335549271
0.995105826433762
0.349214384267345
0.204014367948938
0.106475061460937
-0.418756864132984
-0.370793497220175
-0.122478698395792
-0.173538809815199
-0.713367167074645
0.296488954146969
0.328743949002864
0.721726409102788
-0.191723256912227
-0.178405880136117
0.127982976679352
0.563664140948858
0.597769079477385
0.755374440590882
0.100811414715363
0.722253039976338
0.104626728261761
0.767375975831128
1.18575402565555
-0.389868477904559
0.942066941420856
0.349926317111294
0.521157343213979
0.449517545526472
0.693217930255134
0.215813653003343
1.06395860497279
1.46291544213308
1.42146556683974
1.18441910054194
1.59985312459339
1.13031553849933
1.72399228446866
1.36485330769366
1.61569697842266
0.796378194575951
1.21284458311976
1.92199754809168
1.55595165757506
1.2124941644494
1.30301098564515
1.7867947504181
1.61284680267139
1.26148435977063
1.69475965862196
1.13520905278207
1.26464032703445
1.25458225921904
1.62059284606837
1.01173707708832
1.38866905837601
1.74232419451633
-0.0825568099182257
-0.513938038158905
-0.355901717800765
0.109099907958457
1.11995324241052
0.217774253843699
-0.0986375293665168
0.158338351284477
-0.0945547225801582
1.81437495809267
1.57114404257633
1.72347096450733
