1.43761629680536
1.17688548278576
1.19947008703688
0.930107119337642
0.794127596997499
1.43534970730286
1.43250182388237
1.3661109795625
1.15492864892498
0.0738146601344316
0.915901785647738
0.859621596065611
1.33416073685278
1.35310466555279
1.20663928896537
1.54950964955672
1.34483582241175
1.21111431612594
1.49564065073196
1.46534309427856
1.07147092522061
1.07612551656479
0.887946088668702
1.1286418524515
1.24809578216463
1.13772952506514
1.02959736804454
1.29491480097387
1.09617776778962
1.17181204855322
1.33050638788899
1.00541073128586
1.57487242136792
1.37600938293339
1.36525945921536
1.244076929325
1.28358393792545
0.80015869238001
0.998969271779039
0.482825843466789
-0.569062374445262
-0.39696293626049
0.322924910438121
0.242333221100475
-0.321717282525049
0.0539625640709787
0.827476101830882
0.279068642161347
0.499261311572791
0.139054862030223
0.0796252739012235
0.444037826634866
-0.0511060227498774
0.808102039507192
-0.269802932173384
-0.652285166422804
0.101013424589922
-1.07880331411536
0.25532240618413
-0.478465770470763
0.617065248609354
-0.139523951945706
-0.054782009321357
0.206526334759949
0.363760145203571
0.65954621808976
0.0979780597695774
-1.14471110477543
-1.25468902932305
-0.603668499350289
-0.798227674449892
-1.26285907992763
-0.150432502219795
-0.466801190278543
-1.48051608137796
-1.27084707119191
-0.836429712745549
-1.01965966002747
-0.590897923155111
-1.37245872179529
-1.56960012274549
-1.06540594473602
-0.897844327736753
-2.30401594492138
-2.10133236028901
-1.58986394455317
-0.518843943011365
1.21725676288092
1.20387405887682
1.30620708888352
1.29839960659142
1.39317531130001
1.24520689793483
1.03608481816411
1.45989351419296
1.50023347055949
0.200573439022429
0.51504986862994
0.89661399231432
1.26579849489646
0.963515962143185
1.05688689674224
1.13963714196047
1.17750997160181
0.250949883998095
1.38737772889955
0.258777376996988
0.402490012189527
1.34625364193127
1.15527133842494
1.29002199289585
1.21584491069862
0.750993124328303
1.22948158661589
-0.352980581249095
0.324331637631544
0.0486907522082257
1.50531984579655
1.12620084350468
1.39959780856744
1.59865805734501
1.10516230243468
-1.44104614419639
-1.04768383767542
-0.779264289215709
-1.33371789715754
-2.42047605709589
-0.727819377533662
-0.150847289562629
-2.14017706928985
-2.16586798692645
-0.791219508141357
-0.678534115986788
0.542469209377052
-0.5989566456252
-1.33872305457653
-1.58273828936304
-1.18818299467027
-1.01346304976949
-0.709690070272877
-1.5125998788899
-1.15508983933085
-0.570253740325886
-0.880038070055129
-0.900576596558745
-0.885475748473969
-0.698423455652764
-0.345205411842619
-1.26654508314186
-0.286998422513125
-0.504565407700313
-1.40562233543108
-0.303383818387483
-1.17438198828216
-0.775049680019241
-1.83033407846665
-0.355343683399459
-1.79646190673241
-0.230802917499706
0.858861173762448
-0.464448457742123
-0.636440732704776
-0.465707487981042
-1.21266900397207
-0.587603480661609
-1.10448835864531
-0.401937836721904
-0.217158555070657
-1.04154777775087
-0.694105572162752
-1.61294040697985
-1.04108324402268
-1.0958877083637
-0.443733490323645
-1.19054572275484
0.261374305722022
-0.147498847765802
-0.0775909380244212
-0.211479193677033
0.287666389771354
-0.578419207749642
-0.247416339215633
-0.572118739297935
0.151328459518603
-0.647638352101693
-0.570023842300474
0.283233298975021
0.25087319320803
-0.443417470803642
-0.437119785849606
-0.381994192070229
0.160150036975195
0.0152041184887412
0.529056636659744
-0.795921132054253
-0.605305490651486
-0.62626445733971
-0.433661615497454
-1.72032765337641
0.0628439075801361
0.247377067410973
-0.595967726715082
-1.00371624796135
-0.651540733688248
-0.941603522182994
0.458499310639205
-1.17429223668606
-0.92080686808267
-0.627989471043187
-0.343915234237572
-0.333414253646644
-0.314208517577949
-0.454197756221199
