0.633898913268656
1.21295413946334
-0.0547760287393124
0.838939737408679
0.32056023807291
0.858799907039686
1.15839618666016
1.32217618393891
0.697262437987581
-1.44779903351212
0.380339256493092
1.90629771934257
-0.237182292185719
-0.39248965822851
0.292100304765024
0.843953820409931
0.505590245136822
0.927522825520533
0.761903532761211
0.489816512641805
-1.76285101862798
-0.125929995592997
-0.103722570406072
-0.469502638935003
-0.460812601081118
-0.918957259561687
0.223682646863915
0.382790560058186
-0.82782005402992
0.0763986286089073
1.36405185863071
1.04919916784878
-0.508048538879571
-0.477648543646759
-0.122213405736059
-1.18509648045826
0.127712940240563
-0.596726883446711
-0.0842055992687644
-0.904381030281975
-1.70435627899058
0.0933596748513991
1.36771383239542
-0.923791032265179
-1.48832800114048
-1.39472320450094
-0.23413023388714
0.922538741750018
0.712261399793007
-0.675124342685351
-0.897823824074967
0.854975841252943
2.76793399597634
0.853065241626836
0.0664625065038207
0.395175800898145
1.27757736970677
0.191180857994913
-1.36784180704965
0.398821720132194
0.862690044859854
0.955616343187559
-0.140947485871929
-0.459660227236714
0.135907833027384
0.739491335191578
1.94363519082466
-0.392796717748911
-0.813940276935145
-0.63124999284376
-1.38053945005862
-0.53073552805436
0.722330460594534
-0.602687625855278
-0.0835994232222431
0.573896228570716
0.393748831589703
-2.09572407842015
-1.05597585043806
-0.499077295679009
-2.63248780971066
-3.68881414951623
0.147492607488316
-0.496516408377375
0.154739487830331
-1.26989845900092
-2.32690176331674
-0.746831034354528
-1.64478026477386
-1.53903778359502
-0.46856535108693
-0.826936304804688
-0.972911852735381
0.718796020616909
-0.138489980499768
0.126597763067055
-0.174446606927135
0.464346628289624
1.40389954991538
-0.773645188072613
-0.127747805507872
-0.783689883654247
-0.390683486713979
1.74457694522114
0.623091217743218
-0.598391911629242
-1.04700830445271
0.187644762787318
1.47780666724847
1.22769747613518
-0.782532020067869
-1.20181439381886
-1.51120999682343
-1.78449758406948
0.919976280264134
0.162828355624392
-1.07221354881569
-1.61421775738665
-1.36225350370508
-1.11294052307807
-0.320037789559757
-0.159196944611943
0.338042533963921
2.69374774557506
0.79576580201521
-0.535392450630444
-0.363266089244053
0.86756402900664
0.5870805364153
0.798980565683876
0.396169878799053
0.619818514448701
1.66185321741845
0.388700407871268
2.19138163715326
0.451062342495568
-2.51563897312757
-0.811429922959628
0.509377857523969
0.113979324533047
-0.816578836238458
0.407190860505658
-0.661412850903474
-2.06131118490357
-0.410456242173899
1.0561303335283
-0.258146632463051
-0.157872887781541
0.126193870599207
-0.834591687775645
-0.295405882583131
-1.30089069494436
0.584988177024818
-1.01432147390207
-0.092539573259985
-0.114521527195483
-1.66791792364304
-1.0674731899051
-0.584388699837491
-0.113812849673559
-1.02450781039067
-0.654342568806033
-0.943468825724569
-0.281568373560195
0.773936151126384
-0.441486023762154
0.0874582270212474
0.876633713821965
0.789516285940974
-0.688684921975654
0.359108405885405
-0.252721604198565
-0.418437517896414
-0.123932976193843
1.23664239588042
-0.421529587698587
1.08053737061998
0.421802550208418
-0.069520700439237
0.691909818710988
0.840230438132619
-0.390966722352153
0.690379512361739
0.00848062367403229
1.88020913692672
0.943091558389425
1.19419519643143
2.40541818425493
0.642779996081389
-0.607414934933112
0.101666587173805
0.945449905732054
-0.256366834080117
0.945734984396538
1.58520198000334
1.69086382884497
-0.0243988302266859
0.165935487890021
-0.522479074276735
-0.539069114192383
1.5098028333972
0.820471582053828
-0.0741077253426513
0.291190541785599
0.515601015206628
1.35013869168603
-0.539982857156957
0.792303145695069
1.20227334292725
0.0959694701721608
0.024871372571789
0.216046497060318
-0.151831946151215
