0.917775443105722
0.457147669715781
2.2769739710365
1.37218460831063
-0.569530852390581
-0.19786798426913
-0.141555831581677
-0.129517621080747
-0.402259806484421
2.75497133322266
1.05261429753643
-0.767643609765156
0.768448007375353
1.3094628930297
3.31249105385523
1.50244386736377
3.09019883324053
-0.0450158268882208
1.56191257993435
0.226949580549716
0.210896927345161
0.548816591970416
0.987390352352921
0.43683432594002
2.70498692312136
-0.0839202432007035
0.163894031057559
0.333855242307437
2.83692557519591
1.13772325681553
-0.324234095203211
1.86892163923711
0.569393655601318
0.853527313451798
-0.119360120052923
-0.330471100200062
-1.38132697486554
0.860827546050262
2.86328968521697
2.54636781718604
0.667438646310305
0.881675360898829
-0.672249264628607
1.03524023624298
1.15002831031329
0.170637860251473
0.870188167447972
1.9569484134588
0.564044256349552
0.378019493535289
0.0959259872507763
0.275134633909708
0.138097816148005
-0.530201972797841
-0.551627435517713
0.042510037031355
-0.550557082720152
0.336209302971526
0.108120569935619
-0.44932173963244
-0.196608188870358
-0.0277041461155458
0.594717545354185
0.427080999995889
0.244074762881512
-0.690466019861088
-0.825047307472422
-0.364315052794592
-0.186299658088308
-0.271953764123715
-0.347403926068304
-1.01112382803624
0.438509216448236
-0.622220853726806
-0.983648686508018
-0.673623218916827
0.289290707706072
0.106967082756009
0.141967144426198
-0.0861654599005733
-0.58630649259336
-0.799875658552458
-0.50074992289521
-0.583026702997453
-0.104002672053377
-0.412201573154799
-0.534455897567419
1.08209351368006
-0.774322477127771
-0.284570094894108
-0.284119093173152
-0.175088955206308
-1.28967246876836
-0.862507958289202
-0.538903570653126
-1.19770980042747
-1.05475919397599
-0.443329278899824
-0.853729714345096
0.0626563794889947
-1.06073526598672
-1.24921403732891
-1.1676142080542
-0.285355060659597
-1.11232423309535
-0.993994804930302
-1.17534847704665
-0.949670038924054
-1.32382979719806
-0.945626096068295
-0.801509493484136
-0.879896608358056
-0.276412771125238
-0.793278452332473
-1.40850495287323
-1.38848467623141
-0.712616449424651
-0.37533442422206
-0.0593733889599306
-1.10016647814854
-1.27005008228856
-1.39324515130805
-0.456764704097079
-0.497251391698562
-1.2372172912794
-0.324640978311288
0.510786123387809
-0.608509681021729
0.47504927886755
-1.01173958227249
-0.750664230639398
-0.994598967548894
-1.2061208015342
-1.15502079366839
1.52667662687078
-1.00898066519511
0.717585737753002
-0.745041869983744
-0.662387487584462
-0.609702436459744
-0.131986815596182
-0.639540245559332
-1.14691031882543
-1.40342023114688
-0.334102484860731
0.739768889145773
0.0450173802078138
1.29885227713787
0.756159539011248
-0.708950491711371
0.035600207448715
-0.809990618909414
-0.745671284374925
-0.380691478562707
-0.500511272667444
-0.430501498767715
-1.30057606113538
0.774073397567116
-0.352363107498508
1.63683051782358
-0.467606635353829
0.202417075985467
-0.240138010531195
-0.850589930444181
-0.836137778112986
0.668146054171468
-0.375373982022368
-0.337480187731865
2.22674380184914
0.073880547661292
-0.762022315817615
-0.510322903161511
0.739304977453438
-0.518230331166024
-0.581948134385092
-0.776609717395176
0.134881980965926
-0.00678808668898561
0.626265729522633
1.38732616661617
-0.161350566499776
-0.775874094179507
0.0382867822669198
2.7464916175309
1.6523902577915
-0.972004796308959
-0.871803897362715
-0.645707535111461
-0.576550210446707
-1.29247957342556
1.15762057167727
-1.1500743534517
0.690423991717134
-0.383148964885708
0.0182222620432743
-0.142599528868117
-0.850918591981
-1.27423045156605
0.158153921324234
1.72179887388403
0.116655738050258
2.36981861756188
1.82561308585147
1.23118578030635
0.644948106442951
1.00855098935488
0.245412750142333
0.268681199463116
0.702210465634757
0.158099869626104
-0.768406346140127
-0.446232142503287
-0.651088654198125
