-0.302790084921785
-0.196732683631515
-0.12359406081373
-0.348379275757894
0.142672962465945
-0.122038746661081
0.0378738844374788
-0.19597122330207
-1.09482558497232
0.119890970431875
0.200984715945617
-0.203327229429107
-0.0520173147773027
-0.350893104284107
0.231350687962272
-0.482626854767453
0.330829623550454
-1.03000435699942
-0.578973219819179
-0.15947693123932
-0.551766824002772
0.0212569305573629
0.608590485054345
0.140253853503602
-0.0588943196455838
0.203979871241723
0.262235292965242
-0.549014680592324
0.126497173447073
0.342247693423065
-0.517228217005476
-0.094567368174212
-0.101533887488967
-0.516395080775438
-0.00106271389315351
-0.253191565503877
-1.32725820346541
-0.502770671812367
1.17347009734684
-0.279519958183225
-0.911131455318158
-2.67940390450612
-0.309837301732734
1.79586872490267
0.164041824319351
-1.58423958217933
-1.03081751113927
-2.49169296796465
-0.751398092010869
-1.06120223411364
-1.72902311316824
-1.09524124745286
-1.62369147096661
-1.82287166156672
-2.3832162620474
-1.22688117796668
0.128841452969443
-0.0923388460378202
-0.0418488131304962
-0.446155135253795
-0.959832903607476
-1.20735516191856
-0.28650372608063
-0.335422859903726
-0.564727954321926
-0.842158309300278
-2.18194004815776
1.20089969970754
-1.30378223303335
-0.804494283549208
-1.01265595373638
-0.0537489688643604
-1.27221106822049
-0.173798587788031
0.189100022285613
-0.275031519663837
-1.15071548889345
-0.609198957706714
-0.0434515106572789
-0.578766556800845
0.00877752637454968
-0.0592391375290119
1.762701521872
1.57684439253596
1.53015144681444
0.138116896835743
0.272719925511137
0.363333536833626
0.219291948039319
0.586859932230105
0.762276541417856
-0.109818025967529
0.380760208059252
0.581736817131242
-0.407339668799672
0.0588606249107238
0.880668725080398
1.25370588148746
0.159820536539451
-0.0302289779379062
-0.971473900306587
-0.597484453938535
-0.885885212385386
-0.421875417555874
0.843633364448004
-0.354666412091356
0.935566747178467
-0.147561558066605
1.13479630053017
-0.0131217824442074
1.15904841352491
0.58583565643549
0.962388586178289
0.0373080114893853
0.532709151049639
0.822784375270621
-0.170554609319477
-1.22543977981585
-0.332223740426095
-0.83330181999682
-2.00700973896653
0.472150825890802
-0.172360958729081
-1.92493707877492
-0.599437549567395
0.187200497138068
0.478162031804127
-0.431669855230635
-1.59003709192231
-0.947967978197189
-0.384984905514256
0.295277660662525
-0.0825984375745885
0.244617473748221
-1.69059739596518
-1.49164671236186
-1.45391278387862
-0.515524651669938
0.488365869478392
-0.00801840986611104
-1.12547913756473
-1.81257624335395
1.59754490404407
-0.761454816167444
1.02156333543541
0.451370776891237
1.22441233045226
1.2182817732542
0.907980822141234
-0.563085926477949
0.643836154692645
0.912672510370414
0.734142484563563
1.28323582285384
0.613306081571437
1.11106447853923
1.11891990277488
0.799038934183229
1.14456709440497
1.56758961664081
-0.148152720971554
-0.524042294446251
-0.252864615605409
0.493998331167933
0.869874477592453
0.385682766309136
1.15959534300974
1.07101992232782
2.55953980288042
1.23429387808008
1.04879459646079
0.60987741351615
-0.237499596953511
1.29701985915552
2.06986518673497
1.92315057690224
1.73991947408422
-0.949144253817237
1.23936184814074
-0.791890060922781
1.46025730192025
0.15363110705551
1.28229441996883
1.21297603005257
1.43988153811656
1.72989377637327
0.9096448369152
1.62045355714134
1.34669050902399
0.77061643661236
1.17089295286756
1.05230327872062
1.67900522855346
0.919001558401482
0.736838675716932
1.01418399269117
1.11060114767413
0.656473276117472
-1.94213816328511
2.00448901650205
1.82771397874241
-1.09686956309457
-0.925956200475989
-1.093603128862
-1.33379526322104
-0.213492270606588
-1.55704230538781
-1.27677467811743
-1.02707224212253
-0.915668376456128
-0.623174946320197
-0.742457151738562
-0.579927479913596
