0.19862182678591
-0.862104117398009
0.462550345330679
0.276234832765602
-0.0916546366911689
-0.419973115202251
-0.566239550783887
-0.496805489122053
-0.696569918343683
1.28613037854075
-0.00497402850836584
0.200718987411867
0.0987503471343336
0.186873882288965
0.848247391345767
1.19248364648906
1.28806690623235
-0.213005131282201
0.595706883098827
-1.00224067669066
-0.0503025312449038
-0.251942687135221
0.087589293062867
-0.364117994399694
-1.01596973487399
-0.548512234744212
-0.147011478939478
-1.35189540459655
-0.482160034745542
0.0215059498724572
-0.67300150276623
0.273938317958482
-0.720745248983221
-0.0735069932192448
-1.12590645536038
-0.720169825432313
-1.34834987938298
-0.288962591025106
1.94819165161693
1.02767384671712
1.29219264626758
-0.0540271762849268
0.58131446655727
1.90630474727779
1.13129074600007
0.355552606044175
0.473841297301898
-0.0978094053561541
0.683287802834268
-0.446917192556882
-0.604965177345627
-0.359261206050409
-0.570366603901037
-0.324915910165362
-0.614411609567875
-0.832292337921961
-0.31805130251951
-0.601436789801477
-0.42426772047127
-1.11241222875647
0.302615543074764
1.32963739381525
0.891560579312555
0.446300074651787
1.01838707539127
0.172088299721801
-0.601818922895421
1.13430018306047
0.414203744994205
0.625144839562079
0.694267534493653
0.673682709937605
1.19771746041738
-0.357127742854782
0.360402787979583
-1.46083236664119
0.815660872581211
-0.18536043688495
-0.831195133772777
-0.376936851021161
-0.310770873491073
0.559995680846756
1.01180137953591
1.30737279831232
1.14310698798666
0.283290933524641
-1.44914614695288
-0.838057569912572
-1.79430139417915
-1.52452870087176
-1.4546690119224
-1.31551859896641
-1.88702403998181
-1.93644617393431
-1.84724043688316
-1.10002103586803
-0.830448491358347
-0.616341596748345
-0.645357233934878
-1.80013794315869
-0.625422553650746
-1.13256441827139
-0.559187635037894
-0.225206738347472
-1.72418708660036
-1.50880608551118
-1.05516145691969
-0.389454683455994
-2.02300701969882
-1.24054565448544
-1.36421804888968
-1.65071457717386
-1.07862092835982
-1.44145537412224
-2.15369202393135
-1.9413844734289
-1.13562810323806
-1.24621697523306
-1.12123496230707
-1.48971087940648
-1.70840643257252
-1.75198861777961
-1.08383378277881
-0.582769549525376
-0.785033607714757
0.0276176421327355
0.376218399415619
0.0645985539037866
0.339850383506008
-0.978459397145974
-0.0263635698158573
-1.19580052813302
-1.80094193065416
-1.44228047244601
-0.533404702320898
-0.887736831552086
-1.01660214443961
-0.738459974148889
-1.17487151837681
-0.49068992801092
-0.549818342002996
-0.57794154981853
-0.699542476024396
-1.78309586183943
0.648858629462378
-0.259903503545399
0.947207648402495
1.08337911128955
0.729078408010242
0.620715838356299
-0.264482353494121
-0.457122909042835
-0.138918565825947
-0.538554809340399
0.00138089786155904
0.730362586707053
-0.389929425721605
-0.111723160179413
-0.256441146737252
0.675131811949862
-0.233728915291946
-0.444738127447537
-0.0931904117347948
0.648883767230422
1.1544181185656
0.93343123373489
1.28841337998408
1.00725474288394
1.35882852224965
0.981097741698526
0.774005513776222
1.12785348424164
0.785383996737945
0.615024531828334
1.38195919307513
0.435525816089713
1.06204559712674
1.53871183560466
0.786630834016448
0.502404530424814
0.904846555270686
0.940059224892113
0.68483648756626
0.78978590894261
0.839705697585486
0.631066219735379
1.50445075188468
1.38990608000133
1.04906034563501
1.25622529352563
0.866491951040087
1.58007984950127
0.806398839445004
1.36920612515706
0.613392871451928
0.897306842070114
0.938732816088186
0.946088534959794
1.10521963477507
0.479896112017931
0.865685234581943
1.75731443656837
1.48800757038358
1.67640872313838
1.62455111040694
1.26622164212891
1.63825495635544
1.48714300734273
1.39268077953231
1.82519047017244
1.21572708929532
1.0304978625862
0.858413394896364
