0.827227513080394
1.0819773810312
1.27842341274955
1.87183563583403
1.29833219989966
1.50213985465553
1.70518748937934
1.8070024061033
1.53667001215549
1.14176145568562
1.30022695325503
0.97666347470716
1.13848142991593
0.945052922895114
0.78724534028667
0.783912329149923
0.515236915827887
2.03341373044089
0.890483406874853
1.1630261465589
1.19070145700284
0.927734953500722
0.687871156680336
0.928013335087899
0.445646262853582
0.995313479133322
0.977240362628522
0.947926410138104
1.18469656035451
1.19023987736652
1.69345205367823
1.66192270950163
1.42078360087638
0.792059761071298
1.64347044594293
0.955872860751641
1.44862541681788
0.889251514336308
1.44556023504707
0.699772532551252
1.18281419913266
1.27103898106477
0.917276591525348
0.444132982910773
1.32762410227245
1.07180701873243
1.50088968968549
0.987273323571136
0.410564490017993
0.10636831232947
-0.432825142080363
-0.149084917161407
0.209756585947874
1.64690749694434
1.20866517479339
0.451914982431786
-0.0887400057378063
-0.374568929847548
-0.250651731757034
1.27641717969808
0.818482589224521
1.08392344186038
1.0330779040899
1.34978037027887
1.16601864595059
1.65925310309151
1.89955112815415
0.913152807730284
0.80267045849026
0.693342289791972
0.142879020699408
0.928780353548903
0.547711160814154
0.281993034174726
0.547533073828135
-0.489617135605752
1.37865468860735
0.727903575928197
-0.433074935248444
0.617955747378256
-0.198330723580118
-0.553028081137387
0.571186636180826
0.27659581577257
0.593173536056242
0.67267683140797
-0.606134655035833
-1.23784321278754
-0.0961133660420491
0.774645881813432
-0.305905888143375
-1.723327693556
-1.30091470093213
-1.18978352919733
-1.13245327731193
0.14987407677548
-0.912651494702308
-0.159114923985365
-0.602133544080203
-1.54574013373805
0.137374768035748
-0.599057925057689
-0.57090639235981
0.555685019189789
-2.57527079280784
-1.60847131466941
-2.33746858025915
0.247987972580789
-0.972899925959845
0.0999575200076262
-0.450884093213934
-1.16547437200027
-0.978893239936977
-0.702728803834495
-1.30527885199697
-0.685640609266024
-0.331987234569818
-0.851639358922281
-0.58329834317124
-0.518208735446912
-1.05453525744964
-1.8634963306981
0.0108289133715968
0.0647665380479592
0.132734043611268
-0.59810942887223
0.480298661072028
0.0245711070873456
-0.473332942576802
0.0161842649125457
0.0354401905022187
-0.116990823217554
-0.479396208491367
0.0984919535778787
0.396359191793314
0.377770083749792
0.285369487611537
0.369220234421231
-0.719439448054549
-0.614390912534265
-0.279315373054151
0.487696583139469
-1.4124337598227
-0.924210552740987
-1.25079928308885
-0.56525771866544
0.0119149932527897
1.12644891785495
-0.601836345036882
-0.723595075664394
-0.0372146552367795
-1.0699988326885
-0.19813169149863
-1.62344811724884
-0.179568959900702
-1.33288103012515
0.797492838753147
-0.702588547811957
-0.243852484456768
0.79921579038683
-0.53425877101644
-0.236723649336979
-0.825498697821826
-1.47304680399278
-1.17276705034978
-0.719650688951703
-0.658371164417247
-0.749213197622398
-0.808699248656054
-0.941460554896937
-0.762762007427183
-0.840443478933395
-1.84286832579965
-0.75067424299931
-0.286270365959444
-0.675758114708162
-1.09560256692636
-0.594641590539377
-1.18134431880393
-3.07072837887823
-0.985673478428212
-0.490106938714772
-1.84631796520683
-2.19560843248446
-0.719315588542878
-0.743227649640831
-0.35876207859627
-0.626004145518927
-0.418811540297373
-1.01152518564113
-1.36307128602651
-0.743652831725607
-0.49572594100829
-0.461037072380784
-1.93502609274154
-0.740464775253288
-0.407998585376558
-0.590947458900423
-0.715576804793373
-1.50688268149419
-1.84456986270849
0.907986448480117
-0.282936100730973
0.300681512788164
0.126729953843548
-0.571370513125855
0.936177016539997
-0.343168726945811
0.0543024161718586
0.246744545044216
-0.430901298439367
-0.442582650261328
-0.906133967244091
