1.34680639260603
1.01897265545813
1.56711662435222
1.55134765813782
1.56141791542791
1.60498946327807
1.59672785905215
1.65733640775492
1.44290327248269
0.796983649512522
1.62916064482738
1.4298513162722
1.50732512962172
1.46978845214193
1.33325802718189
1.52465507110618
1.51500788726145
1.50503398762166
1.54086420665828
1.43093648759653
0.90328164681887
0.716842089696551
0.338615379004401
1.42973466545198
1.41458211682045
1.39222147569097
1.42109796831662
1.35452569643562
1.44779610470567
1.56210288897468
1.58920642044662
1.40024645291589
1.53291324076404
1.33556064531931
1.49872581159555
1.31102101887522
1.3481904612677
1.00612383770007
0.468593253466691
0.693597968076208
0.190052395758339
-0.310703005896508
1.4172684710971
-0.181490890511252
-0.428258334612293
1.17112714930865
1.59041596780214
1.06739574452768
1.29414743315405
0.036187347252315
-0.178594256561909
0.200971849639464
0.840787376226442
1.3055010007785
1.65045067173151
1.05951108009446
0.085982327311975
0.221489572745529
0.337923837498373
0.338393365874269
-0.791840345380671
-0.85319821552517
1.64115338349483
1.41456355265284
0.178228335984939
0.32389419741012
-1.18370923388668
0.164866329208186
1.31129659912628
-0.261592106799178
1.69573633782029
0.951885239068724
-0.93213979080031
-0.09536230176681
0.13462373241908
-0.703773898772728
-0.853111842859289
1.55689694720128
-0.203458125757432
-0.680050544131607
0.428868921429384
-0.0346287643677542
0.317913056030183
-0.309326204245366
0.124673263476606
0.661491078482974
-0.0456702744103924
1.61414792307488
-0.914112197350662
-1.7911369394075
0.63095253614526
0.0290758437065394
-0.781910798076978
-1.26405745273317
0.268957920747776
-0.320085703620921
-0.54680023366699
-0.0770571301310502
0.166607393867677
-0.249113861650086
0.299973668601285
-1.57550490546322
-0.0953342914998145
0.228923544623002
1.01923163320471
-0.510289575433361
-1.15448147909075
-0.388537059914545
-0.91954384650435
-0.635200582055123
-0.864870394071587
-0.557115226813394
-1.01683308836148
-1.35733882732214
-1.71177167904656
-1.1185743564646
-0.249919053353972
-1.39218927453189
-0.399378368397329
-1.16592881991132
-0.770471817674155
0.0291138832216236
-1.05883580173376
-1.47915806117277
-0.798075190952037
-0.0725680516642445
-0.56315371352467
-0.727598319294177
-0.588695144169104
-1.37533052538754
-0.937689271013126
-0.781806825760459
-0.796263738704067
-1.36571710963764
-1.55631896808113
-0.727148082579412
-1.23167761846868
-1.70836759192409
-0.0429715897254831
-0.822171885151395
-1.66520513524181
-1.53550069297815
-0.44535174139102
-0.879262937573422
-1.07407862947111
-1.97099913950429
-0.189722946413546
-0.0930363648700738
-0.58887645821426
0.957078769162677
-1.08964378991683
-0.710230223288039
-0.203721654913528
-0.250085987495867
-1.01479177317379
-0.704997086960779
-0.511846485348737
0.287679787693457
-0.380377620945504
-0.177815871485734
1.2462848159789
1.03993316509048
0.637406366864371
-0.760292051725968
-0.765859465607242
-0.269032023931476
-0.0832324356550499
-0.599071548113233
1.30133789395425
-0.819909336388192
-0.470064913072288
-0.2621411035955
-0.243183532075319
-0.162092375892913
0.323853431042801
-1.11649610165482
-0.703627570720914
0.299435437846561
-0.961290555956361
-0.49484749727132
-1.06801400775846
-0.242370550123529
-0.788315567682883
-0.250265809424434
-1.50876959102665
-1.48905383240386
1.00064412456012
-0.368257316314101
-1.26334365095236
-1.23969014749971
-0.339436088991809
0.0175993874347347
-1.68834405207531
0.116797818496612
-1.64392353226743
-1.11612469945676
-1.44571618758571
0.37129790325481
-1.05326884911144
-0.646773861710889
-0.862501251796256
-1.27519848959685
-0.344772264536685
-0.546740144161417
-0.321953143440672
0.881274079221551
-0.349271762091695
-1.13047293660485
-0.252201960693677
-1.10105635164223
0.281289754030922
0.0556967761748868
0.0267810142716407
