1.39850618908932
-0.107674041077434
0.693326300952617
0.0832117489021872
0.77497144611545
0.265919578564736
-1.09154934016083
-1.13430692463865
0.626421586242216
0.804318585913936
0.741846407325626
-0.0565077223902897
1.31125824447927
1.44029467579823
0.842927349401748
0.691830117089628
1.32569661118459
-1.62527231771133
0.867645273981452
0.968563321734496
1.14195997662626
0.97218067024356
0.304658402960063
1.0719558962321
1.04053517300192
1.19647087715797
0.886190424537518
1.09884299607572
0.995179000010297
-0.13461897066241
0.889099957273914
-0.810746634186288
1.07748852721551
0.955580174907011
0.976832662454405
0.70200646062409
1.07357154728641
0.388826206918711
2.01701423210214
0.205056760980255
-0.732270885181846
0.40332913171271
-0.348293591242816
1.09192177214062
0.270748068519514
0.0371843509629681
0.134979128140064
-0.433445167085413
-0.493804083107512
0.342885057382728
0.661096016714823
1.41089860143363
1.86265500711231
0.163221498795699
0.669032571216463
0.581834257911319
-0.425222687551632
0.235734176964056
0.214722858922602
0.13321871073931
-0.191768802672421
-0.0641062755322348
-2.00409498698252
-1.2871098949399
-0.253304102595756
-0.248984927843126
0.742163270805483
0.35737563908756
-1.22687819172784
-1.29049191268333
-1.55936499952545
-1.75134033980485
-0.88636406498512
-0.42975482289959
-0.995297714394412
-1.768294239799
-0.962639255300105
-0.674899752504127
-0.478937070611291
-2.8624080088132
-0.766372586735822
-1.18271685273988
0.284053770489635
-0.0972984797096555
0.0550244162399232
-1.30888788402419
-0.808033644498308
1.44076994673281
-0.644954413086715
-0.974630371948859
0.21646569841612
0.881925795790153
-1.13355555047644
-1.03284277626835
0.982668281882849
0.542395151546148
0.723214455150311
0.90980649484125
0.121969935695694
0.550881681928539
-1.74896576617347
-1.80805311792512
-1.43929574423052
1.00429552969629
0.324123199675112
0.274387827282527
-1.67484586908012
-0.372310556457729
-0.387846211221474
0.123244564510461
-1.35271912206316
-1.08978938674003
0.106231920514365
-2.6154539367476
-2.2666745579103
-2.20429178647961
-0.416630662805396
0.421262213964756
-0.0066977908071248
-0.0107850227017702
0.256384306668069
-0.127033736149644
-1.12772960516587
-1.79954548245178
-1.71414042041336
-1.40158506172639
-0.201664302766373
-0.603666306485617
-0.0489721729031633
-0.29255962324868
-0.715975925239158
-1.34129447939369
0.157922729448555
-2.28651206053672
0.194972940797277
-1.93170522406164
-2.11975655282639
-1.52831613916253
-0.859220832648721
-0.461067102990652
-2.78617473496404
-0.636679681257495
0.244779006064371
-2.44757662381609
0.341552159129652
1.65425401834479
0.965073317725724
0.269174991061632
0.637214757634381
0.0272794991234077
-0.893725390677742
0.121961761738693
0.925659285657787
0.00850458536625387
-0.118477633074544
-0.183801103953419
-0.708766589351087
-0.0706809252318304
0.198226915561587
0.423086598734257
-0.351933163752699
-0.739209549354528
-0.827622887390487
-0.610251073625435
-0.300979922209763
-0.779261799077325
0.0145367873081092
0.670922001850322
-1.18617184796009
0.534489861007503
0.364639039750944
0.31053570330739
-1.01131338020839
-0.626558503968801
1.16517485185319
-0.0542625009303541
1.36668622639097
1.46039218377959
0.215393998615561
-0.409096093605433
0.566308423138208
0.904614605508804
0.292000849202486
-0.689752369491419
0.667333095274934
0.896363469222393
0.930383327741874
0.962433871223804
0.475224654734295
-0.170745975956838
0.404303246111266
0.49626862094152
0.333567319273322
1.53216941183031
0.524433962615331
0.575397752102863
0.324663742562372
0.384992559583326
1.47544313235022
0.418538744238052
0.508887470404122
1.47598209501752
0.823287015448809
1.05992564309278
1.3318064984743
1.1553384823961
0.559429532898255
1.49143628657624
1.01381611255245
1.23545713712855
1.34400677846097
0.58825733991242
0.450393504230515
