0.905420089077057
0.177325836965393
1.02468614442285
-0.624447275982263
0.0579882390690012
0.371768335556643
0.731904130991973
0.293863913410043
1.42572500203658
1.64818823135626
-0.299094161891855
1.64799442606779
0.94406092768087
0.875610293264028
2.53810672432245
3.03658972825902
2.56006736126025
0.829332722537242
1.63452595681369
-0.364715487425933
-0.156591945556676
0.419018210919403
0.0261126425942961
-0.320405477322959
0.752827809136171
-0.0464762629479708
-0.824314426367454
-0.0352444583983519
-0.0374057472790719
-0.48552955184014
0.53344480065328
-0.510542311210458
0.236480954774282
0.281054739773566
-1.70243918736696
0.684215394772139
1.12532452761659
1.35311567146436
1.14645101152633
1.29421468683982
-1.96474123606363
-1.70307520751629
1.40126373485036
1.14984855451567
-0.20213133693641
-2.32222978371071
0.010641412365251
-0.518172180587211
2.07088160841022
0.359294195913643
1.22535749331948
2.35381833172166
-0.361629713208346
0.747218641487695
1.31104945593671
0.680776390836156
0.989894738084531
0.0364039761187864
-0.854086217237742
0.82068513000851
0.165674204530412
0.0396888592606887
0.211362890390756
0.294223631200114
0.276664479091846
0.640989157599602
0.125418638644535
0.560868953227283
-1.30592065468451
-0.0185625573286118
-0.855682895393843
0.30883203986575
0.0636014487587379
0.262429831665355
-0.628138294004233
-0.484140987854383
-0.137272890156479
-1.81611422058663
0.124133264811585
-0.837322078364583
-0.0586922448025655
-0.35372547743066
1.17369369353982
-0.691187672852497
0.476555880832339
-0.170409152473701
1.62227676658406
2.35826133973597
1.03920137348296
0.483083496903587
0.653993614645819
-1.2225648806049
1.01384526977558
-0.128944411163142
-0.919265532792634
-0.836171033069931
-0.819527874994994
-0.478232618267379
-1.81312350244187
0.20831481420175
-1.86079504121713
-1.63368561613576
-0.734376701625372
0.660866014350488
-0.619955282735362
-1.42835859071259
-1.60328385704263
0.626576758026974
0.612556822496468
1.80532739912248
0.795581958290172
-0.103647801766015
-0.963349180823821
-0.333323535945596
-0.317805530332954
-0.303714965772473
-0.904114463479413
-0.57727073054077
-0.133420254756796
-1.78679130265134
-1.65321492951625
-0.814423247437344
0.33988796525602
0.154929002674438
0.40956976017783
-0.339619039665378
0.289454300528264
0.16951755876616
-0.795936802424187
0.284526477832501
-0.436294664677704
-0.647441041016518
-2.20689939778411
0.883849115379534
-0.331407225691649
0.270089645306001
0.493109244487044
0.872506613016917
-1.15207169121356
-0.929144443070754
-0.218729356537913
1.74958629499701
-1.08098974419882
-2.86121530917181
0.0924331826372112
-0.634814381804651
-0.506775737513282
0.867015291673314
0.0503217420771947
-0.982760000375646
0.132737262523983
-0.740658090074383
0.390360480212128
-1.60618667293595
-0.1003403273821
0.811141804772512
-0.806527988800138
-1.09224606153422
0.893519970973995
3.02138898154982
-0.514435080638599
-0.789248440908663
-1.22538430620464
-1.67340884686409
0.395050692839756
-0.183946162994562
1.03233079442201
0.770621804379381
-0.234472565737357
0.850286125669404
-0.151834382662327
0.962514982273081
0.888149361675052
0.575649549278998
-0.47378787169501
1.09015008171055
-0.0637096316238574
0.0426298968573762
-0.398838424010868
-1.09305980545239
0.0864056774577156
-0.0738548363360138
-0.776639621733479
0.382909130878992
0.554199278312579
-0.321874537073424
0.191673183566849
0.302652718030218
0.320215429188602
-0.649503169469923
-0.424411810176654
0.220437628891606
1.09691196180024
0.297433784642404
0.042225079339508
-0.334302675616274
0.223728708203583
0.05406789490506
-0.178939482100715
0.654456569863908
0.400644480745496
-1.44315875513168
-0.999841999904367
-0.990448476301818
0.390055402331861
-0.864764950999577
-1.79388415229859
-2.22320523157999
-1.00452736106728
-0.904005242418448
-0.886249094204915
-0.673762237128407
-0.822560581055116
