0.811950817623504
0.142228428508648
-0.549838777194916
0.14432744840882
0.576136197472725
1.09223362512625
1.0361752368663
0.920856460327423
0.847518999600671
1.63234458041983
0.104582707010547
1.00552407416224
0.420322715600204
0.266749451089231
0.621325114407836
0.845395716704991
1.35630478595371
0.910519631451473
0.911426513715364
1.18221649789051
1.04354002130193
0.82142704364628
-0.191830597486566
0.878474693137764
1.09471131728386
0.35579881462414
0.279492089265289
1.3177743171948
0.801119978899906
0.585050569365059
1.11101633180708
0.238370612202257
1.08966519493257
1.2206937643416
1.4905508660745
1.28015002713277
1.75457191851416
0.811689283024837
1.65586306859823
-0.195792120049293
0.778540808830251
0.352532185657042
0.111987114042147
1.76063087604465
1.0747390759003
0.338807318085551
-0.27276776645432
-0.0433801138611228
0.20153063614305
-4.0884258922482
-4.07613735299263
-3.33876007557612
-3.77336341909981
1.20933328005956
0.68972822596107
0.407924451169134
-0.764343244104046
-0.733176424414834
-3.69069221793657
-1.57134230891662
-0.266587255423919
0.515519246505171
1.1449935467726
0.446229415199454
0.066700975958239
-0.364567484542584
-0.760452375581719
0.45267621486875
-1.44790252430251
0.210599154275174
-1.45161252946749
-1.79838916331101
0.260028154958787
-2.08304703579188
-0.758930784849644
0.288617575718969
-0.300533955589412
-2.55204673491458
-1.26641774500304
-0.195255768312919
-0.966211290141527
-2.2896961735172
0.0769164862517022
-0.435786595341496
-0.371133242095837
-1.38238314046901
-1.6200336421531
-0.308411672841138
-0.242161228739365
-0.425609808864549
-0.621315151723769
0.302497445153924
0.352453124675942
0.241667827836659
-0.414798870034939
-0.119477333279583
-0.523784577099344
0.186101823278605
-0.983385070036476
0.315111976283951
-1.24329556939495
-0.225631175812919
-0.861419464746668
1.46400637321177
0.0690043138618281
-0.0563871693210782
-0.22926253720979
0.100931655393513
0.236666997294404
0.390033210498816
0.0701274620322032
0.423176972765906
-0.491317866462813
-0.729883584965245
0.0239868266082566
-0.603191519515463
-0.459717923625426
0.152823908288586
-0.665094713192118
0.725334753610945
1.05285283425355
-0.232446160019733
1.21567960189779
1.6065332211035
1.08555262915581
0.497391824107588
0.0310446199589961
0.0647337707720886
0.104192660825411
1.10725720893183
0.742319694577442
0.438842835960584
0.535066108532777
0.0343853825113243
-0.145094930547431
0.908821638353441
0.843271423005632
1.32742228385077
0.127812448503188
-0.0882425289882093
0.614396954992755
1.22444527313969
-0.185790835567556
-1.28954612719892
0.412529085676336
0.656371739999966
0.431935920194379
0.645501651646589
0.0417375697673294
-0.444757625633116
-0.563473207341732
-0.316272707320643
-1.21313776533997
0.312107950366572
0.545400671327063
-0.37680863289028
-0.705565077148144
-0.184096410767498
0.507483017280924
0.81729702828546
-0.33572472620684
-0.620397387564742
-0.424480486166396
-0.94476610706041
0.74787052988144
-1.38603904751626
0.2328788561448
1.14108627673743
-1.59032335992953
-0.549774258128704
-0.268858507177566
-0.995916737881736
-0.438523208411069
0.432091249265179
0.225021747389029
0.144023704002124
0.280670620559754
0.0228520031523921
-0.518047386482206
0.285702660103649
0.274882114400127
-0.610445221979211
0.0992026347184526
0.265620980646808
0.906843708585713
0.128394416543737
0.00622215014721133
0.226512952192958
0.305721001526856
-0.177176760623862
0.204146874935363
0.21875323971985
0.195829555868555
-1.16459431865629
-0.161654062341522
-0.345821612312315
-0.14928056356128
-0.852641525058628
-0.541104933326983
0.0371580142121669
0.476141124625295
-0.145566354947778
0.439618226239287
0.487942516905533
1.05704064314997
-0.301876458980231
0.0432065546891251
-1.1077910876384
0.0404094171888214
1.45384662220939
-0.440726300075446
-1.97031214762049
-1.82007821518346
