1.86180111214014
1.9494861987173
1.69164123864928
0.943069767997149
1.53407012735955
1.379030027134
1.35301251889272
1.34821487389071
1.23351211132576
0.472558749362223
1.07933813955616
1.36631412293509
1.69465500276619
1.75252297047733
1.98787512819386
2.29165207398083
1.81182300383157
1.80033276063289
1.84438663255269
1.63539157205904
1.763301891677
2.01678927257403
1.79570005818168
1.403563288917
1.10230141796279
1.50116599645583
1.01418869129085
1.00423039840285
1.49789363110268
0.888848541369006
1.47562879073532
0.745453998510909
1.46752732441521
1.36353218192847
1.57141652574552
0.803429478986258
0.888097202429678
0.455154431682017
0.344410758777021
1.87024396364205
0.451477848725449
1.55534613034563
1.60292618245947
0.594319111620852
0.410395724230124
1.57006585076545
1.77328786982756
1.3010265266019
2.12075833082173
-0.0312998234432389
0.0425610977103599
0.153993714042607
0.407980765385522
1.85858356685265
0.757565674407706
0.419411772753449
0.529794821461072
0.0510906712972517
0.213225388902217
0.286858139075724
0.64383635216509
0.462424643455962
-0.170064980935978
0.782285491167456
0.549925769451024
1.33992652352462
0.407023849118745
0.226291663681048
-0.15658882498037
-0.356837941804893
-0.422145819527918
-0.45946186878962
-0.101451712632894
0.116947233792596
0.525593491443272
-1.103261178715
0.492073481090457
0.802837482164092
-0.59904257105733
-0.514963212957398
-0.547095496932571
-0.0999246105298698
0.346408425197109
-0.48605245974837
0.229320235540807
-0.146135859790933
-0.702769429203807
0.957290237515023
-1.72032461316539
-1.67234791186731
-0.875888044467615
-1.06627286426702
-1.08782968615387
-0.843230065687682
-0.447564623926764
-0.436840500441539
-0.337331623773119
-0.106184946090146
0.0576402078747055
-1.12836753074384
-0.340704835615016
-1.04965181270276
-0.760015444525775
0.428827880706158
-0.234493057969652
-1.53504577141123
-0.727252251539117
-0.301337843654186
-1.65290225690682
-0.861743571239027
-1.20735200604647
-1.16729293834969
-0.372230966563354
-1.73227239241283
-0.536209372597403
-0.685014259828906
-0.970268074443648
-1.33520249649879
-1.23383987392534
-1.006160004509
-1.39396383402595
-0.777337674393343
-1.089698404494
0.852837216337818
-0.247704500659217
-0.0550424433213551
-0.689887302113475
-0.878158700944007
0.0154596517657656
-0.110916393237625
-0.516224087694708
-0.148259024507143
-0.309456180088016
-1.04149084289614
0.55940850703796
-0.174876570507247
-1.4386270695568
-0.87688886026193
-0.135335211223347
0.0147636235335385
-0.635057922456027
-0.274876275340493
-0.329551283389454
-0.46661938929098
-0.614224607781657
2.12224257460277
-0.769457999726169
-0.542508112703413
0.126925531627339
0.0569887107869776
0.750159412563619
-0.730584284350716
-0.0374906884914146
-0.600340553025398
0.0678769220184278
-0.744469532107228
-0.450920456613475
-0.439977914306966
0.180408893788655
0.935264677799348
0.172861845169198
0.740537672574606
-0.00799108653660077
-0.566063526516481
-0.153860679665659
-0.00332495323179235
-0.816720823752581
-0.504490267778295
0.0401586179597403
-0.805750983439817
-0.419712492077807
-1.00973522929136
-0.45636349400149
-0.734128481032526
0.0983103510796186
-0.816841419949805
-0.550927696957309
-1.1390915457345
-0.690944566448923
-0.429288642008103
-0.501582078787009
-0.993603138923504
-0.659721162117508
-0.684870704756187
-1.26695098729308
-1.38877914231921
-0.213498836146691
0.209994413584562
-0.419564096159764
-0.0184991868846283
-0.443249031802006
-0.0543152326927209
-0.810849541194953
0.259476260383496
-1.29943659097612
0.106822448428628
-0.90924860259837
-1.13437399519644
-1.16549096259065
-1.41641255189455
-0.52682112323241
-1.31955299137526
-1.39030586890523
-1.23424800054316
-1.15874982887323
-0.601542057833028
-1.84886957309428
-1.29201424755944
-1.66562029933938
-1.24058735674314
-1.12446892516372
-0.963441991606299
-1.08326791655141
