0.668461614795714
0.264057344125348
0.535003364291337
0.414278068746774
0.635285819338619
0.511025932406377
0.803580245119335
0.427694172277571
0.0494440610110244
-1.89322093478713
0.720432285750537
0.84126873995642
0.737942164661733
0.845723643645032
0.279035701431561
1.02338111093788
0.800925314229667
0.543610004046152
1.23705163920109
0.660805501702282
0.821480546853981
-0.234564057440505
-0.287210911656027
-0.150930311569468
0.44621164349254
-0.00237759310532836
-0.225575214777678
0.439883360006759
0.434695557728456
0.244737758092054
0.640314539703565
0.604326625260328
0.0830778916478963
0.879457675368195
0.336588024962232
-0.030148479473004
0.0712504204464822
0.820215021491212
0.0287664450320406
0.675696037099543
-0.675359258935331
-0.988959342514073
1.36930761715438
-0.812534372790734
-0.1184598333547
-0.33198847039836
0.500194784448398
0.8293681800981
0.827048560857797
-0.0839891540319754
0.292972293746309
-0.0665974942266452
0.744129071530959
0.933055774058356
-0.11797483701207
0.289650773056683
0.97059594101841
0.478761707751494
0.490169779112165
0.125599003360665
0.550680049005464
0.811271020980688
-0.104069956293925
0.54891854610718
0.471378309314839
1.45252296085996
0.866831274394824
-0.133913676685069
0.164389866189039
0.86039287618781
-0.243380451105899
-0.286085583155588
1.23205562563628
0.447255293544219
0.116273564661917
0.690364438724052
0.947692647252713
-2.2353875546986
1.0515476426222
0.830386185710858
-1.05964711025739
-1.16095072228885
-0.325079038135401
-0.0688821737608176
-0.00330138491298137
-0.15144200236068
0.151110210562878
1.50565970916199
-1.94344094114547
-0.543211332043295
1.8196583696791
-3.04282674018957
-1.17792962535689
-0.73780949613885
-0.202614084430132
-1.30803765486703
-0.551490214807101
-0.813338346671189
-1.70428199052043
-2.50434805131574
-1.52546768279934
-1.73010619984261
-1.50018875092138
0.114933560541342
-0.359437034907183
-2.17846289790354
-2.33964117663919
0.971821372078235
-1.00535120105896
-1.40385494512345
0.73155452456366
-0.872595440869075
0.597337386839721
-0.16733228751562
0.867560649218921
1.77098154754404
-0.713085850512353
-0.734751404617678
0.149060475596457
-0.116243118241413
-1.35481266287069
-0.589988076363912
1.07178302096607
-0.145189264240146
1.88061626577259
0.717015122184203
0.320342896931129
0.198503906691886
0.245442855865149
1.44618305353649
1.0058038449773
1.40694561107893
1.70958115838999
2.38421137032005
0.461291190727559
1.04911997042593
-1.05007920339144
0.582929958404636
0.570112510343298
0.584857492206703
-0.774078906373736
1.49090640448175
-0.784695220444606
-0.221441427247589
-0.136625683098758
1.31784902477654
-0.106649492122862
0.524912011602578
-0.421496820118529
1.15228131126416
0.733190746564442
-0.20687245768083
0.25589998349122
0.319585932619692
0.941254392204489
-0.426847752357469
-0.376296344094008
0.0521837808620093
0.160148834940734
0.752301660213188
0.800147512954637
0.352860360244669
0.78475457671147
0.120993466735566
0.808033346172591
-0.730799942378397
-0.244590448534711
1.05501612458124
-1.02763359758725
-0.534240137268198
-0.510894876071987
-1.24558721944652
-2.14647764963949
-0.0781694698882938
0.290433764598139
-0.908727335196444
0.0398535284972215
-0.73585841341329
-0.769111633850233
-0.660109732497938
-0.177987116450325
-0.234303610800802
-0.30244145705976
-0.186556638251678
0.504643444422757
0.169517455881181
1.22391919026354
0.48952095683722
-0.368541299724234
0.071228243502257
0.0326365022560215
3.26592702047004
-0.932421596125608
-0.00420282134147058
-0.469155279681942
-0.61565947992385
-0.301072274820455
0.133636839048527
-1.54586505296196
-0.833859662661042
2.39414791799818
-1.78773091268019
-1.45394025646775
-1.60702535144943
-2.02975074818053
0.66570920286374
-1.4997541048979
-1.78469413577992
-1.80549595580014
-2.15561437596586
-1.77148076112452
-1.99251606669151
-1.62121452072896
