1.1270204189015
0.637100850674481
0.906524826630015
-0.736105252416003
-0.347976061288053
2.10593288044134
0.708840732983813
-0.158874340790719
-1.81937833831136
2.84028595353636
0.329828187034792
0.900903082231919
2.19755493854024
2.47035108526832
1.67297348052678
1.47157516501906
1.87639947385351
0.340833465651711
1.47721539616573
1.89459696439392
0.70787188076153
-0.27271243148251
0.340572373398014
2.16880074540398
2.15277820291124
2.19235903488358
1.61234614349912
1.63889814899128
2.07947768694957
0.946331330175471
-0.183942953630825
-0.226907331815883
1.27112163984504
1.71286768817893
0.824333959033467
-1.00441407620394
-6.81103673870705
-1.70575621474266
0.330042419022346
1.4266985841623
0.683894360133075
1.22462364682186
0.88563100977628
-0.486606426822403
0.351996030817435
1.08678913844087
0.0486072470670004
1.36590528960528
1.31553223110447
0.187812615654721
-0.0100418464433579
0.689632597456563
0.284543473420862
-0.36912025506048
-2.14314357669701
-1.40779753965593
0.0518375053605091
-0.446675373270993
1.01354285814364
0.594204627875297
0.195985445793762
0.640061707191626
-0.857095228976763
-0.460418232527337
0.494361610619304
-0.141058149128294
0.21787325836768
0.662771844254801
-0.0247366632773343
0.242632344050146
-0.388683978936203
-0.0351594981334611
0.971071409615613
-0.0363397747832256
0.201161453143937
-0.159578985310745
1.21878026429817
0.339907693322584
0.359065131626225
-0.447787003858141
-0.726894197200289
-0.556450842278671
0.415867070186629
-0.396584166492886
0.118059380847934
-0.69473788149386
0.337580389690156
0.0239818940064838
-0.258578446248165
-0.877271597887836
-0.499694906212141
-0.314107719882122
-0.233563041997147
-0.73885399969379
1.56999771939043
0.808999425177231
-0.662203119307809
-0.907492186989088
0.191493816804318
-0.0987357394105559
-0.611720654699232
-0.52750284587115
-0.350740920294859
-0.306434688724895
0.783358712550463
-0.366112835571699
-0.244303209616051
-0.940923700747997
0.322918631685364
-0.279589483120432
0.516559617648751
-0.0273004168544806
-0.289563906864415
0.0161773732275035
-0.346694083016054
0.637298313476474
-0.129209371305101
-0.509050480283077
-0.430942970113178
-0.115039823931165
-0.350997556439937
1.02074359839837
-0.273075539103734
0.579930383588802
-0.0643814009214254
-0.584682206096055
-0.698957451781156
0.229038642454343
-0.31778050082854
0.29604185319983
0.0871634617228118
0.140978677760124
-0.225445202896661
0.231995843367559
-0.542234046774936
0.283868839521539
-1.06385525509928
-1.11903608298013
-0.0909028175027504
-0.128053417726894
-0.958538539222059
0.600590507031119
-0.418526081168906
-1.27018752486785
-0.400222664287068
0.284953013677561
0.358309205480852
-0.250795350359773
-0.342054119081066
-0.167528906163381
-0.643420145771086
-0.392026563162964
-0.818419135187344
0.00661940094488992
-0.391161817543848
-0.29225816329314
0.259889277964236
-0.56305145191027
0.0308942542636899
-0.739960383170682
-0.116325766001216
-0.845990430533059
-0.0387801848545154
0.375986488875482
0.0433457455542505
-0.995370118925219
-0.621603885829369
-0.356533742682381
0.805245207102711
-0.341086993311231
-0.298046096169069
-0.259747297858114
-0.694612929206372
-0.175277882965091
0.870874262322789
0.273903939877523
-0.0620828362584654
-0.0153076450652835
-0.333216994256126
-0.871341559106288
-0.248213801633766
0.178234547414539
-0.0672102944823927
0.116800183061923
0.190110699723719
0.162863814855889
0.250711617971149
0.427946576767789
-0.301534384064897
-0.631605254811725
-0.0954833673801739
-0.134159784846105
0.187491266463596
0.1551673485158
0.201481639171272
0.293639233878805
-0.570086730875588
-0.292679314860559
-0.554975574464516
0.433392911265567
-0.132975398752854
-1.10817911853817
-1.54986928730571
-1.27033308943368
-2.17906769591918
-0.316226195235751
-1.9603525794794
-1.39907758598923
-2.16533796406124
-1.05483958094685
-0.62948618575028
-2.20605766229627
-1.68889527405166
