0.610701388979039
0.69313652299999
0.409461123127027
0.567003184823912
0.169287831246423
0.5076437104811
0.0762933636588909
-0.128548117789395
0.676869795798213
0.0691641995392883
0.393503462441056
0.678619698927987
0.41970071865922
0.315515988332366
0.40352552515606
0.557301109287042
0.703561025233435
0.565014960378288
0.539561699685534
0.608238709669589
0.839730996590427
0.684754878051275
0.305853074220938
0.590668819054046
0.516241233829596
0.520552160633373
0.513750518882195
0.489194089696579
0.404290913446896
0.459852183589155
0.610403827092157
0.526151339828317
0.659827864948108
0.573970723155494
0.792857176389546
0.272947104800455
0.544365002243553
0.425240062998856
1.45546550914357
0.432262961383341
-0.252905185885645
-0.166281176421848
0.677387957532614
1.08835745577463
0.524536909983694
-0.714185768557868
0.187275128946667
0.459861654952538
0.6828315234901
0.195563974542263
0.182378140475117
0.518048697898659
0.19486122167426
0.819411559853245
0.865098646464364
0.658058800845877
0.446635426846515
0.482193566075324
0.0221352426620363
0.775056442056688
0.801125424437722
0.983092106261721
-0.00404976574840203
0.482130128365562
0.956612409334448
0.572000661346231
1.20992191330783
1.51831721004594
0.851220847254085
0.965993646776765
0.0390807182918491
1.09286389544842
0.989611897701956
0.611121977419303
1.01104730313575
1.26272959504175
1.04370426402327
-0.257422767488045
1.23170124771572
0.847133848279145
0.0397635697470242
-0.206836303203209
1.71878651317685
1.17175514343945
1.27104394560418
0.968571098308601
0.923617678369941
-1.67237672494851
-0.703187972005618
0.320361269578994
-1.091640618943
-2.26454004989167
-2.0000601690077
-2.2641429885562
-1.34605328401671
-0.724271651735665
0.309851688389804
-1.11151912366401
-1.15921501163906
-1.72478686696436
-1.26211648178728
-0.61037680413432
-0.375600325311581
-1.03787202828809
-2.37405933489592
-2.20437675230831
-0.902438718933063
0.380197091400207
0.221174855908849
-0.646236121707677
0.194316924665907
-1.33054702476877
-0.692693998728507
-0.948142276656898
-2.30557578560555
-1.73153507845993
-0.462770548998075
-0.997176399533335
0.0409043090647476
-1.46341965842796
-1.87000649616561
-2.16574817055634
0.989294527478169
-0.726829375926384
1.14382219775386
0.617452185965621
1.56935691243544
1.47970811472955
0.950759388436719
1.2656816847268
1.37938623858113
0.632303137304684
0.828313129396036
0.89361174172318
0.0318624819204011
1.02125453588498
-0.286387551508253
1.00613933843821
0.670407731504814
0.992676290912288
-1.55951761554096
0.488412113925684
-0.348500872358353
0.120163319328326
-0.17567200368406
0.143103068854849
0.0253262856012736
0.648971565993749
-0.184876583579287
1.3073505524927
-0.539128284377168
-0.321543100603654
0.609757192410353
-0.648103226178008
-0.100819300142846
0.0328600308717601
-0.637322759409991
0.324900065537245
0.342777267627316
1.14140278260318
0.338322087945538
0.176806179706389
0.350780753536578
1.67087412127757
0.630232419015182
-0.157566041255211
0.126777463409773
0.551032447154602
-1.58099526475446
-0.725452565338796
-0.346011236118762
-1.67713475592451
-2.85437110374198
-0.618529476100813
0.171954825039914
-1.44725003615339
-1.63436124524546
-0.823949776946038
-1.22554223277346
-1.57551915363844
-1.58991378822098
-0.937532350286498
-1.98018216996536
-1.38954326159474
-0.475101948532485
-1.80229395185602
0.187644311314443
-0.377979941210994
-1.20513696506791
-0.919839995592795
-1.87406318706384
0.46532782856185
-0.118340950665829
-0.903718908852827
-0.27242234998593
-1.33419069221688
-1.38609174811274
-0.270741949594796
-3.49810097224029
-1.94133861002453
-1.43075013931043
1.24269967652471
0.820506439049856
1.16886614150406
-0.333570587319138
0.428070660485743
0.250806095501492
1.27700701926796
0.673797950701248
1.0980569600891
0.105983317692558
0.129849509708726
-0.5054264994952
