-0.365852059978474
-0.301954946363455
-0.111000454600056
-1.39653956610112
-1.16640601809428
0.231813072521642
0.454608561967696
0.372170538325801
1.31359764481861
0.577189943300444
-0.725993673704701
-0.74254075081259
-0.111823045878057
-0.366123333789233
0.620857156126152
-0.555151847243986
0.223245607755744
0.348261338459216
-0.776400929668499
-0.245069978385124
-0.394442370271352
-0.145629477437327
-0.236925064957358
0.473735448186696
-0.0313069234476582
0.434476947655073
0.296532781766525
-0.122599794694253
0.0779432242492339
0.690196259192879
-0.324368519846361
-0.448373503266895
-0.0127810220802155
-0.269259831922168
-0.102575448083697
0.0073680833671988
-0.0181045321623424
-0.0385561816234901
1.34074255835307
-0.137792695270945
-0.142722581545977
-0.407507325822685
-0.963431078518914
1.26807419202289
0.542458597077082
-0.352090267628424
-1.10208709166693
-0.974853959283757
-0.636850909202966
-0.546958935137597
-0.224025015168705
0.499923402787017
-0.474028508228008
1.5805701975445
2.43908736628795
1.33375962534767
-0.769932134364333
-0.662222647964446
-1.35998759113958
-0.13296712491712
0.433257782020743
0.145800290424579
-2.53414275537235
-1.37347147657285
-0.127591752322163
0.863319769557888
-0.454401359948011
0.599155014081126
-0.725318634314289
0.246346515255573
-1.61933604670928
0.220525450669936
0.453387330238119
-2.29210534435873
-0.072177768214083
-0.0092342949234853
0.388423209927943
-0.737818729474362
-0.962964578456316
0.18521604413061
-1.48150282917839
-0.463307027641346
0.469572758827125
0.33718320873818
0.374275271526055
-0.175559490759529
-1.12573331734501
-0.924455808649027
-1.42593406415033
-2.11028419849879
-2.57126344250823
0.516737789746497
0.425326107412652
2.11817166046928
-1.34340529591117
0.0237712068630843
0.771115114824341
1.462867328762
-0.600240511999411
0.925518180106336
-0.6928537140686
0.611862631405291
0.282179383692068
2.09595925536323
3.01063664404682
0.515768331282355
0.599814148633497
1.24659013746713
-0.154354636385296
1.71866299217913
1.48255325988574
0.749870783790435
-1.80652033983511
0.557181025766644
2.75768684095475
1.96672826383558
2.00376411337283
-2.68213631593827
-0.258363283901684
-1.72471444911482
-1.8964307607912
1.7410000568794
0.128514526599664
0.921330699702582
1.16839505465998
0.210123432077671
0.361544764814539
-0.0103275945788478
0.773131346053439
0.272545103375959
0.00893076941582219
1.37599017303548
0.672994493147137
0.920774637980712
1.04598194367736
-0.35710522609015
-0.523335939060328
-0.373250945743834
-1.10509346580424
1.00561806243985
0.45909662162395
0.777805736354231
-0.00973990285783686
1.39180267339632
0.204698251671751
2.08401560111565
0.0274647107602634
0.46138028277286
0.22965801564257
1.05696719372791
0.0638022474723201
0.553807656584866
-1.34273055085524
1.43105061542883
1.30927434990664
0.737797513780444
-0.485837300008557
0.188278638263813
-0.241064637307403
0.733190460563717
0.135769000771231
-0.906725204038627
0.863979263700468
1.19365799731673
-0.0571990929302551
-0.0970480354240204
0.930426589673239
0.854554004198173
-1.22147133010803
-0.138830662999111
0.332491590632375
-1.00789128246115
-0.762772915860907
0.653142625308379
-0.31903512228401
-0.676716801445852
-0.473830288705559
1.26590357937915
-0.514744071279402
0.0986074491496241
-0.375858421459827
0.27759541573706
-0.215433012478696
0.297402482895689
-0.337408379791082
-0.635530460351263
0.706341564337402
0.43571736071003
-0.043969964171955
-0.822408935448466
-0.382676251607442
-0.191065458101146
0.355666991759903
0.221037842777526
0.233524591257087
0.213454452977042
-0.291510220063513
0.826474613113582
1.55589428227663
-0.337441891333911
-0.250726834514861
-2.55226360642326
-0.672464095322319
-1.04151370588708
0.727317771932816
0.00685825809255577
-1.67229947318273
-2.55740347087824
-2.42410838140938
-1.8002332109436
-1.35702336907042
-0.434307962051716
-0.925366911343583
