1.78246989363973
1.49129072183203
0.483040441365383
-0.366819314730721
0.251491993283936
0.717514215714757
0.381485251974426
0.561194280371302
0.338842453591999
0.560180072084825
0.401188765952818
1.09992843309529
1.66927026263858
1.26660521271007
0.308475863029303
1.12850142681726
1.1444277411032
-1.24389933628407
1.25381515043118
1.74294402677516
2.06304349862971
1.17405901631461
0.52101098792191
1.20629091813469
1.74342685540276
1.34788912947192
0.878648645047003
1.41587159610638
1.48636861607669
1.10419219093661
0.657976350040017
0.616387925759
1.69830664749866
1.9325996386738
1.32348416849076
1.37441006870863
0.868371988900728
1.27781637110695
2.52429571077872
1.41122474368171
0.0525850299582304
-0.940328903235361
0.648775228879129
1.09593107908903
0.628782885127648
-0.155267863327529
0.314933087856085
-0.880558277947875
1.19263010821418
0.803594258220572
0.451680869815565
0.534633080608795
0.456094705309388
-0.114150673426092
-0.253434372459734
-0.753637848925494
0.416915178681017
-0.277235850871094
0.284825194159308
-0.713086755812639
0.68807235032264
-0.46048834640912
0.304409917786377
0.214733789983313
-0.185621988574204
0.289611812111288
-0.750952303909879
-0.021919869344739
0.269639345400637
-0.0460047017348638
0.683134457753502
0.79267593706993
-0.382798168772405
1.07688948533492
0.62294374718809
0.0848682014002245
-0.278010164997239
-0.460205421167559
0.440781694745961
0.108297100085878
0.0721137138665387
-0.581805176564185
0.673093411674222
-0.66219067595304
0.459085496318035
0.236156634993448
0.272515347452833
0.210809150302451
-1.31459662674436
-1.02819472643475
1.04692542647832
0.620674171881898
-0.441419976488166
-0.153913144184443
0.683169219732372
0.0405713377181108
-0.612297184875913
0.134881045364999
0.778211756120264
0.0208216043847204
-0.41216354454733
-0.84756911138168
-0.208103403205841
1.49506492234342
0.581704432493865
1.67563080008614
1.21297815326858
-0.691645621052956
-0.795825470338817
-0.975915382046638
-1.49764098771821
-1.82749257911479
0.0129206029882482
-1.59231960771621
0.660493113266275
-1.07580037190231
1.21292552180661
1.00765155871977
-0.762250256852482
0.152242601101939
0.860286689430824
0.628528481292417
-1.1555381882902
-2.20904840636532
-2.32025167774219
0.108039554987803
0.871446163265961
-1.38965691015509
-1.37527337278649
-0.286099850094477
-0.650741894820048
-1.75602976855647
-1.55696901557309
-0.822843668811085
-1.08348136592726
-1.68788089031593
-0.712815099234278
-0.856772763602865
-0.161772975302153
-1.68064492090915
0.34849512149326
-3.05097644876642
1.90984755408099
-1.5913101428732
-0.391320423388127
-0.289855788829052
-0.285535023832313
-0.207043651338982
-0.0530793363844651
-1.4926474347272
0.0433113765174396
0.181641184532749
0.933102767069362
-0.730812443110755
-0.832537451247874
-0.00611362642885495
-0.731930241103074
0.271627151632215
-0.137575287148653
0.455119413979342
0.65691137294988
0.444960485372586
-0.501013046495846
-1.30572038524559
-0.722110933461485
-0.348111574412355
-0.635785391551155
-1.09797714903293
-2.5755292321523
-0.68988842276903
-0.355047563006946
-1.63889090160034
-2.56515908123574
-0.533756194052309
-1.26696154569103
-0.518716309152861
1.08991048271034
-0.305208677858299
-0.699939103581802
-1.84175495173482
-0.113400013343479
1.43557059168762
-0.919775065770122
-1.42524140967532
1.14779449128745
-0.0840481242434267
-0.238555682735192
0.776999557159243
0.578726313455947
-0.364369782624721
-0.512731380574369
-0.858766243697992
-2.69732458521028
1.41557212498024
0.098561758416018
-0.227164420253081
-1.01578585470697
0.353273361917126
-0.854270223067755
-0.313075482248601
0.0813071291922558
-0.721053100674509
-0.446742092047994
-0.126998498730174
-0.841471537693018
1.34687179475741
-1.02526531239168
-0.266220144450272
-0.223923582396651
-0.584388587431786
-0.467327870033319
-0.038580050948632
0.275846820976245
