0.233895207462653
0.420976286765714
0.429355055281593
1.22143356113482
0.276811924060023
0.503975069573841
0.479815675587399
0.532027308293864
0.992485714500985
2.06799452655492
0.682252914993075
0.632920534731618
0.0996348240203349
0.374611962382736
1.01620358208865
0.758767875878517
0.963335813950078
1.19463645675229
0.56428384310499
0.348698123490427
-0.0126630158964923
-0.0873066689744385
0.0569645629919325
-0.13897565055285
0.108333897178742
-0.609858468473379
-0.912296896667579
0.132019427950582
-0.31921117394302
-0.352298648817409
0.719373130417288
0.809811990074184
0.271769140340033
0.254107445168721
-0.00745278201908323
-0.225925820293137
-0.373316423569165
-0.0694738852653183
1.77926893094937
1.03656310565432
0.935329317916475
1.40146778711372
1.09158022720752
1.83046898929744
0.935250261059106
0.908169999003238
0.973493652937473
1.62647228265047
1.26708355511979
1.68084055442704
1.74490577195777
1.97887560234705
1.94867925675001
1.07805794898107
0.766771396630499
0.428396576830613
-0.303757890589765
0.0784110344208668
0.675908620000912
1.28461497758938
1.18271874776604
1.15958159498694
-0.0413203210144622
0.44400585703554
1.15947535666384
1.05371553858873
1.76463012726279
1.19141766474182
0.805360285662393
0.798637870749878
0.439595356299948
0.945812323046098
0.663194412980196
2.01380995395642
1.30541404135287
0.406024701677036
0.502205724903823
0.543422952299421
1.18550403221804
0.387439278130633
-0.115671796890053
-1.49187097551085
1.30379664603858
1.54445570224807
1.09427364344837
0.47071828746594
1.05319806552686
-0.185536542044848
-1.12255233696537
-0.198077742716315
-1.40443485489656
-0.577598352007655
-1.38341648079399
-1.80701536379105
0.652738152823409
0.605880648967866
-0.203740342305521
0.0619954735002024
0.517839543264576
-1.26547297576853
0.2578556620498
-1.23311273060701
-0.0709139231331728
0.613251740237047
-0.76595431579159
-1.24965006207698
-1.16292732865174
-0.131583825958863
-0.116289747209904
-0.469254461402238
0.0431569468577171
-1.19920407761807
-1.03845412970135
-1.06023853613515
-1.41577231346935
-0.400867569673324
-1.10745765998747
-1.50735149066888
-1.25818563069679
-1.24583240203647
-1.23058019553803
-0.967962230494947
-0.180774181724457
-0.351608437290066
-0.111055561431736
-0.173467000483996
0.828568031991351
1.1287383770493
-0.735058390248785
-0.0757403486908191
0.64939918087729
0.154954184162666
-0.332259179547022
0.626268923285475
0.700828588626838
0.245739900235626
-0.822029134334017
-0.528856414020373
-1.72758178322366
-0.66038193718751
-0.55898875771963
-1.06651782499979
-1.14091250888603
-1.27528858260334
-0.257696873650373
-0.942384421169373
0.0820541105017789
0.58471630460792
0.170774018322027
-1.02330725427581
0.0470655689894648
-0.978511592980169
-0.635661034739347
-0.222256398815153
-0.235390187177692
-0.354649577710996
-1.66201290923708
-0.531436801297418
-0.808327565055714
-0.166905113786298
-1.11861956667512
-0.495411652654992
-0.943669859914745
0.191729677824938
-1.43041149833325
-0.337684923795579
0.315305572421592
0.324417495912621
-0.853288565365201
-1.36897126850781
-0.956444175746947
-1.07294195107148
-1.10924095918349
-0.683447019268014
-0.933496501825494
-1.57195458669348
-1.19111491399568
0.778669549161329
-1.67235082725496
-0.900618184186763
-1.28595282310191
-1.61262727176442
-1.57087119478408
-1.26610406481003
-0.645324134008367
-0.772482481055878
-1.30194774888516
-1.05427171957153
-1.65720531735985
-1.97453921698555
-1.37745031891179
-1.54664614771302
-0.731116294729362
-1.22865515379907
-1.06333341534195
-1.06570755831688
-1.31558419528408
-0.65808487976086
-0.38663812582019
-1.56742419341732
-1.25016368128428
1.94024241430782
1.05958889595666
1.33203565935447
1.28464850886414
1.24410909523874
1.52272248832468
1.8650358826602
1.85383738985217
1.3908506582163
0.898875895998113
1.05229245557548
0.329993339439385
