1.24575840100081
1.13898346230983
0.770385643056405
0.220482570506762
0.453352529653466
0.0888239691966883
-0.178879905518627
-0.349713979342433
1.05719270193279
1.24262585919602
0.378548060118051
0.595948366322559
1.30443870847197
1.36780270463084
1.33161804586204
0.610538250855951
0.958046938150722
0.473449137502223
1.01541862043173
0.384740894971283
0.0943570842349045
0.517456003249942
0.768591901571953
0.0108705886826466
1.00100023486001
0.253720033000649
-0.0130324397849709
0.432647778880825
0.301886051139012
-0.219903083953359
0.859579031069843
0.179218308381585
0.173939561882864
0.42822351503662
0.742902654544572
0.19608369008536
0.540377112822467
0.450079006392153
0.968760614604724
0.897361487843298
-2.15955160524655
-1.0238473846453
0.251972570726626
0.982833230892305
-1.08784015345392
-0.71152692465897
-0.0204955404510802
-0.546128694475722
0.365773236615882
-0.2434317347085
-0.447618401588274
-0.00880404812550683
0.986048655349309
0.718810403666841
-0.332721938082699
-0.360878321833017
-0.510264936770442
-0.906204784400594
0.210368428193967
-0.200929542069976
-0.747748010045976
0.0931467688950086
-0.0175088477898024
0.165639024933434
-1.1484384770304
-0.342809827571874
0.0554131518953905
-0.967308840565623
0.866277088126158
-0.321576855915991
0.0289982218721809
-1.30492416606203
0.228656426044676
0.695322665173651
0.231669645008405
0.721722969995845
-0.789193390135702
0.0564778418239947
0.144606344123208
0.169541393595996
-1.35006400696115
-2.63579690267426
0.333325217990031
-1.46423794745875
0.410649289774912
0.204903099305788
-0.598454308036405
-0.234317729302721
0.240549035371649
-0.0301632988983694
0.510821526276552
1.27403061266506
-0.0906360658006066
0.347194461428563
0.811876695374185
1.01805534028198
-0.821881660234614
1.4098322749428
1.42474875529081
1.50631297504522
0.00804296092665196
0.865498842806492
-0.193121293734154
0.862683558989007
1.52339413920001
1.8201527871298
0.416033043025353
-0.251707267043265
0.525891091150372
-0.0359827982157431
-0.694136262174146
-0.514720813821315
-0.0778320576139473
1.1542942253278
-0.730851559199234
0.736068110660179
1.21511231657517
1.2046557654305
0.697979848507695
0.842636585198902
1.3583597316483
1.40570096750895
1.08707820098339
-1.28166644017181
0.403795757077857
0.425085126713696
0.992843667595282
-1.28452607748328
0.130741931576263
1.48191108982508
0.346865212003009
-0.208072251059763
1.01162302887142
-1.08876811295722
0.0292871336924396
-1.46143924413967
0.305168645178128
-0.9110266887988
-0.37253464483863
0.238983616956397
-0.373949625523478
0.587140263425127
1.71719324430229
-1.50517203782502
0.249974305800614
0.201851255154322
0.641977133995074
0.593351893351586
-0.0763154448977876
-0.163135674431254
1.19724340149596
0.273092326041699
1.76203568357831
0.780360049327311
0.123605373834353
-0.13588419456848
-0.169170017952076
-0.595644068866705
0.504138835724105
0.921648771134859
0.188515235431739
-0.0146932571736577
0.467712104019683
-0.509714759016905
-1.00886737904245
-1.85086058822253
-0.338959407045801
-0.524970002430628
-2.1285483089151
0.120824050997366
0.10906564400714
-2.51159926892515
-2.78819532559772
-0.0387952133908603
-0.109819556806221
-0.981106046308112
-0.0677463569846496
-0.835002017037273
-1.55464267326899
-3.00010470531673
-0.684288076356438
0.0212232152367835
-1.71479685113934
-1.99814893350383
0.26266948578494
-1.20597864280224
-0.419157549838046
-0.469650759335252
-0.334739320150198
-2.45491776548624
-1.64395080274572
-1.75692880023445
-1.71173689921191
-0.311114119319585
-0.678224672433811
-1.52299891809998
-2.06663220587704
-0.0345082066506166
-2.64820171754605
-1.24404160567505
-2.6848237759604
2.54110278018509
-0.460690629611398
0.567255610744348
0.384144979041195
-1.17322498970334
1.47551329177754
1.35729921855661
-1.30834257958783
1.67914447776525
-0.547398013799327
0.884753454108085
1.02710068694751
