1.79567245714375
1.74382955252736
1.14961289731862
1.15627762005654
0.458207405870895
1.81510056738672
1.69852127098846
2.14308467758406
0.800271640713123
1.00102011842706
0.792329454244725
1.24406187203094
1.42229127650098
1.47358098360432
1.45227021366546
1.6723524717002
1.40468286029167
2.31198606464388
1.92236431364611
1.45491141886232
1.13190473700446
1.36677759426245
0.987680869211192
1.44407622138616
1.28145476651829
1.1723177316378
1.33941675602116
1.30439995629033
1.27909976303928
1.5163348135139
1.61931082025999
1.22266376821364
1.6096777630303
1.32767046416132
1.66830660622064
1.12614727633997
0.964928992861834
1.16248201493293
2.03164101945165
0.470531160393283
-0.0179871555141699
0.107862380104346
1.15196921157952
0.896626312312856
0.368522985262977
0.201748540748309
0.771019323723371
1.30418978736418
0.781689168038816
0.781633347814378
0.459724219001345
0.837552380861167
1.29985187720898
1.55551126471443
-0.290781718273962
-0.244577150138984
0.337762370216964
-0.420786823770526
0.494423615581228
0.784576384321993
0.646268155456281
0.403086587713456
0.787120531274616
0.753796169119986
0.543989542041612
1.19522285740696
0.705810494297896
-0.244123826471837
0.314446642621547
-0.228059107885803
-0.655307821551583
-0.320652512264631
0.0814253085261714
-0.0209052913472058
-0.021426925774282
-0.578798244926711
0.11631117717898
0.0744921876057615
0.0419131998761317
-0.194842714895152
-0.971596353943182
-1.57766065914964
0.562107224749464
-0.164874875310324
0.224028290990612
-0.0542761906836038
-0.153058267876949
-0.460888382023618
-0.210159961712863
0.325925144541638
-0.802233145803863
-0.274999617539702
-1.186146820893
-1.31528502133461
-0.248838058278006
0.967623010390906
-0.404578462080982
1.29624668376714
0.785163510774264
-0.845580432682199
-0.227019854399096
-1.45673981437546
-1.04156603680109
1.74216898928075
-1.07011919780197
-1.734582075685
-2.05818540715301
-0.640450305094245
-0.123982180250342
-0.0501874863845654
-0.897252637668808
-0.817189116736037
-1.4554222778704
-0.514823084232959
-2.35422347159865
-1.9323544431508
-1.01879234531256
-1.33556587922193
-0.396071283196062
-1.31860255982725
-1.50947651024864
-0.631835904320083
0.0162088013334829
-0.663922072754581
-0.159341453392592
-1.01933700352229
0.136760442734302
-0.0723810273439898
0.0810394382316856
-0.0440696731869918
-0.191102721943353
-0.600445183098976
0.323976096298376
-1.13580186257
0.515450571196183
-0.366120464497976
-0.266733022233489
0.118410297346482
-0.611920549470005
0.156123922680756
-2.25202737808116
-0.860023085633045
0.25220443434062
-0.712809533775136
-1.21922835856853
0.195757785496482
-0.0730768994158719
0.356964212419959
-0.273283125519908
-0.0382553141522559
2.60572721914698
-0.886199560195086
1.34204069795807
-0.390774119165512
-0.143816237776628
-1.04955811871345
-0.768637796398121
-1.48888759280516
0.0997133193763381
0.727647022512804
-0.814252112326405
-0.996026178867542
-0.439030849944575
-1.16974536913283
-1.22384879710729
-0.657202397034927
-0.873976743621855
-0.128367722053884
-1.67586542158278
-0.0250271797720546
-0.851331013160783
-0.541314334811205
-2.13949840699927
-0.859838899137844
-0.566264271090046
-1.21316830809844
-0.651321999908765
-0.835930369531349
-0.342796659168076
-1.20849221894579
-0.789792572976757
-0.0162595301982469
-1.4022341316717
-0.911012741739665
0.0444024345633942
-0.508640773969948
-0.282526082597965
0.237818835836893
-0.727351943582436
-0.869142732663007
-1.24321330466698
-0.378953422212231
0.83748179390997
-0.032006094624282
-0.178395725337545
-0.417147773974548
-0.391712288932321
-0.309483163263372
-1.75977322488117
-1.15571625149858
-0.621080352372927
-0.631183590906519
-0.233857755080363
-0.282159933256299
-1.51701533245969
-0.596647401052363
-1.12425261292873
-0.818962795376074
-0.491890672193633
-0.588402841453431
-0.359740895865913
-0.501914923677272
-0.554398748429428
