1.64502058572965
1.48686820274741
1.66564871478209
1.6386260002333
1.57966645987204
1.51163782922063
1.58201492857049
1.60991127534469
1.78941339172328
-0.0513774409412473
1.72960073328489
1.22096973034891
1.54590666905275
1.4879378762728
1.20872936348872
1.61185498822212
1.12191425551806
1.5782118252704
1.86154268204087
1.22581366799032
1.05522488534918
0.799085715881643
0.766584004357519
1.3640340206921
1.52001575217407
1.49771419012027
1.58629971686853
1.20161091652945
1.57367635390727
1.46493123909693
1.7312670791889
1.53119718446319
1.30934655043928
1.16709837357252
1.48761508649241
0.917408207305127
1.10612260828246
0.64599257051668
1.18917687645929
1.11083011062741
0.174279135615486
0.737533424201786
0.866918912397676
0.967172413560916
1.04779933723972
0.737071172697739
1.02305783607119
1.50871207969213
1.0164244718299
0.550939566757793
0.29458810557926
0.955821231175139
0.722975651757139
1.76658579143747
1.47265884535459
1.21939963161386
0.00251017831035567
0.256077137677877
-0.0209827404894632
0.70961869994206
1.18932320767115
0.97415602456731
0.731139931518136
0.63861840668748
0.867439031619561
0.711654467083215
1.3571189032357
0.628537417738144
-1.58200237298529
-0.200997774738199
-1.10297252433449
-0.589671797850778
-0.0283232098907057
-0.570332311496302
-0.318311432663149
-0.244883714184357
0.401348441853743
-1.07684815372039
-0.786363297015139
-0.0165068819450844
-0.619780015028093
-0.965058302378855
0.327474051618856
0.298130472134156
-0.413993400247118
-0.421706535314146
-1.74994333970001
-1.18770540340299
-1.95080135476965
-0.754769215731584
-1.08375723286729
-2.37162815037377
-2.01294597904067
-1.78382083473983
-0.522505281035518
0.62090165219079
0.945279125940008
-1.31100928540008
0.0887493848141353
-2.35995664881261
0.265584987580913
-1.09246965306985
0.0598867770592838
-0.357462446135893
-1.74444472052957
-2.10220406861911
-0.223038538771473
0.530662824222202
-0.966778421450278
-1.4564246487171
-1.11687132929266
-1.59089574871748
-0.427537968235629
-0.218729337341751
-1.05753618531755
-0.870646652888008
-0.768040942971325
-0.153598864708947
0.946304020117813
-1.24738721195394
-2.02503880626684
-2.69630934510569
0.301294876828753
-0.0144694433441751
-0.373188512185277
-0.0958641681949715
-0.405032771010557
-0.405004056496036
-1.15531354497575
0.531397079151868
0.138758547279608
-0.0479218607993611
-1.00687131570904
-0.0200359334812257
-0.858506919247862
0.118604902170053
-0.248394479525304
-0.27125143163496
0.594672353784259
-0.611335552369589
-1.13373654797392
-0.824791616299236
-0.175011649140624
-0.82476488572278
-0.681046470828302
-0.336680175261492
-0.303630334103156
-0.0754785670322808
-0.473755817847383
-1.0582587032637
-0.199725056526359
-0.528653375708794
0.203628200258794
-0.38115057081359
0.079133090914053
-0.761005997656157
-0.1302981162482
-0.0577539159778852
0.0168634330317512
0.163481486259929
-0.662531318830658
-0.420606775389065
-0.978525997596514
-0.742753554619496
0.288577839587379
-0.609571510153798
0.335025371255692
0.334849641154133
-1.81278865653345
-0.474400014596253
-0.940393114598428
-0.766898843385168
0.0382945342023823
0.560101272706375
-1.34814723686408
-0.630907364507659
-0.582776119855554
-0.350196711873796
-0.713655362353828
-0.571519468127903
-0.333514714244681
-0.322283949742554
-1.04115555689327
-0.164795985513945
0.12471495884805
-0.90607560983053
0.351166274747647
0.333512998545766
-0.0564822534973944
-0.781047157069246
-0.410821274960559
0.145312740461798
-0.645153338594396
0.0741511895490735
-0.250008649003045
0.282602597680368
-0.00206827854657067
-0.228913385687816
-1.09256582177179
-0.567848909127624
-0.992382804533008
-0.805380622772001
-0.720774598179307
-1.02398828703562
-0.327267746637983
0.864264380358771
-0.963009364980807
-0.835935478174395
-0.616569205573939
-1.24934862609512
-0.890631363529613
-0.500775045369374
-0.611609754160721
