-1.38216555599901
-1.38063723774379
-1.41263250999081
-0.930110972053704
-1.37429665187249
-1.47052825785493
-1.46391487285202
-1.16716838263409
-1.23909179578642
-1.21572517949158
-1.16024288313538
-0.698733855343279
-1.5900168354203
-1.59237101778716
-1.78961203992513
-0.945828586520616
-1.13515007119523
-0.944858752713769
-0.897688874534796
-1.46853686779272
-1.64225423822904
-1.62919518176877
-1.11303973582162
-1.20601134993401
-1.41408945617825
-1.4055414509169
-1.61856444028793
-1.37708628545833
-1.32861976094138
-1.3481311892222
-1.17281813434411
-1.03756630959097
-1.67762484108274
-1.00210810830037
-1.45127605149414
-1.78539080351754
-1.51438368496308
-0.76010623521899
1.26746298621953
-0.333331620345085
-0.554323509167249
0.442516689402093
-0.217053648750309
0.921079308410758
-0.578909380466644
-0.0959791745210278
-0.190819605208839
0.430767161357499
0.0327516711471589
-0.752731030799532
-0.43743210156036
1.24967549241165
1.71534489730549
-0.613416975288323
-0.440854643030723
-1.07234783599617
-1.52840539520426
-2.11477432523386
-1.86837347991895
-0.598437010786677
0.372195878450118
0.489584612369712
-1.8798554440652
-1.08026697492164
-0.107178744407155
-0.051818242274669
1.16981041405925
-0.163858096743985
-0.727851540626987
-0.0447051821255875
-0.867327981022493
-0.804721152476309
0.275958065235706
2.11388402259739
1.25709299914884
1.6426381124301
-0.0177879654576142
-0.739010825633333
0.77007353697167
0.675054549034658
-0.655465323519005
-0.325702373019847
-0.0395291112304347
-0.367150442853797
-0.656457849564394
-0.533783143243805
0.517321732565238
1.79089924823609
1.75477185945093
1.49960189807322
1.70853268072274
1.37360447052351
1.83147109946017
1.46675343825538
1.54226867446885
1.17098008450237
0.48272669251493
1.30283222655481
0.565082112480993
1.57374878195309
-0.330561284684297
-0.567948443865959
-0.191659011792744
1.76377292609858
0.218812073164094
0.68761869850445
-0.822464405647862
0.191108713874749
1.7893546819948
2.08499213768982
1.30332898833618
1.84762682262832
1.24553705603077
1.16970777087285
0.341766061043843
0.918260511044805
-0.433072930363239
1.54867945992192
1.24391063003412
1.2932803369697
1.24838284870513
0.841399664735069
1.03675483298295
1.30151398576193
1.08041658364026
0.592751975611243
-0.0170405205656286
0.326085413543981
0.485065249722467
0.90815736885697
0.580564545135861
0.372311332851591
-0.0828777009294435
1.18201343223457
0.92442258631384
1.11713135573311
0.859490939288726
1.26290232197306
0.262959949482941
0.207278425411695
0.424902017962863
1.31653407004775
-0.010981874408991
-0.745264303016007
0.758320167372286
1.32059049388383
0.214806958455905
0.507545215891845
0.102668401129896
-0.494838726453321
0.572665640231065
-0.0914504882294473
0.0635277242748091
0.523281072247408
0.393856869021778
0.391771790647692
0.0950587988585794
0.0439076119690866
-0.226087031653812
0.313292382147176
-0.141543330869106
-0.29192704998435
-0.0442067598970835
0.77244322983616
0.11437437552976
0.125115714541555
0.263186454246636
0.55814870564488
-0.293416954451446
0.0404832335402774
0.318637646855347
-0.767642214916272
-0.413558200213626
0.333824111045162
0.599229208419774
0.0136405539986702
-0.118156665302089
-0.626855389764972
-0.341648842512043
-2.17314108632824
-0.245104330427934
0.0801058204278782
-1.17138816567968
-0.19949405249194
0.0698312582756304
0.00139453490001567
0.398189374808297
0.304074711853563
-0.255695466702329
-0.732762422030751
-0.178504115067168
-0.211674414356437
0.524305717035387
0.164924413466923
-0.712274261340795
-0.491127075043963
0.0892146728737593
-0.0311224011262229
-1.35392005161343
-0.120806713186493
-0.44632188958973
1.67993689217122
0.438574297567604
1.42004115289096
1.22469526898061
-0.482028217919778
0.733200132305775
1.29618411931523
0.916353401290899
1.92434945942204
-0.298383550413436
-0.357028392170043
-0.374275429502335
