1.55028830896794
1.44646753830563
1.48498045072707
0.645412224078464
1.42708530387967
0.25743505682305
-0.50513345081752
-0.817123439102477
-0.165741756161918
-0.733811229790878
1.1749321113896
1.44445770662003
0.969404511379232
0.855401707567874
1.15172249550471
1.56025238539767
0.744309241510414
-0.991715279458552
1.47880712846873
0.844076791688422
0.465237654645032
0.646920123995691
0.66094893298856
0.817826779761587
1.01536008479472
1.07706962521232
0.465734863069265
1.12162735817324
1.21940421446601
0.403655386573057
0.66856375210491
0.74158422127488
0.948016659135016
1.04276167067899
1.17913197426694
0.819103874836123
0.621468157152438
0.88130107817955
-0.218205251145523
0.356483085558828
-0.0553037019683337
-0.300856637726459
1.65448455999138
-0.304279623570646
-0.32682030722599
-0.829618248125831
0.66026083391297
-0.510721815876235
1.26894615309471
0.0973350998862972
-0.212322766182652
-0.47568113134656
-0.781786454967068
0.848636264476245
0.458747684437968
1.36049412833919
1.4797823411199
1.32259593883478
0.701155064932646
1.12711939008633
1.10032076145226
1.33827746615841
0.0968779282919931
1.00960354281542
0.674422787807966
0.85759674082266
0.927533965579604
0.476105123887922
0.111067442893282
0.537341924244748
-1.67089079771227
0.0191652842514762
0.690546616258081
-1.12110270982463
-0.336169084211029
-0.862564004971919
1.00620393377063
-2.44083923144958
-1.21330836662401
-0.463947373720806
-1.39705767478407
-1.58549418934321
-0.150185751338374
0.038888941186029
0.119801780531489
-0.687690707415262
-0.184557235875606
-1.01009652657495
0.400226464446317
0.449399073789093
-0.153497860367725
0.71012955487571
1.2004458446088
1.015633814905
-0.256749131816847
0.346059041262462
-1.08030238400786
0.459927544633134
-0.133564125920917
0.804956476472796
-0.378059944485361
0.444726018419902
-0.40763246527559
0.662122231949174
0.491331066818884
0.396154400986762
0.212778285017737
-0.286998011768894
1.03066857375826
1.4615083288825
1.23123880637313
1.08037374637308
-1.19522737484042
0.32403739015205
1.07452575153899
0.685972350574795
0.337234986154729
0.0629979449385382
0.0596947238962901
-0.197387049956712
0.495926320422899
0.439525824832927
1.05093685773192
0.231081859624822
0.72684727939195
0.241591552687476
-0.0863051784124912
0.950576317847795
0.866262332807143
1.12483007109927
0.438138890387697
1.07765112675944
1.26634985942071
0.913055423689208
0.966867581541486
0.896106788963078
-0.823757976879618
0.537906099380573
-0.308322820875208
0.738387577000086
-2.61723168582833
0.321213512094513
-0.110738270126032
-0.33293700564247
-0.84124768695814
0.528503558189698
0.402327025275669
0.283262681388293
-0.224947333402153
0.0116857422260442
0.497540389387663
-0.537998582995527
-0.797295521919401
0.725886006180697
0.101025843059873
-0.882571731269932
-1.27093180997065
-0.652533705788934
-0.441658999369666
0.0964999602946456
-0.365002296227122
-0.884497164643801
-0.421666493903041
-0.20987961369521
0.0424417972461268
-1.06832497730903
-0.119521612333528
-0.0988227072064459
-1.86210307216866
-0.693069643922999
-0.831783127834442
-1.46581012202894
-3.64160350932139
0.0726013788945502
0.248069687060139
-1.36424168905779
-0.631710285877456
-0.987299396433255
-0.838500982919729
-2.52383777524977
-0.839200703329249
-0.460469167325384
-1.64047924469579
-1.61717048451217
-0.102842291556164
-0.612835037974661
-0.191207744556634
-0.205520154613699
-0.755750437957923
-1.07802868119347
-2.41694136398334
-0.175481794840067
-0.528059303091575
-0.329790726217512
-0.455266005891709
-0.699055500797373
-0.714870910875156
0.518955095533575
-3.31821409169539
-2.19138473062118
-0.350031888635664
-0.911345223017578
-0.145458500192773
-0.134312936712612
-3.63858025803141
-0.156740668060719
-2.50216062752295
-0.532440923585405
-0.989570279293748
-0.487651219040719
-1.54038435937637
-0.712206097367248
-1.11269378759871
