-1.1575855863232
-0.713247342411179
-1.40182963455435
-1.28740007311812
-1.09626594725552
0.7997718212723
0.949506481032446
0.590017001004058
0.664417949136107
0.588943154329493
-0.69291528089931
-1.42847410319478
-0.175827094768046
-0.834346241927527
-0.545715052301176
-2.0387162593798
-0.567984480515019
-0.178438799427506
-1.90048554153603
0.107253846918295
-0.585135082775865
-0.179337301293408
-0.139490079073132
0.316235269832078
-0.346907358019535
0.0999956216384266
-0.406408037363546
0.253407260578125
0.52620219182897
-0.135343263729016
0.0276020866063315
-0.910189641911619
0.0992056057933702
-0.0879138511817097
0.0326451403829936
-0.425814847225191
0.230627865278311
-0.711212048000127
1.30846651616557
-0.534437037880559
-2.02438319001094
-2.32762351017037
-1.17094355852715
-0.299088633770658
-1.71422202255631
-1.20198113605356
-0.553434027748838
-0.614161437070413
-0.770323578046957
-0.272788097491943
-0.148310914517121
-0.0331619583417298
-1.24550400131094
0.301238297658766
-0.35756861029204
-0.952295434853433
-0.241432569644969
-0.76700092379106
0.338312555319628
-0.206467287865799
-0.901190089695547
-0.73699664640893
-0.648754594149631
-0.703493256333973
-0.908898836917381
-1.37868848738146
0.16280366436443
-0.800287827978105
-1.14110914149858
-0.88882333967665
0.73311935072969
-0.461567296601524
-1.17185447495592
1.65713532387026
-0.937014983759366
-2.39168172509434
-0.954246334799117
-1.23483697612582
1.07849738567129
-0.952464754670704
1.72906693088678
2.22035326927172
-0.721659614221095
-0.859845034723725
-0.696162345070293
-0.286722464759706
0.151544257910584
2.04584035489451
-0.788553239837046
-0.49537555818438
0.652323867493446
-0.312164267777433
0.0929291076195358
-0.857829249930254
0.786557473027027
0.255763948164713
0.619573899407659
0.534794882230351
-0.175031967023606
0.104944608537121
-1.25059425712363
-1.24356943231925
-1.78712012883802
-0.0022655469711892
0.138286788401585
0.315081588055824
0.0909110091159308
-0.0301858412630223
0.405486007294298
0.192694546291877
-1.13564369102091
-0.74176416856119
1.27264494453405
-0.350996184268824
-1.90047649335396
0.178752973910851
0.500665092079744
0.701469474606661
0.223009406945036
1.00688449873428
0.472557341970765
1.03879723082788
-0.848952532957408
0.818747941586992
-1.5335958123687
-0.383682597070012
-1.0594744406386
-1.56348748275786
-0.335751604927109
-0.374326665781424
-0.906773977538124
-0.606698433706259
-0.529055246200392
-1.59365644491844
0.114880076459716
-2.62655681118589
-1.84578946337606
-2.20021102099251
0.903892542805854
0.0789983989763461
-1.60101074554108
-0.882106734954302
1.13858189526957
-0.829947092155371
1.05690476483639
-1.52623833587758
1.17307828260245
0.645163228483654
1.24046410345254
-0.630563510870745
-0.251291994148168
1.41614393226385
1.23157479950058
0.253892179041376
0.366794674015211
0.90331051275743
1.75545126807189
0.177869977956419
1.05031878654956
0.460190072098792
0.475049509876496
-0.149076142588247
1.1047571101918
-0.0586062478599739
0.914157563987927
0.267625344858162
0.781217609973287
0.816621898747772
-0.847539190806837
1.40156348633819
1.14566925649073
0.336446489398667
-0.187686678284742
0.572396002555651
0.598859528632399
0.585775784421266
1.83941616857281
0.79205370214092
0.842507188448916
0.741664128357497
1.29089389861006
2.02778687754117
0.785119100778397
1.03628288866124
1.89318134263485
0.991885581783413
1.07674907444998
1.21365371071651
1.40651635787758
0.572020752982847
1.06156061464345
0.264582900789811
-0.00124949480450698
1.95458456755985
1.56092311482436
1.32186942754364
0.713279240007692
1.24422335887349
-0.18156474339399
0.762542610570472
-0.326130164289923
1.79856168029895
-0.114925787214665
0.716603081609239
0.440156081357518
1.20901304890537
-0.114350914651085
1.27682823190015
0.434318749345609
1.61994139896903
1.39738798826238
1.0576775914622
1.61376006698061
