1.34702399513972
1.1392460009473
1.49378229068389
1.34218650567673
1.20611293816598
1.37454360781629
1.36586741972632
1.32631845465555
1.22925105254172
0.467063643227354
1.40946262338336
1.19905322597471
1.40184605918051
1.22012991848426
1.21762587149203
1.021657402859
1.11420888235537
0.66981332151398
1.21952742933712
1.47536318585682
1.29145319803448
0.84796191788227
0.551564526043544
1.28739061103848
1.41035545441937
1.24353279834679
1.22169311999691
1.50545107972052
1.42697400376885
1.42127298962643
1.42711964983803
1.43306209967237
1.4804966959836
1.49370656467113
1.51049235404714
1.26999820993064
1.37791783003797
1.15617336433234
0.684037084325492
0.760997125150954
0.794664478506889
1.05530124582195
1.07387883339356
-0.123318484272321
0.7624494353588
1.05098792171175
1.02361592800041
1.32493080409111
0.635448012647913
1.27375114227163
1.19925118012278
1.27617959544261
1.07557981559894
1.39091624627919
1.1671540530535
0.576356681310576
0.240623714856836
0.204512654076631
1.08871162739778
1.22680152357025
1.59491686913396
0.967972394795257
0.955243985739942
0.77993198967951
1.07557391567403
1.18505849469874
1.20807122875468
0.096178164525156
0.682034128167179
-0.12966606393573
0.11160075415482
-0.777315769173293
0.323576556393426
0.732516147105019
0.892881969525437
-1.34346303565393
0.340520124231475
-0.162568061309291
-0.354852911616901
-1.71399227145703
-0.184808850188633
-0.502654403293788
-0.256716612133686
-0.69689617525449
0.0592274627167419
-0.445351806839254
-0.880153775721407
-0.681088005395329
-1.06798283723784
-1.35373850857566
-1.27243220039932
-0.110903006803191
-1.40305358100565
-1.94506443024663
0.186454680694427
-0.175316166819053
-0.0547903328955425
0.0931423746037266
0.21114313113349
-0.603967746777047
-1.41032612025032
-0.706955210041288
-0.69145174420428
-0.854344750892945
0.107936443711952
0.315472504811803
-0.588532720362242
-0.141299827150834
-1.47058954508566
-1.73070333429078
-1.50357581930689
-1.293240721221
-0.380445453785994
-0.448076968621906
-1.03207892044948
-0.721622513269778
0.0749566508628426
-0.336562946533054
-0.536366165526619
0.0700435220647227
0.220477729719562
-0.107803098693372
-1.13413971989644
-2.02612160828281
-1.12229122390458
-0.913544152900699
-0.935888977207101
-1.4638292685539
-0.167994639614291
-0.499404701766857
-0.702890125922778
-0.740728375217958
0.0150744393349716
-2.07987891118708
-0.0674344160440344
-1.75172412343491
-1.57783774186179
-1.41195914871958
-0.120825178201769
-0.67367051585086
-2.7859620803382
-1.63532883363627
0.0416083156492178
-1.72937064490015
-0.333227781043515
0.182631758087307
-0.253651411872432
0.120925895434378
-0.0804867763201457
0.0574808259581914
-1.07520045038781
-0.0354958431508044
0.810179564797376
0.19829872631355
-0.100742233027091
-0.0336757796776212
0.138092566251046
0.114603343990492
-0.0153065021753665
0.0985009329290021
-0.0320841596929808
0.0275498928157072
-0.201337404701492
-1.06565216456602
-0.660549680851306
-0.569254854783313
-0.386826523706319
-0.0389221632256447
-2.59658904426045
-0.818040476774951
-0.948924903395732
-2.09395790515411
-2.06800564445056
-0.937422046793622
-2.08034423419454
-0.588193102782087
-0.299304963522531
-0.0830039006422081
-0.42219015048531
-1.67802163378243
-0.593929864328635
0.174426261553397
-1.44817311225539
-0.661245924114732
-0.729228941923715
-0.414713932817661
-0.400779641721838
-0.090721813329515
-0.718633394950359
-0.586922792499933
-1.47665056818928
-0.770159434093162
-0.504088756010173
0.165883747668512
-0.924442303365274
-0.806918858280753
-0.575681068829134
-0.180659687589373
-0.390658816917136
-1.86303596294941
0.274387117918921
0.762942648919493
0.504890904399421
0.585641154363019
0.378644950860099
0.0595608924620189
-0.330546763827921
0.676484558937276
0.584421689598564
0.712185225665134
-0.148006376871394
0.215733170713631
0.178575827501688
