1.58190981581004
1.34830317025498
1.35384102749837
1.07616781706835
1.2356143260237
1.40395095827618
1.22496582745383
1.02680130832406
1.35615129197899
1.41933274359496
1.17652553837057
1.36211661201406
1.37538246810631
1.32342631398587
1.26186927677061
1.88330699911068
1.46441481169181
0.717099851152506
1.70786260487705
1.66858839583483
1.63823058284061
1.45716894616154
0.755718448857527
1.1426649649237
1.31372695362335
0.866349711440869
0.171774820966612
1.61960650798099
1.17525345839068
0.9668456204494
1.49006665128705
1.26477934994086
1.92699889844018
1.98837810362439
1.99494774140401
1.98535388360407
1.96152742056345
1.69381065065679
1.00613161899584
0.208812652522751
0.0757709600068039
0.424737362521423
0.582799107653058
1.2062660030225
0.790189687395274
-0.0276523918431499
0.94227306076938
0.749723855954036
0.394591265132285
0.913204695501013
1.47620329065117
2.54501208576004
1.32872362400455
0.0499741444343321
-1.0801993808913
-1.12210623207458
0.30179555444414
-0.76447697657868
-0.851769909915491
0.582357880794338
0.387288480303489
0.498942191491803
-1.21196479436885
-0.297549803054726
-0.103188614520321
0.646250701065489
1.45753830715534
0.110926565809181
-0.998499527122755
-0.67021796259494
-0.833489294028141
-1.54388712563894
-0.331628603110733
-0.385101444382776
-0.282096761034293
0.488952372262064
0.151551431918213
-0.522488705478515
-0.0662380334592164
-0.32501826014557
-1.37862513176941
-1.77820412829617
-0.337006857682406
-0.511456048419655
-0.275314253559566
-1.17295762419113
-0.352821335314855
1.42225687382137
-1.05902963777093
-1.38248970780854
1.06102049212928
-0.708576312479762
-1.56445390561396
-1.34138301055326
1.29499513140253
1.39195927869604
0.565905965650113
0.451010079284346
-0.0446321140415309
-0.917968374169288
-0.492655013581039
-1.08370786987076
-0.390079282349084
0.448489512497438
-0.912458240368892
-1.36086033157298
-0.701841918921211
0.397310782643414
-0.774953542389659
0.0342051376246514
-0.506694700545834
-1.92387630999324
-0.340504196382962
-1.60049180901067
-0.906201375218021
-0.67766795045557
-0.192066694013617
-0.80389548030661
-1.29927994333929
-0.580626178771719
-0.887004967713515
-1.70764321368363
-0.449970410297963
0.825585348311723
-0.239962813116366
-0.363053127043624
-0.630112302886234
-0.0499285301582104
0.670327533073892
0.715406742926843
0.0613742805782326
-0.130103763447941
-0.269594447064804
0.29514945746984
-0.019718148057782
0.169477028278327
-0.00637229636448536
-0.636334644653934
0.0902375921657197
0.525162067555878
0.589090062073578
1.57164291618425
-0.447260626830468
-0.122398800726679
-1.53134145759829
0.311611934004589
-1.32214845778441
-0.395044774091271
-1.00087871016826
0.0541904861537703
0.465310669980959
-0.464323339648705
0.000682815654764015
-0.827235704624987
-0.347076655348886
-1.11980063542233
0.554877498167025
0.0293950843018554
0.094628338977203
0.655945243945958
0.685529983814516
0.656792376881133
0.437158422246606
-0.647341912149129
0.283328020662218
-0.508644151774785
0.333226771825256
0.318919145040915
-1.48758504120925
-0.576292652361035
-0.549477317063902
-1.07548487493153
-0.906931766306388
-0.00660674797634532
-0.597874853738872
-0.486709012872612
-1.10608850896408
0.141165313079725
-1.73820040407816
0.754362488516677
-1.25224874308382
-0.800684437731746
-1.13588567186147
-0.535673321388363
-1.61442920701081
-1.33797464417051
0.216101678321548
-0.179140067514041
-0.970173149441614
-0.256808446441397
-0.723691464895238
0.533869051527948
-1.24369998908795
0.371478133040213
-1.91519287681872
-1.54156306536821
-1.67858955819007
-0.668820046514377
-1.00278237078593
-1.1711019375253
-0.443615031666042
-0.841921730856978
-0.811295749806293
-0.965080017316495
-0.374076567450108
0.366801723231451
-0.5406685684736
-0.561643074423606
-0.821382511131611
-1.14380707259677
-1.26678351300308
-0.900406251748113
-1.4027949791984
