0.942062669427055
0.710847366156924
1.23006407183301
1.42243970698417
1.32848009906318
1.14513702269307
0.976537487039638
0.905051615158327
1.13826143109465
0.650473430322481
1.15201174353758
1.16482207421317
1.06626043578928
1.17235478850694
0.888922253737775
1.23090424842544
1.07626998401475
1.33224331644785
0.982153930063791
1.18611276739892
1.25993063140861
1.0788397940762
0.658882105461844
0.816835690650007
0.798422925873018
0.750335446502342
0.730837422258168
0.922868526797944
0.861794265291066
0.697529323217552
1.30094184943831
1.13222773191871
1.14752799964667
1.16257084688023
1.1802767260549
0.862976477303488
0.962533037537142
1.02899797836136
0.653839263812418
0.758382960709816
0.422198283431428
1.13235844906881
1.16464887572265
-0.0586047758927754
1.02097327563245
1.1645146213333
1.13032995120526
1.32788951370354
1.04186548836849
1.41861518380268
1.24402249980528
1.52245996865373
1.70968095464322
1.3267017310334
1.04722836486534
0.982434814619633
0.742057099160845
0.748345419872663
1.42971524141147
1.47808704093119
1.6804407126259
1.32573392827607
1.27728943523948
0.960871010046386
1.16695046176503
1.35478412851668
1.60901919328573
0.552807347271869
1.04083759328863
0.376936981798736
1.14112548464588
0.409450002265405
0.682092949040254
-0.147477981293719
-0.0503721024919901
-1.10298066978302
0.606863186837701
0.813924072032045
-0.533265870075964
-0.049485248352502
0.198162689921226
-1.09749763332459
0.653877987231415
-1.06172193119429
0.50495282718794
0.639148097001081
-0.490782642597373
-0.566767151930951
-0.671446022489376
-1.04576946872323
-0.398852211587586
0.443909062229192
-1.06414487227988
-1.60634223118079
0.223936762121648
1.22616207687623
0.501558640448285
0.461360622877575
0.886044212460289
0.0468880585321999
0.938544999281074
-0.061639636147829
0.223200546597466
-0.245058619614009
-0.176783071212562
0.52197218633876
-0.0309448130005965
0.635847465296579
0.0931094663104388
-0.411075504248437
-0.981039327281754
-1.26738519312086
-0.391573349813392
0.00147010211334701
-1.90190072990921
0.17650872387885
0.156321394769005
0.0037530173159526
0.00385331748066829
0.494982772492724
0.866506497952704
0.453784666069186
-1.0301113281982
0.0161769993928585
-1.18022871260435
-1.19148631653152
0.17310386331708
-1.15744730332658
-1.71043705273225
-1.19777201662467
-0.846731453198876
-0.827920683640438
-1.38725414803753
-1.04076504760267
-0.861418346321169
-2.77995525255328
-0.739390905923799
-1.3813468558836
-1.65205836214952
-2.06156493437322
-0.500663314513364
0.559512499493765
0.393689134944674
-1.25266930562348
-1.67157063809346
-0.681687368842411
-0.964371788501932
-0.421863027503102
-0.237277972214169
-1.80119719052372
0.0515683668938932
-0.964281052791189
1.3808547582787
-0.594971979730144
-1.12681354060837
-1.14047521785745
-0.822427062394809
-1.09853983479595
-0.378365130610475
0.42297450431693
-1.714122338254
-0.320592003284291
-1.34861370962161
-1.85675209346026
-0.832678157073296
-0.961596868996467
-1.20000032858906
-1.34374568637767
0.233265135699674
-0.207322259588682
-0.0669819790418913
-0.781572463120189
0.0449710537706282
-0.919682079886274
0.53616110878293
-1.10845419169804
-0.285440984044909
-0.553243006815374
-1.06678797142662
-0.174897966181034
-1.14322418927179
-0.525234562728837
-0.888173799022628
-1.05921438818495
-1.80543346990782
-0.930271288852875
-0.348669119955907
-0.111658278126566
-0.837405674482097
-0.481520249721957
-0.382165231860957
0.0304002568110042
-1.39288608042669
-0.0145863557975937
-1.05429185295475
-1.50697620573677
-0.846023209801937
-0.463786499044891
-0.345571060282319
-1.82642238819841
0.480302297160791
-1.14142377050105
-1.7795414313431
-1.53162718369844
-1.2791361145834
-0.401506523629695
-0.186355960260353
-1.60631878602362
-1.20429429390272
-1.2116273413725
-0.232193285822732
-0.13389586429025
-0.670158131856074
