-1.11769954635379
-0.0268046237099734
0.360157214150673
0.349646429497028
0.2345407495361
-0.240257192077659
0.108248816570055
0.134671024529115
0.0943021656452954
0.447745854317959
0.1578759502681
0.285881509107442
-0.492750752368265
-1.22906080577752
0.282479700400819
0.557083096755601
1.05284656128366
0.165101881237888
-0.409879790552591
-0.296168480024384
-1.0097292111641
-1.45547427411449
-1.10882396774482
-0.344213524802166
-0.580171505007919
-0.302913424097496
-0.436654629760835
-0.122690559837135
-0.132261574978931
-0.356007136099078
0.273453549438423
-0.121785511334777
-0.373340833948425
-0.175992919792747
0.0253855145874769
0.0551997725409447
0.197738961113611
-0.0358194546364055
2.06917544020428
0.0809552357893216
0.198023691722311
0.460526277806449
0.824404037833481
1.2661306207274
0.0538917060143946
0.0777686666094696
0.231335907853429
0.480347338181057
0.544354575897257
0.114237461522354
-0.00294477185691608
0.359396229765481
0.99672304555806
0.509112339335479
0.293132786822168
0.745336172208958
0.397458303800537
0.534701603123397
-0.0124197249173286
0.605663162492838
0.175179421276192
0.870680504983618
0.128610133396805
0.265845841404878
0.373810207089848
1.21178538973832
0.664617106112194
0.20797621354514
0.100687529471809
0.756740089307665
0.176467962794453
0.160279234211517
0.827313511978145
1.05851273179039
0.759753210130041
0.630866498336188
0.697130171582824
-1.05091900892039
1.25835555753398
0.32450541741818
0.470477827972897
0.2171951961857
0.19419843381935
0.620530883000589
0.377308284147565
0.293688493846687
1.57875334726641
2.160396594052
1.20069288089883
0.479098452095279
2.36068440948372
-0.39860970945202
-0.460724511419255
0.0133787615151487
0.0974961519677855
-0.152964602526829
0.281783058470494
0.292199815171897
0.0922967618956074
-0.380668507628585
-0.427788846822285
-0.662083735877176
0.356643741301824
1.06809547712298
-1.36386845638575
-0.740031741315786
-0.496004297217683
0.0260868961070463
1.08237701849311
0.437124052918415
0.8493928688442
-0.352914890750926
0.186353086937103
0.144229348276413
0.710370410484058
0.0922340764402337
-0.506268272253961
-0.23005519289643
-0.511483548006118
-0.0867823966095499
-0.141101859526042
-1.13765774506953
0.949777088826042
0.236736261614928
1.47914153488734
0.372954645035127
0.690573867811827
1.5877127938036
1.15293240502348
1.39295359599298
0.917904101268127
0.67981994907484
1.01007806260032
1.78214133394121
2.11711856864562
1.87389087127436
-0.326915234599648
1.5792532204357
-0.398491249744092
0.575461492994429
-0.454590978870469
0.943900489585586
0.0506196225253308
0.467308997029884
-0.390137058744052
0.843639058109692
-0.347392422587325
0.304944377639609
-0.665456080318341
1.38865236784057
1.47423008923141
-0.721434084958012
0.575756913699239
-0.0934380463941914
0.551346459104579
-0.44726741584638
-0.951625926513163
-0.440005443204193
-0.113010796386895
0.175056680870959
-0.233346913840884
0.365109746175974
-0.285267241259127
0.16434296556883
0.163235094291269
-1.05052706953077
0.170287277195416
0.225625181417625
-3.07001454263447
-0.662033046138119
0.00526825082998895
-2.53441788560457
-5.92477316482857
-0.093832486667382
0.25816321243809
-1.06002866958001
-0.123904978625121
0.320900602038635
-1.064268395359
-3.57765587016086
-0.839195207768164
-0.704179688524001
-1.89494041432574
-2.4796668839543
-0.419371845565948
-0.964941037613644
-0.360650097585503
-0.215355793561437
-0.611619583587251
-1.27412410382713
-2.34994499651523
0.133017106549731
-0.65104889816786
-0.747459393805223
-1.14903864729926
-0.95077988686301
-0.837206688060245
-0.00354431394435172
-4.19031430820589
-1.10076240683847
-0.980363339007971
0.0986019569350849
0.410346221876064
-0.332338933514042
-1.95284015409831
1.77937441438066
-0.920335519496955
-0.222234297995727
-0.11380367908011
-0.324659517541518
-0.327985411482854
0.42453541787947
-0.217617123247763
