0.726990962514361
0.81068239607945
0.637989298219264
1.06932963378141
1.00358346655248
1.34420616833382
1.4602228287591
1.41289170704598
0.726702071610806
-0.316558832986641
1.005360585501
0.790083720651447
1.00466776845462
0.696372625656787
0.79566447831752
0.403110357230413
0.527478275579353
0.851286769763313
0.526004438400283
1.09750802872223
0.755440471180765
0.886843754658357
0.939436921913237
1.49400419301467
1.20907062393667
1.23246320033647
1.33354271160113
1.35063915676879
1.25044341032993
1.44330665969019
1.07792373956504
1.10766747038578
1.06469453826837
0.870689253833323
0.941785085320239
0.941771344070217
0.706463377725881
0.512309995978659
-0.874236290226664
0.583612015257718
0.43275699150374
1.13093116154649
0.599045579380644
-0.665120213638938
0.164285418596906
0.607613981002903
0.564479751661564
1.14399846088222
0.721750335958723
1.10746724260582
0.701445628092269
-0.102697099531662
0.10344111007881
0.60296427032231
0.185524492406322
-0.552968164938197
0.047039229693925
-0.0563179836304696
1.42026828690147
0.978819226919674
0.825404651924003
0.757064345070624
0.967372927792688
0.822510384666244
0.694928698962327
0.165096732065684
0.609438783596643
-0.0784260172736987
0.210866641118711
-0.0154559655951856
-1.26024059213431
-2.17284909897176
0.569944274306997
-0.396926327704156
0.18456052490362
-0.14620502845562
0.203006870531607
-0.209642489461555
-1.52227705856009
0.446783605435636
-1.76411805940026
-1.92251297666622
-0.530167793502822
-0.0675130138473173
-0.0289836746678763
-0.441165774875718
-1.362835315937
-0.341170011978538
-1.4157631765278
-0.789388477540174
-0.92946132616954
-1.13594418382059
-0.840207457867804
-0.66623872762429
-1.208380196718
-0.956764893797599
-0.704264925285589
1.43292508556567
-0.98685545575328
-0.0145974680057054
-1.36515419049612
-1.18791674232151
-1.15934322032858
1.97730379598839
-0.939044886542838
-2.25086948900955
-1.31831245359625
0.0635012351581099
0.92111217951662
1.28418210857266
-0.114194808862603
-1.40930134763711
-0.887400559197043
-3.3619889175355
-0.734393846064737
-1.42061849103625
-1.30452808710882
-3.42273111365717
-2.19460129688313
-2.25916172281121
-2.13572167844878
-1.33346336227298
0.652875192493371
0.699664768972074
-0.506595919917428
0.12232028313238
0.104694971209678
-0.301336086079292
-0.803211533087643
0.588430923623406
0.416396994249427
-1.00028412028234
-0.292986459077613
0.126361185351109
-0.926321811039343
0.20249622989734
0.139662282542977
0.511241432068748
-0.712974856914511
-0.505271984689125
0.383191165246325
0.548954009609147
-0.808474170977393
0.0146687956801438
-0.414193333214963
-0.519579470677676
-1.77599702459912
-0.700410871525242
-0.431756633358195
0.715487662439527
0.399459211018158
-0.263360958442958
-0.0375302370907545
0.0589621713686107
-0.225325774883043
-0.608721164198772
-0.473901978074655
-0.204254989236926
-0.837373322195674
-0.54958152511198
0.100856384723719
0.781866388052599
-0.244178501882056
0.080844173862076
-0.148515020008853
-0.946944132284416
0.691565900827531
0.276870812329213
0.425203176583455
-0.878645773756249
-0.0579065212913441
-0.691038665543225
-1.39510776148841
0.0424442189174633
0.255441579405688
-0.546034123764459
-0.534475409661084
0.391564521387378
-0.633841622949644
-0.772074905028446
-0.581282709930905
-1.22770525953594
-0.791968467329236
-1.00933548000222
-0.572195397843884
-0.756351725266588
0.179252455526388
0.157297979030078
-0.724465449326943
0.63483308716277
-0.688185445175062
0.259200029373758
-1.9552583720771
0.0997888276732204
-0.806246254293835
-1.23238537030066
-1.45958000672124
0.396055001990195
0.558346053715442
-1.36229725548207
-0.668488770595761
1.93832084424811
1.22140487544511
1.56321463376926
1.62204676456665
0.986357773091686
1.85759257225541
1.76746642680634
1.29435932182867
2.00344253199591
0.544219584262087
1.10804746107902
0.696104736568839
