-1.08793794098687
-0.895983109158242
-0.475476193427682
-0.285262298326703
-0.595543834060559
-0.271254076086326
-0.363786511459269
-0.465043465409652
0.0672427907824693
-0.289633374431551
-0.449389028715168
-0.827637385138829
-0.813009012355098
-0.967001150972477
-0.505939000381796
-1.00821893301986
-0.476588764215839
-0.221385726668614
-1.03196878310536
-0.759696220288516
-1.20147773936593
-0.669081826873554
-0.69250381577796
-0.569694077797378
-1.06010991590285
-0.719391746114051
-0.445770029479777
-1.05159698701428
-0.82709344068332
-0.276339889715524
-0.157837332893483
-0.244657938764757
-0.682761196641983
-1.06843015497018
-0.575097802498838
-0.676270927708191
-0.586028797969529
0.301092948016306
0.381393371488443
-0.481913877444304
-0.80070218772476
-1.60444441707536
-0.937443691209269
-0.459308687115246
-0.169403604959628
-1.4958627595504
-0.441500313092916
-0.371204588665002
-0.742893172555832
-0.666959125931633
-0.759547001665816
-0.247693115036121
-0.111863462832605
-0.198447814666452
-0.415501617214142
-0.448164133120347
0.350699292624664
-0.16051839446666
-0.357884433635609
-0.693382735423994
-0.667665737159299
-0.577879203045033
-0.737048619518936
-0.559929828726233
-0.125025071598787
-0.444187516677924
-1.05026517400469
0.594775237590509
-0.534943918874732
0.0494853040688462
-0.610605012187755
0.293392971002622
-0.166512190915934
-0.754043713291626
-0.923846279295303
-0.598396430957379
-0.396921381778115
-0.311874869720486
0.193702273490957
-0.433486629455187
-0.115494446894573
0.247467674824526
0.474873387163497
-0.627200914136846
-0.272208008492735
-0.00396163170080448
0.999594716451217
1.09512493161465
1.97812764367555
1.8317421998581
1.77896569051475
1.89149520576761
1.84453936149658
1.80452637367989
1.76139245839281
1.68980930499742
1.30654514887905
1.58636845906812
1.66715713244787
1.91637204305921
1.9505339946993
1.88723790948121
1.87301586760238
1.63983231667625
1.92287806503027
1.86764903963651
1.74800679318172
1.53304995433416
2.05723801114936
1.88491022864329
1.90175258262981
1.87482481441495
1.46767663616313
2.00114588449332
1.48333468098351
1.87220931816115
1.79068782925021
1.8119083298844
1.77855460494277
1.83978749260122
1.86513954642412
1.834155977899
-0.375823849009444
0.114335642847863
0.673744125444426
0.216828070253228
-0.303686102424382
0.727204901028723
-0.589680086281802
-0.459323207724062
-0.557799139943966
0.99482289794481
-0.526578004911739
1.18153419577823
-0.0645494546930198
-0.876249869324591
-0.58656596578172
-0.991720922209669
-0.214915626027637
-0.577991577633959
-0.0188303585958693
-0.473514510898435
1.78165524740706
-1.06357955707222
0.925985392567459
-0.908489298143226
1.92774633831297
1.80028816293123
1.64303452515516
0.130285033910211
1.64213012885163
0.989300954462685
1.52616945919136
1.79392412948658
1.02959318479933
-0.882595318462043
0.260074439860537
-0.324935281225119
1.02435571983995
0.330432072526531
0.403800811379227
-0.096053360591046
0.202468007551253
-0.934857770156734
-0.520959946113498
-0.230062330655429
-0.457423299607031
-0.702501081639327
-0.799275746622537
-0.846184007799686
-0.839664273160903
-0.290077676248202
-0.635247229804396
-0.861655162636677
-0.152046630093695
-1.09590228993821
-0.173347719814959
-1.06433135239581
-0.470268204553817
-1.61236920905883
-0.667752923795131
-0.886590659382739
-1.15200330767593
-0.579438680358287
-0.658281980706265
-0.791172916091363
-0.37935544433099
-0.79331204932278
-0.779005638216167
-0.540407552603721
-0.709685465792943
-0.0531841554918471
-0.462881611452879
-0.75202396245154
-0.275599016036999
-0.274382978401966
-0.179040088811352
-0.529586489471083
-1.18324449217432
-0.624997586661751
-1.19381243197025
-0.762547494604895
0.401746188035269
0.199749804537143
-0.508470734417834
-0.505623109035003
-1.22206125452738
-0.641570437427017
-1.25502666450634
-0.94117868332266
-0.598327048786714
-1.10354477911022
-0.558426034949967
