0.550081891385569
0.575863635632084
0.407844428456348
0.519472815043631
0.444447772938099
0.559513996822927
0.581382774076824
0.617210401826344
0.656238630961078
1.00851544565726
0.282081345684999
0.725208369259129
0.229542104799443
0.296143271551917
0.771975938661778
0.625000519836142
0.870171527126769
0.86485418018279
0.491484555070884
0.624971286303494
0.871578057772061
0.636934810849342
0.725059698908891
0.233496127545467
0.257495797776486
0.11826318996474
0.181447613736269
0.36725514682915
0.213770085435723
0.333101426288422
0.663879330190036
0.448901279711193
0.627437204408266
0.776310601367067
0.70050571962923
0.438900823397334
0.204393693274057
0.565294029991052
1.62380199619054
0.944838669065414
0.987393286450595
1.13820438413277
0.768633445163496
1.53948411289458
0.954360907406278
0.909814971705502
0.715754994891207
0.349185052929223
1.06904304517801
0.0639806341709059
-0.13584747326215
0.0250157879629119
0.416225777206196
1.30137789927861
1.03288145563035
0.591783139097683
0.591268475566514
0.347481194857839
0.173724087378456
0.348656056098507
0.0114373531561154
0.271487653480058
0.640935345327956
0.841685422975715
0.537671005148934
0.0968190807503727
0.245788759518522
0.36807102654001
1.01370143915917
0.350600426507198
1.47434925057574
1.08111572941373
0.353245713354234
0.2993791991833
0.554713787785734
1.08437674433586
0.401749522435471
0.0475556313918952
-0.055197104345502
0.66566337957038
0.74387701073993
-1.26067309638355
-0.132876299047178
0.231179406115103
0.261398225288256
0.562074290753217
-0.141368128504512
-1.08030478049005
-1.25381940518894
-0.341093118487341
-1.00854714781687
-1.55109589229497
-3.34744149019023
-1.57749296823275
-1.05580369161401
-0.286035318585645
0.44378518873661
0.376133095264376
-0.443051258139563
-2.06720119918335
-0.345828901656288
-1.06083087550639
-0.0381747394799166
0.814926792119863
-0.94340567317843
-2.05430222474497
-0.175697082519411
0.328254071851216
-0.914597875064477
-0.262118218491228
-0.8381554238828
-2.93370902928924
-0.947606326579766
-3.18265094973929
-2.2539503058895
-2.36657961309607
-0.651007650121308
-2.52592716472729
-2.21517884071775
-2.14740623310608
-2.58192377503424
-3.53418979045737
0.641902255225055
0.0254097477784292
0.888328470861513
-0.133435191309698
0.123615321702414
0.727271802568817
-0.76848231449448
0.700013656339494
0.452303062539865
0.0301472514987097
-0.507068322116487
0.0344490625466356
-0.236297182306938
0.79727797433706
0.927904969778886
0.76410787171988
-0.893864279757058
-0.277160112534073
-0.654322296877052
-0.115053889992559
0.378781880431658
-2.00540244878114
-0.0907480095366334
-0.817829562422513
0.02174417892126
0.70223204760034
0.482055498531376
-0.64775011991104
0.56229239118183
-0.628958058295822
0.946512392186702
0.680675468619376
0.212583175949877
-1.96440054216246
-1.239543278192
-0.895615363331857
0.442469109485267
1.12637184745542
-0.875470536465113
-1.19153627007838
-0.811422390148858
-0.648641381868141
-0.722652327618457
-0.446443345750297
0.418033762725803
0.291688003885465
-0.925118705424279
-1.09800235416039
-1.26843210137763
0.0930436680571998
-0.533165294291496
0.100505926474882
-0.426821782387144
-0.277824684696341
0.272290086381107
1.3534592855817
-1.0728259748912
0.17779567776336
-0.152692130646173
-0.957586341965629
0.24013927618605
-0.829366545213571
0.126013693681529
-0.0681316693463171
-0.557682986019367
-0.187086232509046
-0.341479387751486
-1.74595323416057
-0.195534923416979
-1.18915025900824
-1.41880641850478
-0.841248589182041
-0.393761980688745
-0.899593018847334
-0.667252981390098
-0.408478318337186
0.968499795878753
-0.549336193044461
-0.47317348221612
1.58389308090273
1.37524470704482
1.63735512487221
1.94085921002937
1.74149873903608
1.61710219088526
1.33126721557419
1.52779611732062
1.72722005437139
0.824924879122694
0.922089418555343
-0.238390926201118
