1.19262225636685
0.966334025526195
1.1088325707932
1.03578765551391
1.1254794125716
1.09623575203813
1.09154795929368
1.10895998302565
0.841988753952589
0.850576219156744
1.2242305763484
0.977557554010889
1.22406962324925
1.24547739530521
1.04854643750625
1.14215386257279
1.14694100511528
0.906985363580841
1.14645488399968
1.17793762299499
1.00276334989072
0.900647463644398
0.624881986736562
1.09311287273509
1.22521134011344
1.0928718155619
1.1198144069286
1.24338410377083
1.1357426690102
1.12431574014267
1.0611527418884
1.06980062013086
0.98024346946613
1.12616332658989
1.07664196407817
0.871381285373854
0.869747880965395
0.835486953717222
0.704747032023347
0.95802108122124
0.364435257832911
0.271061285399218
0.884566031134652
0.829820467055887
0.451297063745087
0.381470466259994
0.851899710647349
0.6785302074167
0.890851459893762
0.886641505817321
0.970112707391185
1.24282825097439
1.24467316638765
0.612447450350428
0.413769319684984
0.613198226235131
0.621081467577344
0.524817342668915
0.593313439527513
0.615206934763907
0.940204321022853
0.580489293707969
0.915472176499186
0.893227295039644
0.621559580066962
1.00240463783684
0.51753807192647
0.287994704407195
0.997884678122481
0.739713921706383
0.817426196489295
0.517182934985576
0.523537003501293
0.0886574573564373
0.25553583734056
0.32928987347505
0.0691362336110625
0.692235990897602
-0.881834915159146
0.562677788764602
-0.495836635940884
-1.52278999799944
0.303490575155951
0.342105268217238
0.288538110737844
0.156832172883756
-0.824996373555362
-0.372834975364748
-2.2994652011337
-2.41446674877377
-2.68950839390287
-1.57479824846631
-1.31403890560639
-0.37991369946573
-0.111724906588825
0.647940024921961
0.150710729474725
0.217752441287785
0.0433761224649105
-1.30855932291958
0.543204769179424
-0.592946061251553
0.129019122565469
0.848717572348212
-0.216839992752497
-2.14560053951101
-0.505743403882609
0.289187057694991
-0.464367209370325
0.31774006260758
-0.344002636482578
-1.30755724069689
-2.10980981963111
-2.2806651087533
0.406270879209518
0.0970214592778128
-0.218069959379741
-4.13982370867326
-1.69156799996755
-3.21202272304863
-3.42751130325522
-1.47696933086965
0.484260234574181
0.736000929655829
0.614272481735825
0.184912902814239
0.296303002430381
0.397886130868984
0.117365679473455
0.918591257057662
0.616611681848852
0.382679357076065
0.117158102486625
0.426942405539472
0.126815968972054
0.728410910632249
0.0197557701314776
0.385615063883734
-0.376564916916024
0.191545972594208
0.145717441430011
0.648244802836074
-0.354821202466547
-0.667126222810359
-0.0320964353710308
0.651922080797257
0.212696259091895
0.0931041590036793
-0.331688300635967
0.138874585392295
0.272391961908523
-0.318908320657522
-0.152687484576774
-0.00248550033319123
0.320784883623612
0.0200663437376
-1.02500106345771
-0.188527309253365
-0.146584517340679
-0.110036999869317
0.0279802442586433
-0.218563163273331
-0.221083731074144
0.110504424792807
0.0927081371969242
-0.492152389563997
0.0773017048994928
0.22417611400022
-0.429936666578332
-0.886993049741484
-0.494564752085104
-1.76533669127864
-1.94310787767607
-0.261120119818572
-0.297316662401115
-1.00684714682842
-0.145235408328365
-1.45435672546795
-0.952302127597737
-0.0542280359665309
-0.508680795398706
-1.10540587087778
-0.491581847677773
-0.17200469609311
-0.233052050012697
-0.479856603781242
-0.202516383397492
0.407261367022353
-0.432954832527092
-0.935126364686818
-0.405671207193409
-0.14637889988334
-0.774829597273445
-0.649110743356728
-0.972374855280844
-1.05210798278823
-1.13786221862091
-0.854920530219452
-2.86463104033238
-1.26207736732039
-0.504729545637899
-0.124430951347145
-0.784214486329129
-0.517204112757741
-1.50462090746574
-1.15522048817135
-1.29143783692744
-1.1565787111637
-1.72688736210826
0.577196432989801
-1.26677487413916
-1.60804857166608
-1.64177601901
