1.27204920204624
1.14765859546029
1.00560306497439
0.568891148100705
0.978742317831205
1.39226828125169
1.38255280814022
1.24491584469763
0.786788256075372
-0.292014971363143
0.86077329152731
0.827751056139006
1.24940600598034
1.05576892849607
1.11298753545052
0.94929033930915
0.817823127138473
0.764487841617295
1.12830411344384
1.31619270652056
1.11995075804132
1.20409984064062
1.02672663892852
1.33505589199863
1.2307298887288
1.28118132323938
1.2922231438377
1.29685474953102
1.24455253616864
1.27339806466207
1.15427728039324
0.878023877944104
1.40945260652559
1.31180764328935
1.4986389640328
1.44296642530247
1.53863367850847
1.2985674680776
0.732460774057415
0.810222003127778
-0.911969635986854
-0.0718332787110301
0.622528652260723
-0.290378025337929
-0.130910834979569
-0.707497778073849
0.764154493815142
-0.148561638979084
0.465115578231347
0.0520204709942115
0.182385643989048
0.305772965111519
-0.236040128516435
0.581368044926741
-0.139819301578893
0.268238515278939
0.6768742145647
0.703809529546574
0.483083330879438
0.516971441111208
1.04471201529336
0.913493050559306
0.942663670604101
0.569513358342221
0.792648784189427
0.349440601080504
0.858447525159416
0.526495202378549
0.619678824235103
0.614552375640026
1.30265035304983
0.339027934059169
0.554533371853665
-1.41256510841965
-0.525182171774608
0.116670893542927
-0.0103251033261763
0.203950462089693
-0.779956736615943
-0.373565557489361
-0.534229584090467
-1.13748665973074
-0.0498313459879819
-0.18033410592885
-0.356559330277232
0.168979034178745
-0.415685063935384
0.695217868544211
0.491940755894306
0.768682208664246
0.545407930135535
1.06527146217746
0.352217406907185
0.325996272281153
1.09816950324438
0.999182470871712
0.0632583039830925
0.138559462667492
0.631169501060069
0.88090974365526
0.0704502526159029
0.473698693719204
-0.0138238772715391
-0.04283733769492
0.44783562068051
0.973841648047973
-0.221720977868076
-0.485184792204682
0.753457282804734
0.606771766728834
0.866071595877562
0.598802964795718
0.342762536322999
0.843930549973808
-1.12676751518248
-0.723273680793666
-0.455914927144749
1.16146641423378
0.628889867639312
1.12458580476916
1.33071456731771
0.749950144548823
-0.543214890332911
-0.586940299226109
0.0494708623417493
-0.702354971130396
-0.586816617475668
0.258237265869355
0.432628764134271
-0.53454767088981
-0.23583314858219
-0.328176438051589
1.04617721527877
-0.038531100830833
0.365241766083613
-0.317058138755178
-1.3746191173843
-0.788619584457246
-1.10429925842712
-0.912722793338877
-1.52062567625237
-0.144744277124588
-0.805875672893653
-1.88167046209893
-2.05059561548629
-1.46665634577373
-0.879801517211827
-0.75713108019076
-1.01730900464458
-1.0726162783349
-1.26719821592019
-1.40018327864222
-0.660027637218215
-1.20154536425964
-0.904891578077077
-0.642806557681486
-0.525575961345953
-1.6060919198598
-0.620011768915073
0.257227123333614
-1.65959233989242
-1.70279218540589
-1.19854051875107
-0.736536125549649
-0.47982539753487
-1.18391145192175
-0.320751210124384
-0.303615445107393
0.539017512106565
-0.595136281517383
-1.44298369772095
-0.454413204597256
-0.878809762036653
-0.396396637779103
-0.0313882094470154
0.129196893769292
0.249094281605617
-0.361203363789035
-0.139933332071396
-0.59059868333859
-0.193316185537264
-0.477134751582134
-0.165051552780513
0.101706737121326
-0.475154367809969
-0.5799642074072
0.407475305109308
0.373065139983673
-0.343637289959802
-0.192419414140154
-0.0236392310774973
0.358422226991847
0.00761045048513715
0.461621199175615
-1.10241425444424
-0.298187970432796
-0.714505540898063
-0.455023255599937
-2.29059788281553
0.136682288555041
0.797213835811828
-3.08731162225462
-2.35330949931171
-2.49424353758106
-1.61499648059753
-1.19008573394353
-3.83199421441069
-3.06759277692387
-2.74564903287486
-2.82181395146203
-0.258043736956937
-0.753550024532658
-0.521733754123989
