0.605318865576699
-0.221047201131108
0.840073366056958
0.691882256479001
0.651389519917534
0.136283273746244
0.00714046059071545
0.185780030753813
0.369313995082049
1.58375358954686
0.751600291831941
0.515225304982288
1.28507660195983
1.47042315350526
0.312074371429229
0.47339028597216
0.515967468000693
0.432555491356236
0.446614370733174
1.3546367125391
1.24944606494432
1.5528371417566
0.734155659340911
0.432232740431318
1.32370706011226
0.577252767135168
0.453230631553324
1.31370060852456
1.14298773914745
0.252999769539714
0.402439375264808
0.576340910573484
0.628135364050374
1.63153498339221
0.375808752377858
1.24215349552483
0.439122270387067
1.54904484923504
1.2689817065768
0.680508382831044
-0.36748888261368
0.114960292668765
0.574058097404825
0.925534795060094
0.00965618860249814
0.489167545694015
0.617875162005103
-0.349782439828583
0.693183287363071
-0.0358719172096223
-0.333700520028709
0.29384844177527
0.834942290459466
0.123888131366187
0.0292677894266765
-0.120737412843478
0.452534892975154
0.227013029535163
0.252098081691657
-0.351330363292815
0.514351885068322
0.353953359277186
-0.18065390084306
-0.00584092864645517
0.192726344914099
-0.466449853252845
0.57421923067902
0.174722182787485
0.415954219116677
0.0126833111383644
-0.0688476778187071
0.0907541868329551
0.278397949598658
-0.208391439436928
-0.243889892301808
0.264398356546788
0.274056811781707
0.528110065879582
-0.457777696601629
0.00887871670591964
-0.115332879447896
-0.547376845273643
0.784201725528928
-2.18372895036436
0.385287973582763
0.30645249693565
-0.885394242944393
0.399392490585451
0.0178566269855259
-0.00967234730398345
-0.16347753942029
-0.0840612859621947
-2.32384966389187
-3.43517458866279
0.2954184857101
0.579032227623667
0.135230924101891
-0.325919567850151
0.696954137126456
-0.208636822837285
0.344091494749325
-0.457297824373721
0.674997919626744
-1.43521580844448
-0.325665155296144
0.5616038293125
0.667558135485622
0.179927530938417
-1.36318884743195
-2.35043267083889
-1.57703243653348
-2.82572712615376
0.0679042301515557
-0.775393896330445
-3.22696300123789
-1.08489136885157
-0.037661282442019
-0.145807505727002
-0.1522372709611
0.142088656797182
0.639902359247223
-0.263400087772745
0.270305036320437
-0.973777713856812
-0.62325401055131
0.152586992405681
-0.17128531711757
-3.32771785892107
-0.353087596535547
-0.339045931920928
0.186594637578714
-0.978881202147363
0.147501096025155
-3.04469134266564
-1.39084611933696
-3.85486879846205
-0.112303966302928
-3.86636375273278
0.850514418398136
-0.276574975582134
-0.0434576052854852
0.0574357438816644
0.230363630925372
-2.74968161209857
-0.322230325011699
-1.38581416711857
1.09447475716419
1.22856870472056
0.909782496702834
-1.73894489030038
-1.61223758422446
-0.057644939165429
0.751475797386264
-0.218026768515511
-0.804414887806918
0.0764626626226805
-0.219333066589613
0.325331020603933
-0.0689817590448036
0.826168848908205
0.282831676470718
0.397748980686906
-0.253204539968823
-2.7142898781064
-1.86829517741808
0.36193423623231
0.246550084817062
-0.26445204414643
-0.179436644106384
-0.244266848490721
0.0632116012218041
-0.0828579082700473
0.202835969750359
0.583969198231074
-0.251084134196493
0.716318327684531
0.0919847216147322
0.554507773911811
-0.46079120297334
-0.511928457170643
0.130498930857951
0.658524596682326
0.336505138398312
-0.573339975411351
0.363645619266947
-0.185771297924304
0.0225286409993254
-0.0645883512905162
0.340510165513938
-1.63862084718802
0.228602126075482
-1.64966100793255
-2.14310209295316
0.456861003318256
0.820120391975828
0.648387346405967
0.607632819090367
0.69301657085506
0.0385431952293072
0.580858833270168
-0.425260411413547
1.56938274735806
-0.14172643510738
1.05382445057048
0.483287516052397
0.19565695097045
0.455865917064405
1.39052691050893
0.144030086984855
1.82898547989285
1.01553137601161
0.101973099720757
0.472478686624436
