-0.683478622818932
-0.0530247986100885
0.147727070089256
1.18900383072029
0.316033072106905
-0.74561773364583
-0.82702461822297
-0.574256488023071
0.672930995520188
0.584678567737459
-0.496829556479573
0.424010266616693
-0.650876672877137
-0.481459341212747
0.785447719199108
0.678980717538131
1.01849892640567
0.956237129865811
0.00876111516735591
-0.553847649749385
0.269534889842986
0.460440069761615
0.826804843756553
-0.820238400605577
-0.670343353702313
-0.820844360155239
-1.18241417171575
-0.612945711487503
-0.934907191490567
-1.28010713562758
-0.0296792580646071
-0.625134812615022
-0.0472616317342208
0.174997655583703
-0.230670163864717
-0.0630350903644204
-0.677128818218028
0.759024889652159
0.443509932581147
1.36914320617457
-0.428202620009673
0.0855197222109431
1.26239525779313
0.496812246470959
-0.486103174832883
0.379491311667427
1.67189945838375
1.48160379234333
1.96220882554069
1.79133785142474
1.16140788625672
0.584981229437534
0.616015588761103
1.09368590082659
0.526852308427387
0.46448236756512
-0.243282102472568
0.112426853622682
0.343830695585415
0.396371061273284
-0.470091577195485
-0.457517002169886
-1.32829634440856
0.11876502911195
0.656964230940823
-0.803184737257839
-0.0943839730379228
-0.908010743070201
-0.0826169052889207
-1.23526755063994
-1.00398542025037
-0.638717868042748
-0.0273448549626342
0.0437581074775194
0.32239879527487
-1.59427627336846
-0.204627801705526
0.17407093755058
-0.62894245033641
-1.41105159809671
-1.46591343369559
-0.850608598533253
-0.773308433535138
-1.04984764363206
-0.329232731314653
-0.660503063018409
-0.903897106578876
0.625552995839954
-1.82152532574979
-1.75955831318229
-0.938326094762297
-0.528208241986015
-1.26081018278247
-1.40944177523527
-0.654712970420762
-0.176529443740344
-0.60252088183482
-0.71105576104784
-0.660960043235015
-0.46316949339801
-0.311813452368594
-1.28458314600811
-0.288181715851363
-0.325453277082515
-1.1247028266923
-0.964731458212832
-1.06578995495328
-0.772679494494915
-1.68873043672172
-0.846931954562963
-1.09145906933911
-1.20982020028016
-0.825502492579107
-1.03600900031159
-0.482635444734431
-1.44563395230408
-0.656255009717636
-1.29259140392771
-1.15399081168127
-1.05940305258834
-0.830544949698977
-1.67181769287213
-1.36832024451793
-0.232751593800183
-1.46801176676944
-1.14867145147828
-0.796217423680719
-1.51454838424941
-0.921281752664094
-0.94752025883667
-1.34178224650509
-1.74184675469853
-1.80111596815956
-0.703542318986114
-0.592045582811511
-0.69026086772744
-1.44506521021688
-0.00325363483476405
-0.990034095422654
-1.36299646834456
0.137670332354871
-0.919644037438534
-1.44105485351414
-0.500179743419184
1.42912569323845
1.57277819984785
1.78755678645893
1.34551701511019
1.16215418897044
-0.556131775765971
0.951613520027411
-0.149059736856959
-0.339299218451119
-1.30969358613249
0.527715487536877
-0.935597929721561
-0.39984975042392
-0.0018031391077876
-0.310140370056369
0.62047291198006
0.322466428819643
-0.269329025582011
-0.698485277753925
-0.521169265845758
-0.100984345671757
0.0923946831924852
1.02218137999228
0.88197200433339
0.542945325648451
0.571191290093685
-0.844023626245354
0.99303161032916
0.656867365672096
1.01123975717782
0.543984300219902
1.60273877895942
1.58708437410355
1.26074024682773
1.04450903204326
1.63072226335178
0.791171192379551
1.33305574531669
1.58698027180683
1.61546502709345
0.757021686277571
0.588264305732722
1.59256873677036
1.0282141707906
0.63358504127481
0.909002729957238
1.99471614782506
1.69426820723286
0.479922147730232
1.63060363813892
0.795084908572784
1.18276564973731
0.939804411740607
0.934995687083806
0.23478466733451
1.60774976266004
0.903819909618844
1.57734467157211
1.26754848178602
1.66322148805427
1.2929491619698
1.55961397904956
1.08222481517484
1.58611844707324
1.74612309926578
1.78718523933387
1.57729782368112
1.52131608977358
1.27007294858396
