-1.86968152294961
-1.12095700028559
-0.647682214683866
-0.675571924219576
-0.610656738096092
0.494759865262918
0.786419823647443
0.684824224388851
-0.275229526300816
-0.680649987977172
-0.456487657577872
-1.26202697926348
-0.899429267150286
-1.65590080225928
-0.726205258881105
-2.46231668256391
-1.18171409696968
-0.0064713017286099
-2.7135413121039
-1.15146381364242
-1.33009315406672
-0.987133119797453
0.117976035938551
-0.0896254053261026
-1.11719423807688
-0.14208792955764
0.0065516360639036
-1.18605149704309
-0.561853226788773
0.344900746631803
-0.421805631416648
-0.439084091203851
-0.629329357073155
-1.79513635595781
-0.566968800767583
-1.62589710563775
-1.38840714595215
-1.52549383232498
0.625135978541976
0.150566928492005
-2.24212700070533
-4.06904408369276
-1.10567953383754
0.234749365721321
-1.47457976437115
-3.08812902161484
-0.93846209280351
-2.71921732770306
-0.876308468986494
0.148564831984922
0.239656634834519
0.376408261640777
-0.602041236937101
-0.842125320125172
-0.962200503179182
-0.884946837557238
0.391483210487488
0.0226985163199078
0.723070501601328
-0.546018656995144
-0.0445094751295042
-1.50435819995724
-0.252669377141197
-0.231049920433732
-0.360246396435783
0.226321707061272
-2.61818117432524
0.0750619803006622
-0.292441160012515
-0.184639333228567
0.152223922349779
-0.327524903235807
-0.502685222740266
0.301206759555956
0.339827096077257
0.112063369484918
-0.668239952148934
-2.33859780929517
0.940378978195849
-0.225304747235782
0.641396327930687
0.939906545473876
0.0577668511962545
0.724163420073531
-0.0966761111424758
-0.196623919981347
0.909561444940662
1.37784386367533
0.194265687070218
0.502624631656832
1.26074706010645
0.217516407964666
-0.276103482022166
-0.616619401448975
1.06070538223907
0.438429956677891
0.941729988307268
0.629836507478142
0.0353466423558441
0.211217645612225
0.118968530111323
0.445646123391725
0.227315324392989
1.26232177071341
0.441998535947372
0.435269327470504
0.360722223621969
0.785306304326359
0.0156244531968198
-1.10053661737904
-1.03286727339956
-0.711637284036432
1.03815481490848
0.0831365897733568
-0.210754507449155
0.326039303623136
0.557011449956288
0.714615313572274
0.538249830544125
0.90416252950809
0.681668707858726
0.510970040466867
-0.0281376483178662
-1.75459969683452
-0.4465760746641
0.600203115861934
0.220519701809442
-0.789042592571028
-0.0740452591968936
-0.968890986736522
-0.421711810555753
0.247931421976588
0.274150313926709
-2.01430727435934
-3.61185457582629
-2.32445908099072
0.164799201342801
-1.08538812517702
0.873867835455948
0.661765367621188
-0.142019234445759
-0.280972643101576
0.571591623378562
0.922645104153311
1.08700752550746
0.469875686619498
0.77194856322112
-0.061969669090686
0.69373295523333
0.305252978701166
0.437791361900343
0.953935638861969
0.684929817554663
0.647918770880175
0.438723290488335
0.910641989009973
0.95881341129534
0.848673133483735
0.817060124841223
0.0708468016394926
0.729309091321394
0.749471821603385
0.6846431933753
0.930511377212392
0.664650297918266
0.246579153920595
0.951433184413755
0.458645962948019
-0.392753267851753
1.12869292203062
1.01916090305919
0.728867337240741
-0.319336512271175
0.798482309379791
1.2858684016785
1.02204955307287
1.09446566031052
1.18876769308748
1.15897648910649
0.251600117089337
1.12423568931167
0.994803925135418
0.507932190337649
1.19480758371779
1.0647680330568
1.08148809210107
0.88654591770269
0.832433836480501
1.06343117572825
1.06017694415325
0.642600795054035
0.826034480310869
1.1820869380623
1.10815435645225
0.929442490010381
0.939328962241108
0.862772255962196
0.720601652324864
0.564742919509036
1.02731275757102
0.827695719824193
0.379939234312522
0.211881693758133
0.320664678194743
-0.947083094829301
1.68683420457509
-0.686752732567515
0.368232421645196
0.445405468761904
0.0909296455458063
1.11615901967551
1.05941474179212
0.762444436151623
