1.62264981112083
0.986955125602894
1.27482615555077
0.0820942548205035
1.18469141877228
0.164783237957221
0.055538156639189
0.223529193611864
0.215362953535707
1.35150284266362
1.19371388695254
1.72965167205339
1.24192454087632
1.39887171607136
1.23357645352893
1.81013564699512
1.4912568382514
0.554278517779753
1.79656908246353
0.612276826397163
-0.529222007091807
-0.668093356450735
0.397117187498863
-0.388612164499269
0.517645162139033
0.919641456256711
0.457590404593257
0.152221487743763
0.775614133222724
-0.376978884172645
0.451375569967585
-0.0986999176669385
0.815528769111247
0.844297283125025
0.530852575810713
-0.267294978377402
-0.022664176905301
-1.32462923444868
-0.625954957756362
0.494488700782042
-1.92264454687809
-0.0173306678001024
1.27477101662129
0.145569661623876
-0.787389834382838
-2.02969363824596
-0.232303327172065
0.175485661354759
1.14118858627503
-0.0933795292681049
-0.525420287884396
1.22683010803732
1.27063289993609
0.529230685465934
0.235257343426235
0.12500566246472
0.29623143953025
0.137961904879528
-0.148471275756017
0.713386219546601
0.695587724528292
0.733741046711264
-0.0853172165981805
0.211937170415806
0.0219569956166813
0.657443966876832
1.37733138733087
0.131962363602063
-0.101603098767807
0.0666900755631637
-1.20893659139198
-0.768254074382438
0.535181332558489
-0.0835221021045195
0.521945266771507
0.0743346462463511
0.388121664824797
-0.644543771787879
-0.273595441345943
-0.234565515387431
-1.0658548451541
-1.81573195677877
-0.124241765207936
0.130493521924269
0.111522010626203
-0.654481380434944
-1.14852735126696
0.477929778659859
-0.672300010730211
-0.766915115356499
-0.877918584681649
0.111363663430226
0.177011675299157
0.831010906194551
0.52013295077179
-0.257364156026603
-0.38149793793474
0.594975555504581
-0.308620763336036
0.172716295556274
-0.475297039853641
-0.592695180163259
-0.420900266848005
2.22810415402058
0.507254719607086
-0.770513530781235
-0.414615575859612
0.0757493036251422
0.638929090676194
1.30777658708361
0.828161194414002
0.273626897378777
-1.0946114741359
-0.44079964794769
0.782411750907086
0.41870506499582
-0.327441975770159
-0.237417552032548
-0.245428533906262
-0.545037153916113
-0.410670589413454
-0.258548314721351
0.988904310873487
1.82641774290365
1.49319794635482
0.408975971985151
-0.134196521778427
-0.502301396347175
0.958345416434175
1.18624100623608
0.635253651747753
1.01417664564867
1.31520856517628
1.42216535477329
2.41471536635431
1.3454851699388
-0.0998270553551214
1.37617399506439
-0.132516273129063
0.624089553080604
-0.00970319260715725
1.34071693084438
-0.447763792942194
-0.682131361944407
0.114555492526545
1.48752593468151
0.231471359796358
0.268327885384247
-0.434663634945596
0.194598993086745
0.165743504690794
-0.57580776999305
0.19714401444146
-0.0998552388600167
0.552254243305517
0.227706367482426
-0.477990463213432
-0.548988540453574
-0.0142829949597368
0.436334440707325
0.106926773151446
-0.758017928576644
0.156075854126989
0.358662320741433
0.950751578225659
-0.622232814715636
0.404546097341446
1.07254086864
-0.817145229251381
-0.295415312027155
-0.210585232659739
-1.56670606822553
-1.21542514463139
0.121771581931361
0.538603174202438
-0.427602940000569
0.654391554135473
-1.40769610432753
-0.646978520304096
-0.919844259700803
-0.110187027305527
-0.973402667797864
-1.09607874556628
-0.524461715382954
0.442173611670761
0.517226466448434
0.0345234893223339
0.941509226661659
-0.340597629703103
-1.6595757240501
-0.891250330135804
-0.587754777224474
-0.631473111540459
-0.233096380829423
-0.374215247751525
-0.489391168057894
-1.35213176430191
-0.677456457164995
-2.55854746907266
-1.17225210284951
-0.245693944570377
-2.94365344167801
-2.20930950677097
-2.59244205513733
-2.36203201053094
0.808907100734533
-4.85524220864293
-2.15309089407311
-2.43969666461861
-2.53862396883303
-1.33009525316472
0.304021124566741
-0.938600341713104
