0.831059716392791
1.06695694382399
-0.0248628155532051
0.502122050336685
-0.250928143659153
0.524000421263672
0.0705843245375937
0.346122614073999
0.636751507402191
1.01274574888953
0.861395252878656
-0.567429235447665
0.0435781810863654
0.142881723746301
-0.260628911826033
-0.517718999864529
-0.149658408489749
1.55627623368195
0.105456155529762
0.324361358060409
0.673519627644808
1.03756452840993
1.90896836554477
0.488006379043714
-0.599086787759388
0.89493145483178
1.407935043603
0.197842421726551
-0.106471397255648
1.21221472619372
1.2802608309952
1.77596288348397
1.28335598930863
-0.665646375773327
2.43433611074248
0.817546932804664
2.48854211939097
0.931273662801426
1.62911118950344
0.119136765523107
1.02960470677183
1.07133638154326
0.350960575881723
1.01126853261443
1.63535666408233
1.40884027482237
0.353581964655145
0.480619941824758
0.482003083009851
0.15846372287284
0.376245204494187
0.111778034343033
1.24697855265861
-0.0901327051716026
-0.0550903621546614
-0.625737890656595
2.13987142202125
0.913780304715296
1.19572358771318
-0.208802425991354
0.471035127386476
-0.505063307722815
0.0993210296254102
0.956252808837746
0.3112142047738
1.16607716503349
-0.836104718246033
-1.16119526486953
-0.261556903633613
-1.3283733238181
-0.393826164488292
-1.6292322388352
-0.727911088351903
-0.380245859620414
-0.607770271475616
-1.6045245780197
0.652856457390542
-0.787891154807926
0.144698409477418
-0.239503863213443
-1.18342565601271
-0.662655051997015
-1.24409851823432
-1.47133565128478
-0.930905750369623
-0.743867406195206
0.0941367441180536
0.850942431603516
-1.30162794702999
-1.60378082818123
1.1779503582729
-0.0573342823805118
-1.32934691473322
-0.841863104680634
-0.385951579740888
-1.39765700517403
0.96865506955315
-1.23757404653682
-0.268832298313311
0.0660656339806281
-1.09534638422497
1.84946506184951
1.3950514358578
-0.681448724475099
-0.435294175013881
-0.0451734465696614
-1.34159205754709
2.62530547368354
-1.60497890973843
-1.16930326196698
-1.55645655790712
-1.3970732953511
-0.765158776607678
-0.145106000047703
-0.593005620391818
-0.940554838711348
1.87263850204286
-0.960077043469031
-0.198451775092466
-1.52077509988404
-1.57045861465079
-0.615112459539411
-1.42907522714935
-1.70221599093222
-1.37852187850036
-0.825607076332275
-0.855715441398222
-0.735698763554124
0.580272844296792
-1.66953808709479
-1.23545854753955
-1.2406747882022
-1.5012323055933
-0.976623165466178
-0.985928567716682
-1.6797513450687
-0.688418711241399
-1.50188975054579
-1.44590227309773
-0.981702328378229
-1.13448733848109
-0.904278893656623
-0.302905060302087
0.146215402049845
-0.166588992268469
-0.0334717603909223
0.0619269764319117
1.10903270875172
-0.431877629256421
2.8836043589077
-0.413385296701397
0.540431313917338
-0.220964896423336
-0.800664107740518
-0.155411437614125
-0.407510290367241
0.548646558332515
1.80919099184702
0.186837683372617
1.43432607818882
-0.167611720633826
-1.02959666847133
0.253357227007362
1.54963896389352
0.49040592773861
-0.554629290155709
-0.165434602459164
1.32028620070432
0.0298811456084985
1.04164798821526
0.469011313477312
-0.389661312938562
-1.13547043158486
-0.431126171034036
1.03780514493463
-0.485718650654456
-1.2272833507039
0.222117056939238
-0.707640223686001
0.921534463383498
-0.425716280286051
-0.925845570519657
-1.07955924377177
-0.309007871171368
-0.431415959414538
-0.174495616884328
1.62350362967594
0.116135912001504
-0.712307912032036
-0.121594611852017
-0.341879579902968
1.85145260019604
-0.227747580853854
-0.804627992044079
0.908160214095978
-0.668216748593422
-1.32336158590822
-0.358795500266422
0.172743776528999
-0.344402541374944
0.841252901585339
1.23284834635102
0.387973062280372
1.02227112972811
-0.248394505001803
1.69179503337059
-0.214399902687487
0.600975799481381
1.49579617494588
0.458396076995081
0.301811761158289
0.454251654774737
-0.375960897276245
