1.33986137517075
0.904970422607281
0.3816246288194
2.34855940760531
0.0592501752687858
0.758841927396971
0.283031587356499
1.61701473377547
0.393491483420931
0.0480725506840262
1.39989633911851
0.958419447234718
0.694070590323092
0.905261855640888
-0.314138545390312
1.16667662768564
0.916755863192038
2.14246167062873
0.935416323842655
0.681529421502124
0.530896494265459
0.547113986508592
0.36847353296424
1.05337479918854
0.698795522692777
1.13671749373974
1.46925396274564
0.462707606744981
0.578733182839278
1.81535220195574
0.821457816825471
2.08931050500802
0.70125980772089
0.517552541438641
0.907009335143035
-0.253389270519155
-1.19935950758112
-0.266423488226179
2.0788051505207
0.432789448248153
0.323558495627333
-0.0479850675330099
0.864999498019534
0.899585519811145
0.138423214367447
-0.408238060605474
1.09407278444601
1.07370413622805
1.36486986421327
0.164183644407221
-0.28414181876716
0.627419584636778
0.783894066036162
1.02775089030713
-0.67154886000656
-0.590946562454643
-2.00510925273556
-0.783311968765433
-0.572613469302679
0.720504234572492
0.0573818164223163
0.881003214506847
0.856062868337568
1.06194004437327
0.957676232573609
1.48216922825988
0.919833033695295
-0.266411205134429
0.234726048607082
0.541043433181213
0.129438045428656
0.0582636743309183
1.10682490714078
0.329509866991097
0.704288064048108
0.112205482201727
0.203724805048502
-0.938476224201533
0.0686438472987465
0.346588162360472
-0.687396002139194
-1.72954437432309
-0.115526643288518
0.276252903900662
0.733159993375485
-0.192899996151686
-0.623840042036404
-0.401899850286098
-0.340220990591234
-0.443570003657013
-0.528757957799668
0.100897179508376
0.0409483886433961
-0.491401681939954
-0.516984358272919
-0.527375538375764
-0.407647394716871
0.749599264430351
-0.356787566454102
0.630231092269696
-1.24605801406322
-1.27001155245629
-1.14061372601833
0.739763910184037
0.594086877352031
-0.221158319500183
-1.82182084213411
-0.269392631498681
0.610491581108145
0.347277695239913
0.0784177787469523
0.170223039863449
-0.964315546822081
0.956248629837544
-0.575556186922171
0.860655510117308
-0.246945303518638
-0.26771988674069
-0.461100437898459
-0.938916421011045
-0.692074343652229
-0.105491368241762
0.783264992940091
-1.74590718221131
0.676980539394916
-0.323404760060118
1.00592211059408
0.118435138188921
0.634796648319193
1.05498864851248
0.582998148201868
0.515057566453467
1.19694328514245
0.296442643330447
0.749897834646904
-0.119957340298429
-0.366724501153392
0.374567820163165
-1.70933200623424
0.814530438036709
-1.39529967092942
0.165603158855886
-0.588478900244322
-1.07779280059973
-0.414082675782428
0.150986916801266
0.0797378665276483
0.678427006338703
-0.540838084201104
-0.245799065147397
0.84876323667498
-0.598243977423734
-0.465937917006655
0.22659387684142
0.323634827389963
-0.690775206989882
-0.260416091016258
-0.864123215287826
-0.0821253677968158
0.440421335641714
-0.872987086522386
-0.845137211916149
0.181176638953798
-0.369827802204007
0.0375418004795418
-0.966877874314852
-0.374737324735344
0.236343929850675
-2.70020088842674
0.136173321022073
-0.337829798715867
-1.22641498039766
-6.64140202007033
-0.540152402623648
-0.194460735370992
-1.0053761733567
0.512856190931465
-0.414109628136907
0.338874336481375
-2.56686610675775
-0.23464668455259
-0.0136018139893947
-1.9211238786617
-1.96607118575288
0.401660800935214
0.32656658997335
0.473246637840978
0.502652600571146
-0.169653218178448
0.0766460550298354
-1.52691986225612
-0.273347780286378
-2.34682695606101
0.368300363343648
-0.10221382825357
-1.18213453171526
-2.12090218426232
-0.334371496952966
-0.451352063383426
-2.28709817316568
-0.259853292688871
-0.349174778662642
0.469896118601253
0.0688628042918043
-0.942348504551409
0.69930141380991
-1.8120617553325
-0.826776368327424
0.124938394919062
-0.763211504389436
-0.409433486525492
0.502303897846792
-0.317825880142339
