1.32626538878701
0.595829319512459
1.21180594022112
0.971834394599417
0.690292680673816
1.44389380973596
1.45601240834448
1.48177069847018
0.835931093140685
-3.65020097791811
1.14381153639935
0.315203988000983
1.14034283827264
1.17005483619565
0.827674540054255
1.23544636607484
1.00869319124836
1.28852121488325
1.09074132110468
1.00582142029245
0.572336298201766
0.679989705912684
1.03787775656619
0.895903356064992
1.0148253420736
1.25690077552777
1.20688450232763
0.780797956052691
0.91480484813116
1.09876765035602
1.34391660231683
1.11151255484674
1.30007871763024
1.1197019290615
1.16227741158582
0.790490682648092
1.31627747934995
0.448808096438731
0.807518167327438
0.0154082175933384
-0.915363746680376
-0.390165603955104
0.192892749733161
-0.559204022947425
-0.225082475572415
-2.2905221644149
1.0234951233118
0.783499758930946
0.0141550573461262
-0.130899277824741
-0.571875161519899
1.08604313126894
0.461021637243833
0.869938628766907
-0.467861262466349
0.394597887268026
0.0699379781624684
-0.0020881067339867
0.33237006574788
0.360606964156732
0.90256557149786
1.18633104364966
-0.288813537942166
-0.076834720964946
0.800856258207428
-0.172446401889629
1.60719924091333
0.631969226008621
-0.655589169651916
0.491199177972963
-1.18170388715087
0.298017586270166
0.381751104641045
-1.187687794669
0.136320902742495
-0.537227960327516
-0.583751167761214
-1.84990882287667
-1.712652147004
0.455773050025516
-1.49836619094018
-2.08434287374697
0.626629347656914
0.272459473996632
0.382728877943715
-0.0045199092084582
-1.17089766587346
0.213278789310339
-0.135915187598705
-0.0676096597169388
-0.134519944291404
-0.177268835553391
0.678059198513552
0.744855079393969
-0.0861939671221727
0.281132556681107
-0.0974921726832949
0.0561192923863491
-0.142335610904796
0.212480253430019
0.334252668722058
0.58784850024542
0.0536400987685492
-0.832563408217352
0.485118752489085
-0.873469778293587
0.545569686746524
0.592487607806566
0.588643662464708
1.03306246530477
0.757946553628425
0.557802814302047
-0.747860570277665
-0.0499760978995461
0.380949136875837
0.879485412344192
0.875005952635284
-0.557941826349961
-0.241190114123707
-0.79748925274528
-0.947261100715121
0.134899077876734
0.706033639350532
-0.0197987643996065
0.944622051623071
0.275198429191478
0.362101627735218
0.840630962760048
0.120125678257814
0.949688357412687
0.790648219791335
0.641550613057205
0.415218956321018
0.657482580359315
0.0811170150845333
0.308805882479503
-0.331668466879232
0.161280550834257
-0.237162382094706
-0.00195787688266166
-0.301857914586682
1.39552193239658
0.262776267119223
-1.14307316407203
0.595681683545712
0.97724617384012
0.141042441522571
0.324174498213787
-0.826287263838089
1.14880200265982
0.818791524509836
-0.301528298862426
0.624011444662174
0.242602060487491
0.57740301355524
0.136634466733426
-0.333187902991777
-0.412443776594265
0.0522929408521805
0.0894473322461617
0.352828867349696
-0.763839952635576
0.195403464792332
0.111254170881029
0.508568027459624
-0.943700169784793
0.445791622784005
-0.483410957997441
-0.498455294311439
-0.902953338563654
-0.892131869171801
-1.03520865566712
-1.03210712133646
0.383256767662003
-0.247263177996525
-0.62225509621374
0.0719595169873737
-2.20604118337448
-1.03374371690052
-0.820374111058311
-0.334850503981832
-1.46054235677716
-0.697606716758585
0.0880073009613611
0.240956519988633
-0.709001479484935
0.0761267694733913
1.08794896129312
-0.218700519785854
-0.770438320683081
-0.612533690372327
0.226949873794018
-0.375123764390547
-0.578620503386207
-0.0879709154605678
-0.340318623840157
-0.682172438607063
-1.24043533520103
-3.57723314400893
-0.619122978104139
-0.0778094571553719
-2.06034388951214
-3.04622267815991
-2.41411489614441
-1.42530594576896
-2.02236309639448
-3.45866447750518
-2.8343041882151
-2.01208318016346
-1.54468899829469
-1.21932414564351
-1.95161031132072
-1.44095706157561
