-0.0861469271135448
-0.329140519107493
-0.22476501540872
-0.960144816536671
-0.0126097694738829
0.322287438902026
0.415679388326681
0.502979188534897
-0.315650807472066
1.05500525776951
0.194955701617674
0.431743004853117
0.0328024359056318
-0.101499441887447
0.294411140500245
0.386353261309599
0.428032356623451
-0.752628607824552
0.281585504693268
-0.284088405561218
-1.67913397659323
-1.17621101812588
-0.963787299641112
0.359571562915369
0.18985140605425
0.318640768304971
0.408490994762629
-0.0678564383546146
0.362391558341095
0.493186762453767
0.247550069214362
0.219210081718796
-0.0180369536335432
-0.414491256903762
0.345952822573933
-0.454371379527436
-0.00203013386886296
-0.719973994498744
0.546706292204204
0.207566532438198
-0.8458831436947
-2.78717272600724
0.481714248707751
0.353111377886059
-0.197879789435919
-2.96072927158067
-0.247820681384514
-3.14439712075192
0.389771927599828
-0.45594551105245
-0.602579232922166
-1.20709687492155
-1.20299797615272
-2.02781688451626
-2.06748753056567
-2.01327239369807
0.131190804041503
-0.960379942040348
-0.0750113468474704
-0.789548231922889
0.0499625776068684
-0.194095058574026
0.908561789127943
0.67201333873645
0.566129164150372
0.170396530626211
-2.76592401384414
0.722453792672821
1.77163866495242
0.859824692374776
1.36143351466257
1.29942043726332
1.29753686376189
0.0919898819720281
1.00460479524216
0.0600981948617776
0.301959304674763
1.35595113814602
0.342580529784057
0.239469604635109
0.707783807089201
0.190191540562621
0.894568252740639
-0.2376556022393
0.478567221678501
0.8726915395802
0.608928371165005
0.140844064157034
0.364530463436196
-0.0994453302018709
-0.274499490958887
1.6221977185066
1.62168570743977
1.94964601436867
0.336756007658985
-0.180427525574508
-0.597284275763653
1.25046310660506
1.09193086284737
1.46198227766815
0.803200544125312
0.952762483244978
0.35392207325162
1.11603289256219
2.14028368097997
1.29615889417539
1.3015486475446
0.457854851384258
1.57232691200493
2.06296154813574
1.15401344286387
1.54346043083675
-0.755602707713292
0.831768224755408
1.89951476644831
1.31264736003954
1.26038299647778
0.54335591552031
0.31241479188684
-0.318546830511462
0.308641805404256
1.29088001962252
-0.757880199882013
-0.352757901754147
0.433572008860795
-0.0839365038688752
0.379679939994044
0.292612325440269
-0.218558559963236
-1.28342014437415
-0.209529186646552
0.462395125387991
-0.249939700022408
0.633327018907336
0.241197603524337
-0.952229719166185
-0.732385523494253
-0.785049105170066
1.46771152511807
0.556965190064818
-0.666580274370445
-0.830884033651105
1.07039823990596
0.423996031681678
0.329438833432797
0.910998004882573
1.74829137612689
1.71725163371781
1.03597107863875
0.0380462756770663
-0.586918049247491
0.507836495719725
-0.0605798068034833
0.984139444153915
0.815967953248013
-0.108290404545798
0.316297777982501
0.630410426456119
0.740377974622061
0.637714516596357
0.659290118697389
0.666107411980225
0.59795752533957
-0.490862352088058
-0.584595408305574
0.274457076499282
0.764732931338463
-0.321495085229733
-2.46536423224616
-0.600812906615584
-0.445734320603346
-1.05345915450349
-2.11448783061283
-0.34445770754735
-1.2829231553544
-0.761680698007785
-0.492898152899803
-0.86364702736516
-0.612282647009797
1.61285570325235
-0.986983136867962
-0.97547296846537
0.254268234823709
0.770587218703024
-1.01074026987424
0.113982604930573
-0.115188034410888
-1.39057352599403
-1.57187701273725
-0.868172045761359
-0.561806363267412
-0.255883678506707
-1.71150869175958
-0.64428531755225
-2.68492984651769
-1.98373640676851
-1.97633871774961
-0.940826709474673
-2.10423881289248
-1.64234134447529
-1.09037370958707
0.212437289009985
0.219236190671605
0.486125027207429
-0.898399365874882
-0.0237874607812202
-0.52933911486725
0.00706672670725615
0.125007775908601
0.454572803972884
-0.662083333997181
-0.740600820493691
-0.921754645020788
