0.599125630910496
0.656739056756227
0.435142201015569
0.479600246572097
0.749929767508945
0.435959423104779
0.436686993531628
0.563395186792528
0.846996179554917
-0.0879992223956476
0.58964146170807
1.06532553694184
0.24031873589697
0.364047370785611
0.468637488664329
0.668720563960105
0.62624219066047
0.866095414254415
0.768874376161816
0.355393553985946
-0.0207272745864759
0.106930828584023
0.744132131900554
-0.270699560186673
0.153168814668272
-0.2290921212892
-0.431504935978648
-0.016628977951174
-0.0392988754973362
-0.113134890809073
0.656374419328898
0.409693111271048
0.195426137071091
0.28908629844256
0.197638292494869
-0.314581905492001
0.0563791465005882
-0.431780059857878
0.375171801233981
0.664076039130481
0.333382063276592
1.06640915605975
1.00849243247726
-0.547961007741796
0.647618619937003
0.759189738481374
0.389051623037369
1.14299650586008
1.2207929955084
1.49976956277042
1.67755224109839
1.88569437023649
2.00607679440246
1.04356689165011
1.0318049733721
1.1645815924374
0.826179926321392
0.840333875380077
0.993830340326387
1.21836834484877
1.36166933842565
1.17832453794502
0.627293235042243
0.529102418761948
0.688110410515851
1.17687811769752
1.80254045251251
-0.025180724088276
0.0887791643295415
0.0597093832887868
-0.510648945271034
-0.680059107178685
0.501891782577144
1.48516612173145
1.08106757496618
1.0662007690598
0.638203117532028
-0.601142034656114
1.42231911336318
0.664734240667998
-0.753767468959852
-0.161118875125075
-0.108543111071566
0.400383076595207
0.14039719985904
-0.123154734848933
1.55873947142073
-0.220243878522111
-1.24149018486331
-0.84807852193891
-1.22941084338118
-0.200676680223125
-0.86343642597905
-0.20454465147689
1.01668083519154
0.658851065020154
-0.139888375079902
0.898954992454244
0.987749166770884
-0.621282546056725
0.776526086422399
-1.49974428808181
0.302443989564896
1.38433123292172
-1.41778606729447
-2.20535882318256
-1.30839143236678
0.212707888584578
0.324347984951124
0.54994170584367
0.350853038019882
-1.11068663398061
-1.17663219610374
-1.17346723325102
-0.909122974038462
0.0296416733509071
-0.848442060543196
-2.74024392775322
-0.65420175784755
-2.70906716614053
-3.46456375308405
-2.26612826099457
1.33871014584429
1.29465820451867
1.0792951061181
0.874451977273573
0.593804340856029
0.96688334486413
0.917077147417534
1.39466685359029
1.09512347581867
0.816946205783572
0.538939793974562
1.07079111120169
0.742005126973832
1.35392867121702
0.848673575870801
1.3132167428792
-0.0888518613366976
0.78935214637445
0.65764757426993
1.49706039667169
-0.226538304157068
-0.400485416618785
0.109845869892538
0.369906581167968
-0.544678131522449
-0.379243823991431
-0.463742752927976
0.565714849692616
0.481892551384502
-0.319660941474837
0.499035018327827
-0.137882182718703
0.828656607871442
0.00993486137163029
-0.752409405646962
-0.604593828516274
0.596229724415195
0.730510858503071
-0.204440482549382
-0.183132055604522
0.219528129704833
0.267242910650369
0.760352748369425
-0.325585525140738
0.514802470621028
0.809229609400817
-1.35593865969421
-0.330923972029175
-0.596115882450886
-1.77142695114929
-2.67014900965337
-0.0693208217642655
-0.0655907615263697
-1.0224955039973
-1.45408936620302
-1.69402429223287
-0.95189927703343
-0.243881269684592
-1.09628460802922
-0.837843609708461
-1.2143816008477
-0.191843889803986
-0.833088102187282
-0.965548534019191
-0.0537368681757359
-0.125564902166497
-0.951303604316085
-0.523270287335512
-1.11136533605821
0.500182746216022
-0.287160426413384
-1.53287942768979
-1.48129694165064
-1.64387875197958
-1.43661975325729
-0.647646491081711
-2.51712696251606
-1.04023162243305
-0.550717231038278
-1.68144423038677
-1.06492874384929
-1.35748280903434
-1.65028186086481
-0.722543511410242
-2.00657053326551
-1.12871250202976
-1.31910799316786
-1.45518364538586
-1.03699395644919
-1.46056121426678
-0.928864165758196
