1.59691116457169
2.23301171016595
1.19916923350952
-0.144317146805095
1.17171847775202
1.09073129040968
0.0355386461927413
0.937553811125873
1.89455428312353
1.20803593529048
0.555258349173519
0.209869133666771
1.09456870113678
1.15339699110252
1.59615597131088
0.239361030626104
0.886088382862672
-2.43520737968456
0.648834196562053
1.28618998458552
0.868326439936218
1.543932623857
1.6331955506699
0.30423472936229
1.10170701315125
0.342927032984783
0.0908443036489736
0.603871322482298
0.373785874333978
-0.180290640876135
1.82495800235348
1.1869593321093
0.42264004127719
1.36426785197282
0.688502192772415
0.672928892727813
0.899629177721356
1.65725722948662
1.22414113152691
1.37457105833113
-1.73705591960319
-1.1567103590861
0.381446277550462
0.643618943511703
-1.32782678195775
-1.36279140562185
-1.15879254142296
-0.852929466808912
0.0983536798791602
0.194342042379533
0.142126055800402
-0.0596797993746401
0.465819815371551
2.72085144486633
0.4448285576139
0.470975931576249
1.40208431732491
-0.171003895775817
0.0143330258779284
1.11042471785402
-1.38843214651091
-1.428640669694
0.752265864422767
-0.523513295781761
-1.14743366151632
-1.70631009544178
-0.221560591481129
0.114617824439113
-0.857303121416437
-0.889625311930968
-0.349174322934364
-0.588513337049618
-1.41298534926536
-0.426667785680404
-0.98502670335235
0.299255581242415
-0.995415131803195
0.149520638428135
0.756490967276588
-0.892157247376198
-1.33060896822234
-2.09374627897201
1.19773099151062
-0.702487222797125
-0.355380110404943
-0.136209946433241
1.31036498245343
0.0396373179506311
-1.69635568424077
-1.18879495614363
0.282250442449859
-2.18153344553751
-0.698225952626551
-1.20958946957476
0.10162898952987
0.972450439902145
0.14483790815517
-0.243677318272681
0.677494049412283
-1.00574472332082
-0.314134872596238
-1.48791952671284
-0.76164800078921
0.221003539793233
-1.00994355285991
-1.65141317022284
-0.234874158096212
-1.87280300396823
-0.203277108805802
-0.622818128191614
-1.15011565662814
-0.627066278834819
-0.134493610711967
-0.529170633218456
-1.1464396197375
0.927278980877406
-1.68861233023518
-1.4672135399999
-0.945928965835175
-1.31690194902955
-1.4252382198947
-0.215926388820732
-0.0250210091644341
1.09697209937907
-0.546523665895838
-0.726619491183851
-1.30083885442273
-0.426865046161083
-0.0323530756157717
-0.0910541683988317
-0.472058549305789
-0.497410056807564
-1.075669776074
-0.137020795716426
0.227214769296514
-0.332844919133252
-0.096213842705824
-0.518170928784736
-1.15483524322666
0.0403765476585136
-0.283874762599213
0.106025661808874
0.033224677170649
-2.40826894508803
-0.414928282385596
1.66288715078774
1.28730589097292
1.97672773610222
1.32899688395602
0.128929290903965
0.123146082996805
-0.508385887392402
1.25130788437441
-0.598979031689227
-0.309113778873769
-0.135587397481563
0.0292355211529742
-0.28516330928492
0.267063922557862
2.1541678656356
-0.312748839552716
-0.431604512808489
0.104030307440884
-0.925724690218271
-0.314312189431986
-0.130471905649837
1.01023810891847
0.317355738866868
0.41432779642851
-0.319075429310712
-0.698837339467313
-1.25072873104144
-0.926952241101781
0.937967332462589
-1.03368745974821
0.696490349859765
0.406067111457037
0.694316140866958
-0.868327858033708
-0.145893845607812
-0.185988492095445
2.11050892399906
-0.880323435705667
-0.139794886366039
-0.550534816525407
-0.918537020981024
1.12815936912382
0.660530673739856
0.929251912278704
0.291396120115759
0.686143213272759
0.526033260239834
-1.2362755038154
1.93865232533988
-0.654758172693837
1.51857971758339
0.557860090810664
1.92181911507452
-1.21265129050152
0.0873834433207751
-0.834276972580651
-0.214130652239395
0.765604016350282
0.748917347422914
-0.222767071020279
0.325642044899417
-0.444524877741293
-0.199219267570482
-1.81980909837748
0.966027989727317
-0.352713487614885
-0.0574710249322159
0.999053974434123
