1.37521263199378
1.37224242228286
1.30209697277693
1.27508606603321
1.2153514017237
1.44991949860749
1.43782564614116
1.42806774606085
1.28869495311622
0.0749770742865043
1.30576171115905
1.31654882526516
1.34815265526026
1.31523334361748
1.23059085550935
1.34545253385927
1.27964919261291
1.31285788042762
1.34838190986156
1.42258929506067
1.34240609658888
1.35355981914941
1.28662552554913
1.40378267852982
1.41334714660458
1.3988009273475
1.39347769939292
1.43017795105685
1.38576262757815
1.3805550485178
1.43284856084546
1.31735091995622
1.42270862069156
1.39501617256446
1.47758382113657
1.42492961869442
1.52492324506396
1.30614593310033
1.0819636452867
1.05440756931752
0.317235415992667
0.973983537367599
1.20993158960365
0.995621295990671
0.437988516557606
0.866118549676949
1.25174010592993
0.961462999482881
1.1635972088764
0.398054060318903
0.337511278481438
0.611941979374982
1.00423927169519
1.15451415588119
0.896824218741987
1.17494398300962
1.0416948465877
1.04723537453198
0.621943407889288
0.600860848753896
1.20125222949941
1.17782559907939
0.771904966261301
0.878313774008617
1.14734704598915
1.10932094753646
0.586046323759598
0.435430311829195
0.453058219170956
0.435879904216517
0.519126620559962
0.304296792901954
0.823156895501254
-0.155043973533752
0.358980136221318
-0.286961353792607
0.708700625860942
0.764173547690912
-0.4048276515304
-0.330928298788369
-0.434286021685862
-0.757717073150189
0.158633471313462
0.301241978796359
-0.114948967858476
0.220616968619533
-0.700860886864727
0.351083562229576
0.265625398778698
-0.096928032660294
0.230818931142935
0.441184961746882
0.494421877749407
0.388938915134966
0.607615104442401
0.78992921628149
-0.229418844767811
-0.19421079769362
0.710569707580691
0.481252391463963
0.603157286587549
0.115330151993747
0.46358936088026
-0.165320379463679
-0.43615313810209
0.459402571726094
-0.407725225196026
0.0141759807642445
0.348185208466435
0.444583917352753
0.134547009181249
0.138095904985038
0.204966351452692
-0.0244112274831155
-1.05939682957035
-0.944510460589357
-0.724347696652656
0.551410890433387
-0.0234322405242378
0.627909574323254
0.751920609221797
0.225777170694769
-1.12293186533809
-0.446035414170679
-0.89737601544545
-0.908210229530035
-0.499222587080546
-0.66494101196289
-0.9356775145124
-1.06974015530784
-0.909504997256292
-1.47382653217285
-1.22488838142394
-0.380077999806801
-1.09558646470733
-0.656173522544404
-0.626110264164274
-1.34181564685819
-1.70649746596971
-1.22069444228422
-0.48228590406679
-0.554247952993522
-0.663020673147064
-1.52550596807083
-0.626219200396462
-1.48609979987182
0.518590827510513
0.379347820141045
0.15683066212123
-1.40363957381896
-0.975393520627983
-1.55228875233762
0.117636408514343
-1.62955804811142
-1.28358652844504
-1.61576165937281
-1.58434212054675
-1.24327809838692
-0.997125982706916
0.395757059699133
-1.49146248901268
-1.11936363971629
-1.9169863555064
-1.70816373884373
-1.17807376486519
-0.732034403733627
-0.795739526651433
-1.00133008002388
-1.00388280211076
-1.57706557558412
-1.746100726072
-1.15762146545137
-1.32640936087219
-1.19261870651933
-1.77875698277317
-1.35102511294456
-0.899300939639882
-0.284179219499694
-1.37384892843487
-1.58159629858967
-1.18123501799598
-1.1490305558285
-1.92401096554526
-0.698520488888197
-0.571175174235834
-1.57352065290263
-0.656327276027057
-0.84192846891847
-1.22315055066042
-1.07618264015345
-0.937227138375104
-0.817089417068478
-1.16098407345488
-0.423679865084029
-0.343863569692154
-0.783123518787446
-1.12098631502658
-1.45665140209254
-1.03318947065926
-1.08993133181138
-1.45128921558016
-0.275793670543204
-0.344454518578035
-0.0858071936864931
-0.367550365763813
-0.570599538780534
-0.531055548003421
-0.536733403540616
-0.386471071913357
-0.041210697781558
-0.396031810274578
-0.43840560632713
-0.510606034619784
