0.697244907545694
0.198838593902236
-0.965022980321102
-0.54861314302866
-0.762388492727022
-0.956279870119957
-1.25756132609395
-1.14583793720846
-0.192715670298307
2.09910709204108
-0.412939485184671
-0.392250290858617
0.338512708993109
0.869033246095085
0.441295091208872
1.44881118681067
1.72009427581973
-2.19724272873248
1.21115454977748
0.673325231820977
0.626730810078821
0.907596951892865
1.61965534942954
0.244957777355516
0.94050121983352
-0.212606441946089
-0.0970439200801304
0.719043479217225
1.84035986049411
-0.364663917019442
-0.778409624435489
-0.26211945164296
-0.591903511427238
1.02953237954948
-1.16076786827677
0.777665513487194
0.879633394349519
1.26414280876026
0.484578282482394
0.225837101985764
-0.811818976970178
-1.19130481528833
-0.981448705479139
1.56986760411272
-0.279730264520894
-0.528155047095419
-0.00520661185951119
-1.91836449525434
-0.215709693725568
-0.0986489764114321
0.242892420380374
1.19519789713719
1.02789877230913
-0.633661762858028
0.281053130037085
0.650850163965369
1.94646824571134
1.38976945486045
-0.0406557141140411
-0.795133984716985
-1.19064455306432
-1.36730795291797
-1.35779460017046
-0.968969097626914
-1.88122241333274
-0.337395394351843
-1.60479673448678
-1.30482064852231
-1.08707236501988
-1.20298665155907
-0.0666690647607734
-0.761602164499026
-1.33894941209569
0.424464830430152
-0.357319604825333
-1.00576030916321
-0.620749603351644
-0.63480704739102
0.803473609569997
-0.871240906714519
-0.42591483891124
-1.0224778841568
-1.4069888189289
-0.716838576132707
0.0766811054320722
-1.24754945623532
-0.121265636869412
2.51535662014255
-0.1231342893759
-1.50393881025319
2.31732790459248
0.735915388484056
-0.400595837599011
-0.294365642627879
1.73935660623887
0.839509866053998
0.740826435588948
1.52160222439632
1.09714107077322
0.953320313943629
0.581119837187605
-0.126643731048706
0.810511621936558
1.54950676412694
-0.768152106992865
0.907983331818005
-0.522288200631425
0.699245411040907
0.810120803408303
0.493853143243568
-1.22090404789139
-1.3415334439802
0.211585122192661
-1.94838491436919
-0.10332533469355
-0.761568088793585
-0.474960305881309
-0.484990818862614
-1.05109008963341
-0.837006188966165
-0.473673735222574
-1.07644420196656
-0.251561483391339
1.0037719765448
-1.29020416372162
-1.40302133540568
-0.775754962144267
0.311798268416835
-0.472775810590296
0.56037960477057
-0.197169686449507
-0.644824092646011
-2.09886630882437
-1.18643375648427
0.664264783375813
-0.926572085418836
0.777872284386265
-1.62628047773884
-1.35772542452599
-1.7960120655303
0.302409731166278
-0.39663553300371
0.353298178997389
-1.04151723922386
-0.345990180919876
-0.159235124696188
0.0823626048752031
1.50178882373752
0.511814222807106
0.962724014473009
0.98444123948757
1.27546159880371
0.150550492663209
-0.927985165640861
-0.578235557931707
0.525813582800807
-1.09255844232972
1.08044976132293
0.720985843866291
1.62978596773459
-0.138953891570914
-0.331960095544966
-0.816218805648742
0.442898616092949
-0.784306302707888
-0.361058107383671
-0.728556245468383
-0.273353973940463
-0.089708477981948
0.0894460842981227
0.0974022831017972
-0.593579139082725
-0.540828789005654
-1.4321109512455
0.531745062446739
-1.11739781886949
-0.191551844805488
-0.240903829685185
0.0636442989125511
1.66532267332785
-0.13679835503995
0.583805737861835
0.159451071818084
-0.579818554063047
0.481355573059185
0.586490683912308
0.688928528082648
1.44737619477423
0.351631865860657
-0.572898447773308
0.300602052846315
0.983035191295621
-0.552877691820423
1.62507244554109
-0.177695968974071
0.163808140970311
-0.497792196611318
-0.618305886613294
0.44790306239833
-1.70436485545802
0.498482416448391
0.667853678122989
0.574595540113591
0.575794371446702
1.24492713075441
2.80616919978998
1.26633466310378
0.545577322894154
1.59246526412468
0.255903124006852
0.508768179729405
3.23452073328585
-0.00908732521266275
