1.49144631927211
1.51044432386432
1.0170640888121
0.995043821810657
0.823455878461948
1.27996803944027
1.37284889189847
1.51505597766939
0.164916701382034
-0.573006652172743
0.734643442523058
0.856483938950476
0.750179092782135
0.523567062076886
0.872114297916784
0.309692600151805
-0.190356941362325
2.48245171579737
1.30737709553613
0.825106058930697
-0.51192725363128
0.862912764562883
0.757873502701674
0.674747580652424
0.941438001193584
0.61809896719114
0.665012099253635
0.765454128876712
0.797187826927053
1.10071875064619
0.526713164643884
1.33014971629116
0.557554873679341
1.04345382094738
0.274150330063097
0.154646149908342
-0.131728503080092
0.829475478325221
-1.22319148456586
-1.16533913535924
0.898463749763873
0.260673329483216
0.553147724521441
-1.27045885880057
0.76866630814156
-0.290755771636434
0.0250777626989325
-0.39017381306027
0.179237884030262
0.472302284045685
0.0128696625151315
0.129591059385778
0.559534900857844
0.851573071524038
0.448859889331633
1.0660644777459
0.257580924120831
0.379566587071702
0.364071429865366
1.13680814026143
0.669072860935826
0.561129972250684
0.909244154888237
0.979872945576698
0.514142568694573
1.11430948197512
0.810683351154847
0.336166079729554
0.33206809348651
0.857478958735158
-0.104456052251513
-0.294010864478944
0.369565108505706
-1.0962673986562
-0.506168084548697
-0.452229003485303
0.36853858206405
-1.31745470801212
-0.11965554723435
-0.478366595492418
-0.494126525456179
-1.04506948026639
0.0787974192646344
0.314699447135421
-0.0125992489810791
0.011122352715772
-0.536603659187977
-2.29122751571586
-0.175387167728169
0.0851345349085001
-0.605659555087279
0.350856324495594
0.469306307076132
0.465777625871128
-0.497860721705644
1.53990984839103
1.05898606645483
0.639888556453168
0.632856860451334
0.570317760444029
0.738332917242245
0.374460516605602
0.667193698844144
-0.409034451551536
0.177338147740291
0.353012658697112
0.203065267237772
0.497610450894503
-0.0312707370466225
-0.0886674099689625
0.206382378655019
0.441256658774269
-1.14780918355547
0.446941510692683
0.252335548911903
0.398208166380749
0.314210117582271
-0.214992719598764
0.139467985353298
0.238214707523284
0.462594381148301
0.0324787214527563
0.735545028163028
-0.63205229539038
0.643009466887685
0.0862428339584777
-0.349941628808459
0.20927429155689
0.642113919547958
0.647657049578551
0.270893494871445
0.40254180762038
1.18043733113698
-0.574512010867106
0.503074376504791
-0.268382645422516
0.0635911764265041
0.111909230259234
-1.34858416098063
0.453955504169795
-1.74882639063225
0.288103043342614
0.421896245790484
-0.195444921209092
-0.271932541912915
0.622879602171284
0.482784207626446
0.409378931530521
-0.0255901598899967
0.315851483544069
0.70901144785301
0.0458107549580753
0.986367332239699
0.456538654725063
0.288103043342614
0.118173244841479
-0.522522284610916
-0.279339125497892
0.383101007994595
0.439654787362322
0.272314721865548
0.2172559212634
0.25641058330019
0.343972646094281
-0.0890547034243804
-1.14258509339478
0.0623746745615782
0.155157059718864
-4.46106404704195
-0.105746819988239
-0.3476941184743
-1.06482175733389
-7.11078098497035
0.0894315381225956
-0.563046601032089
-0.612022078155648
-0.00853170707879519
-1.03318675192483
-0.504473599751718
-1.87333289184166
-0.599732410624808
-0.158737160637488
-2.9413131747951
-0.382618296152418
-0.0868547118633786
-0.721226210052705
0.112109309660873
-0.000478777104999051
-0.379569936390908
-1.57610119066876
-2.35085813605005
-0.262289213476375
0.740049661315017
-0.17495468617777
-1.7288015453807
-1.30109572566704
-1.16270198405681
0.0345224576207995
-1.32681772526422
-1.71866550340163
-0.691807603284463
-0.677433320594614
-0.48339698310511
-0.765713191592272
-1.1193420797557
-0.298125680956882
-1.57136620434686
-1.58603805196358
-2.19071861473557
-1.10997889462945
-1.33761088983137
-1.05996535470254
-0.716425034849889
