0.878959078448227
0.455443372049616
1.10620553792839
1.15478934520372
1.04556248786205
0.246265742256797
-0.0391242301473926
-0.135890259219137
0.383697724461265
0.627362469253102
0.911818996422482
0.755649637782681
0.145233924193664
0.253368536884815
0.319258554892832
0.565466218687526
0.516474519837043
0.680592463767695
0.741346926953278
0.704124324388527
-1.074647675991
-0.11753927075269
0.295297383818439
0.434079857628174
-0.379304251925871
2.17312835291529
2.86670411830014
0.748726417058181
0.33950486602742
0.160898198670398
0.512082129693841
0.457484729947043
0.432619856930495
-0.0356059554643309
0.0442421737401204
0.052196556388945
0.0330269884940723
-0.426265540803397
2.30919434733275
2.03673183525111
0.394427581228047
1.65857826257565
0.480100801033734
2.89308753991454
-0.147392658076265
1.32241036753581
1.19239216611455
1.04034151583095
0.539228561464351
0.286961147324725
0.979023593448508
1.42783553378662
1.31950017636439
0.122639481442191
0.0435439463399399
0.616058558039191
-0.523912098981774
-0.179977414416125
0.925904562501611
0.38957813289506
1.20274445922798
1.90335665432312
0.173512432263958
0.515313577463462
1.17392283945631
1.45158138638629
2.56628560515828
1.55700864779927
0.0433617545128895
0.986640283009296
0.017112265412312
1.10396248750356
1.54912884323731
-0.123393918596881
-0.174676413280649
0.781303693444774
1.44958325269455
0.100270801833386
0.486778212169778
-0.151605357856492
0.0289597225873097
-0.0526800219776694
1.22855302880862
-0.37124114171471
0.32677159577428
0.441846146281508
0.381694237269517
-0.264034922806233
0.426979383059966
0.302939353800657
-0.844852167236999
-0.211924089850948
0.508533885948654
0.590918147247328
-1.33211578863893
-0.0615534973556117
-0.269842104848432
-0.288906897221403
0.0218731152349045
1.63188204438379
-0.013544586486315
-0.567518353001867
-0.343156254033057
-0.00345331038870813
0.665721051525736
-0.540742773520381
-1.07807583571715
0.565120046652854
-0.361608804685361
0.24898781511003
-0.161311388582065
0.0425416578999547
-1.3899504809747
-0.0696622296500802
0.0784678070289784
-0.264131351484202
-0.424614232900094
0.32832202332834
0.361938462444063
-1.00928955984365
-0.406028633632486
1.80582361250201
0.807055123587208
-1.06294142263136
0.639748865183894
-0.48749339274206
0.266552688616403
0.187240654994212
-1.26409767360693
1.254685826434
0.73170574577522
0.0843519034710954
0.102445133993251
0.408649540254066
-0.6781258857811
0.474119332322042
-1.83254386570552
0.446449274275565
-1.60098086772957
-1.13462273238947
-1.65410929494676
0.654346758962323
-0.0908361824885929
-1.32021287367722
0.334913306048805
0.249690183715818
0.0297045615648656
0.439382442685971
-0.379638872324605
-0.254166906678822
-0.258679378079368
-0.189830008732362
1.09918441196915
-1.08501949301052
-0.688986270024441
-0.405401595732093
-0.452563878127582
-0.0107240496278612
-0.138817756055312
0.980950171974185
-0.80699356163534
-1.04781183265437
2.43638186264452
-0.799802203558599
-1.68536657433754
-0.671550509851372
0.274453334023874
-0.33680106458934
-2.03350874743056
-1.11900828995098
-1.31287598762358
-1.84691485392543
-3.41530728354426
-0.759135345314167
-1.59600400661446
-0.577816359676299
-3.14161505498783
-0.77442151376014
-1.19287460439188
-0.284950531244962
-1.59742489917754
-0.816720347501967
-1.17674135259613
-0.551282159272112
-1.19153301096424
-0.924903558433467
0.40000782275644
0.00669414788682659
-0.596540875665805
-1.4837123605714
-1.61031399649273
-0.484908944729015
-0.320670400046787
-0.472857383057656
-1.39955418799295
-1.57757754333547
-0.728396805827702
-0.816273304513347
-1.28579760402118
-2.6848754477897
0.224162766199535
-0.749152224081126
-0.376282679988238
-0.460254348772326
-1.24889933192259
-0.470917786868553
-1.43144645832282
-0.921878120410887
1.13076326765539
-0.56727491777405
-1.35936029341502
-0.33253520826693
-0.862319312032175
