1.11530636693745
0.785982722461275
0.512292530209839
1.35970248208645
0.711182544022265
1.36948829823632
2.013642915478
2.46842536684236
0.933638894571861
0.847171707237351
0.728193550414948
0.419533439343299
0.34892537419712
0.912596409281113
0.931618933248564
2.00492320430281
1.01762926052166
2.70279482067701
1.60361384340698
0.483415274767102
0.248020888184657
0.909328386141561
1.25617052916446
0.749159380204573
-0.579294940756295
0.571120304641667
1.28034232797584
-0.258615003752975
0.0278437379555075
1.60279090122962
1.12757237350546
1.71632858565773
0.291109888762045
-0.0751518743899303
0.0881568652120837
-0.0853594467922225
-0.438024070071058
1.05086679334073
1.87578467056375
0.139272739362067
0.0411881447909967
0.313614969115574
0.192603749250529
1.54595395789749
0.192970551591574
-0.625402442441027
0.0874915632436474
-1.01062758455842
0.359625855088918
0.0778607193734038
-0.0360651226039629
0.352268347826121
0.530631523203108
0.120697823582223
0.462604080808743
0.535444270627135
1.75157714029427
1.0403471399682
-0.0894167091687709
0.275702028010576
0.0637446116718163
-0.194635237565823
0.75108094312278
0.505616162665467
-0.64795455934834
0.00863706567641332
0.358947974578048
0.260552216714121
-0.0240613569875408
-0.114726003281945
0.296913059233789
0.204677209561013
-0.155109348981144
0.640119744134727
-0.0126296281151081
-0.65233909065825
0.260003439925423
-0.983125325770749
-0.222978377961682
-0.862373920239478
-0.0353553023408206
0.345807868968232
0.109605910904406
-0.666416607989002
0.115223602746539
-0.0539944396876012
-0.891607055360678
1.29661850592551
-0.09574995288782
-0.576465339785162
-0.0330416069335652
-1.10521970140261
0.452568892608546
0.445294227944736
-0.273935660851947
-0.0358170000533175
-0.0909625791720871
2.2222318217259
-0.225268088056704
1.51389435194548
-0.10786426659934
-0.989921179430382
-0.0318032808462621
1.63298561959446
2.28158790497642
-0.970786940261321
-3.54560177186441
0.209046474226588
0.994782053921177
0.397487778353134
0.315220958786515
0.0453404352521739
-0.0602877431405597
0.9927454749626
0.995420296684023
2.31522075805056
-0.723235839594143
-0.861321805208327
-0.172295669940839
-0.410532193956031
-1.43911417524322
0.805164678899602
-0.310124750837369
1.53680835235061
0.246541536139815
-0.831060231521866
-0.252945743697611
0.0162168847054856
0.577961332533961
0.246844629412197
-0.10342483700844
1.16406571927764
0.929127329424263
0.0829898377669588
1.72932280908588
-0.346381079345425
-0.414142466450589
-0.00238307754748605
-1.47090710449201
0.359581043980131
1.22625917546538
0.100529147966144
-0.644556591599111
-0.071651431178875
-1.24111855140697
-0.111295634156667
-0.593229301646518
0.194907320584796
-0.742025712770308
0.975652380649505
1.24286749762916
-0.896817136462943
0.466177588929186
-0.109518289033571
0.128092594402014
-1.65887591370551
-1.41672103363356
-0.741237431694717
0.0114426905048084
1.046737780148
-1.0040324617094
-0.569204534381877
-0.125242066025686
0.416377092640842
-2.05742338401437
-0.0978491034787907
-0.606336496046575
-1.41544202606586
-0.575760881769721
-0.469643432825578
-0.0941433515805343
-0.859113189777128
-2.51754536974579
-1.30653679521436
0.621817766150476
-2.06856528735264
-2.07111001091691
-0.63206098260939
-1.37845430254149
-0.298691788310863
-0.855741492941183
-1.45736805775451
-0.894480568255051
-0.94364953400836
-1.53349688166392
-1.93700209477721
-0.573320164154202
-0.208354264564253
-1.55778726475806
-0.58552752412114
-2.23697118936094
-0.279800897079761
-0.18221192126985
-0.643096756110782
1.49090909932352
-0.925334224421292
-1.09754413165123
-1.09577722442783
-0.751992089719459
-2.20380546900449
-1.18378666263683
-1.11464848970819
-1.16442158481019
-0.118572764685929
0.739513238780507
0.577381772834409
-0.489551586716007
-1.35462410996583
-0.817524409452228
-0.669190826968646
-0.610682178699178
-1.31576380088508
-1.677104648085
