1.29810387032123
1.08827236470009
1.22137858399413
1.26463815500074
1.1746985013131
1.27353914394508
1.27803585620379
1.32246942466583
0.993921756747615
-0.0589356407182973
1.28800187300603
1.01280857649971
1.23731695926521
1.16644114953465
1.08552714277528
1.16363598064478
1.1381725264305
1.29966554801538
1.19238820340308
1.21111032222659
1.01344944623605
1.05569320633236
0.999587074520988
1.16644694986026
1.26673531502939
1.17344284114847
1.20375865079978
1.17540633274592
1.21646985902808
1.24266856190088
1.29599926331348
1.3196555878248
1.19287519735012
1.22429234740061
1.29867948543807
1.09972743528368
1.18992725986311
1.00821132995742
1.16248976883519
1.01642854728559
-0.102452197407792
0.78523730683707
1.03242380309893
0.906637909131486
0.154395461419783
0.478777895139416
1.09842559157294
0.838187753481334
0.883240321620625
1.1509138429397
1.08016028244111
1.33335911800951
1.12449125692087
0.980261508037414
0.216320665487717
1.00226715244008
0.880273416337637
0.744682361724399
0.905805868229426
1.08310687088306
1.29463862857136
1.29952180273334
1.0252777279141
1.03298770300305
1.07537237326326
0.970822768080897
1.41896804656638
0.406427503318804
0.647016411715341
0.466339288134929
0.815892132322834
0.230413685662792
0.744110124755969
0.819342218633743
0.478310360302632
0.148637057064101
0.670856529047156
0.560667964905213
-0.535122118882657
0.163000478735515
-0.799699719058707
-0.992208077861979
0.0536840372957712
-0.400776662365203
-0.358406116207092
0.032229061722964
-0.824094832592114
0.529176612037949
0.392180239102907
0.508984150650816
0.749785034716823
0.728761765030181
0.323249743445362
-0.0406427193537763
1.01807787905146
1.32562195220481
0.462290425122847
-0.867887432656921
0.901591750079164
0.511884226178737
0.970142460485528
-0.0393366087742332
0.54368673986391
-1.50050342772198
-0.0630087163903326
0.651164130325849
-0.597344123116171
0.316623804574408
0.529228630291088
0.14948175953133
0.66625112961729
0.159415635235517
0.505268423374645
0.53465608373599
-0.752973037900834
-0.61373303271915
-0.356857853259501
0.881893413173775
0.37964215478588
0.736454338919157
0.928880818480909
0.551807958788386
-0.226444799341637
-1.02609792702562
-0.836884072587733
-0.633693561896046
-0.297193577244139
0.243117225308857
-0.632965625128439
-0.217291748385179
0.0380255115418555
-0.533064797827943
-0.522803248007452
-0.0874550142358145
-0.52173657277641
-0.63630423195082
-0.5835154190866
-0.538680559221728
-0.845252180208054
-0.625655865098968
-0.564847302292412
-0.252293283723198
-0.6785668203263
-1.13500989385518
-0.696857216444918
-0.578801829072181
-0.431921123014565
-0.11140373774813
-0.812158196714237
-0.562285963015446
-0.902141231601971
-1.11017633979658
-0.536268289204316
-0.92763439195084
-0.678488113341096
-0.777019586347665
-1.34477017872365
-0.827243832966034
-0.702748094742737
0.042849257065913
-0.945901239251343
-0.987855748997781
-0.921968252907639
-0.914484957169281
-1.19585487267963
-1.09736275630343
-0.516549042777453
-1.11908914337086
-0.985183433122711
-1.24982171761879
-0.962880444591809
-1.15158416434609
-1.53188053458879
-0.846375242430372
-0.780356777100746
-0.895164703084735
-0.384080258741316
-0.783662606772435
-0.963468983358394
-1.15966325377555
-0.611270486234424
-1.36839421128361
-0.470031229274429
-0.799277616294234
-0.582067789800983
-0.36974941922818
-1.19800704608053
-0.104215439327484
-0.780218531414929
-1.75834077154707
-1.06306599926774
-1.34575065281001
-1.06519114211591
-0.855101749308616
-0.736421213369729
-0.300416465589632
-1.15036070540706
-1.42717117931225
-2.04828790917994
-0.97372935997413
-0.0959940300704687
-1.93524706497993
-2.41894118677289
-2.56136633714106
-2.07211328686928
-1.59396889741542
-2.59192852626001
-1.70868543502001
-1.81827612301184
-2.41433966034537
-0.96944589266668
-1.85559938674118
-1.60992812207621
