-0.552205617295873
-0.498767409950922
-0.404202761080072
-1.17311038679626
-0.582030502419566
-0.504161579701342
-0.383552916249538
-0.518190781539059
-0.681691143669565
-0.842315064355505
-0.513381524714583
-0.609288122731329
-0.425478052769178
-0.61543430608115
-0.646785057957219
-0.560011431178186
-0.566187955667268
-0.372264790057159
-0.689387074143625
-0.871600770317815
-0.60958407001145
-0.741277900157606
-0.210614724540484
-0.919083001279586
-0.662859080166436
-0.40946063986568
-0.749247124202911
-1.4321739383655
-0.369999534102607
-0.755778523242767
-0.511363623903957
-1.24906349372409
-0.41847798819335
-0.489467870077478
-0.81959501424392
-1.0141900486037
-1.89233030073172
-1.23771709884267
0.162348125495273
-0.739365520737499
0.435667981785427
1.05024092187348
-0.527072276878412
-1.04818442164214
-0.0456591565998723
0.564235473750773
-0.462971946576966
-0.0438261537552543
0.0571512255576632
-0.468541109996167
-0.924544713935254
-0.00197930815355883
0.0911310180284115
-0.621363780280741
-1.1285712559528
-1.47299211535472
-0.757511617348661
-1.30433413656542
-0.83621962049975
-0.123851593291089
1.1405180706278
1.32960107797642
-1.14077615133328
-0.651444210807715
0.0366006157484968
0.789633751862519
0.887320845063227
0.381757787948316
0.820207435582745
0.706514752238079
-0.928936138027939
0.806480924014386
1.30985358982374
-0.358805145916788
1.00979894806278
1.95075230500745
0.975746269027053
0.129168979412979
-0.154863254656586
1.9502177954567
-1.27828938020073
-2.25171261316684
1.30714479179232
1.1163244634409
1.01654459407066
1.21738489646195
-0.0275106353080908
-1.74713000537288
-1.81419590121777
-0.549221771155872
-1.25795255746087
-1.57364786578154
-1.85564145349148
-0.186929477827947
-1.40931220909414
-0.0922827902916286
0.0389592939144446
0.483978843364496
-0.592573932440902
-1.02757196263057
-1.04048338813139
-0.845342189504158
-0.733784124356134
0.036838988077073
0.0218120076679718
-1.839016513481
-0.943402231452449
0.779512891567708
0.693387916049375
0.642713422929196
-0.0331218257415379
-2.48272232227077
-1.02007187357978
-2.62404957860157
0.0741977007958794
-0.624178556674233
0.147163511415124
-2.75801961976469
-1.46563607591713
-2.03008411780868
-1.84355867634967
-0.69016189695174
1.64153638335866
1.69820971328277
1.13614793390523
1.13547353194309
1.54377319179843
0.901444865175848
1.35548504569407
2.19825070745312
1.7052576337582
1.02269244603116
2.22307736885071
1.31932367420252
2.2445419757676
1.93171937399552
1.69382744247147
1.63973730575927
0.428910168703911
1.17008304695438
1.63709383006793
1.73135374203649
-0.629157286292781
0.0192605046252339
0.535146011844511
2.07068550408964
-0.226617632528803
0.051182358555065
-0.53942454826415
0.477521814480998
0.412398564475568
0.308662346482747
-0.195051669230856
0.418239063619817
1.14067820553254
0.921813605031693
-0.136004428438848
0.329107096612987
-0.0819212464052894
-0.0451162299405773
0.599960241500786
0.499671254334062
0.544998646679991
1.19782713592077
1.20842193159333
-0.441717997994006
1.01528290855977
1.40547092307124
-0.36729084885387
0.699662713107396
0.636848451836624
0.0246665509202891
-0.576822128638071
1.34523519851258
0.720953169507669
1.03032823166688
0.734289039542274
-0.69486175357974
0.486495807103954
1.12101702740909
0.848521510647895
0.924564129253178
0.565378637056201
0.768996878341033
0.997207043414693
0.866003380483658
1.02350170151478
0.963202986339419
0.990327999358274
0.684038911829973
0.492515884437618
0.606142813208869
0.461505096519479
-0.110242017643761
0.168314933134174
0.449540872655736
0.204235884613404
0.831247009596852
-0.383663485910509
0.575114631560983
0.416974340513316
-0.300205582074769
-0.621540017603755
-0.704943722114871
-0.347604135559269
-0.221955000574308
-0.61274933368241
-0.097412141663321
-0.100646571931806
-0.548886247984355
-0.815440179868643
-0.703744873263023
-0.927240070888497
