-0.392248775343692
-0.514395340100072
-0.569242168727665
0.483767025876278
-0.508760320100724
-1.03048981174606
-0.898186685450338
-0.291077315196082
0.720015993856561
1.72165389772228
-0.147656427077103
0.22044079666456
-0.700236554340593
-0.261725942945005
0.307227801815076
0.323230695632755
0.649448357347937
0.777585448163746
0.109346639394663
-0.960361200031203
-0.968171782425005
-0.813591355227354
-0.155048541214861
-0.987332528766532
-1.07851526835246
-0.971826747394284
-0.796978274172751
-1.12175507341142
-0.919085362272536
-0.389415097279121
-0.0308808948398606
0.114867938406425
-0.909833310052928
-0.883260454007011
-0.547682097452851
-0.954049239577981
-0.259362465653525
-0.583397730153791
1.5637895583934
0.148609515954045
0.453939295216649
1.20635757012288
0.619287053479971
-0.300912421773003
0.679859056360122
0.491729113316719
0.165908494125588
1.4266082661209
0.608618983069097
0.427380625172221
1.55802385830694
1.186385793194
0.587248807965476
1.20158881996569
1.24091462742692
0.952483460726854
-0.0838492136488135
0.512519763522946
-0.29934758859679
0.711107832321922
1.10155034943559
1.38476887289399
0.593703420760566
0.252767584938207
0.904606821917435
1.14795679389944
1.78348011463471
1.1053859669601
1.33622219461001
1.22026549746215
1.74864135347615
1.45887574612343
1.15499801710743
1.77770320838038
1.16388643994474
0.472061045082865
1.03851920705568
0.60376147431379
1.25011312042139
0.605335762374694
1.0517152023449
-0.40742883074824
0.853944156188459
0.519901186986301
0.906486528929286
0.970035772591675
0.770811173911474
-0.0824695733750312
0.0423545865454572
0.162179610105222
-0.417270981185259
0.98553036924724
0.938460530089974
1.34860656563307
0.875305568249529
0.647041610187676
-0.676489458707244
1.7563512539496
0.778183263511836
0.997211665463849
0.601403944591488
0.833890971153628
0.579740410192346
2.66332382778057
0.711045879745113
1.13255297607692
0.547937469398639
0.636392425994118
1.29703989613564
1.70290591381865
0.340177601344325
0.702396679344615
-0.251959473298259
0.777284993565622
0.937041418203628
0.946079949516419
0.335060671066423
0.89023588089873
0.825598973341871
0.936860399271821
1.24930476769227
1.07580541190064
-0.62509057525906
0.065851442409559
-0.472745583378142
-0.262948415693239
0.311199525870896
0.249910238392659
0.513942868509121
-0.0447306268699981
-0.209619270652611
-0.28716294144368
0.0757701277305527
0.112567607217902
0.589749183681316
0.443520311531537
-1.98939185027131
-0.631966905497673
-0.561120576251766
0.263993118585522
-0.992746341179923
-0.557806321834712
0.21897873785906
-1.04268959802127
-0.172196292571577
1.11005267463183
-1.01027439935978
-0.431676410265447
-0.732167959113645
-0.294802940922221
-0.16063710962803
-0.183982809286047
-0.699675732194383
-0.332985389997222
-0.023725285110658
-0.0643767677795577
-0.525458908666721
-0.224210896818009
0.0207460616956541
0.582826929336722
-0.570179181508893
-0.865293189704134
-0.654409691233758
0.283800613540045
-1.06627534261994
-0.290580251207995
0.430206693818375
-0.822125134773472
-0.486036921485158
-0.544822071170511
-0.238043248272943
0.611535895914186
-1.23909334397976
-0.627322578951689
0.676197633947637
-0.889756686680291
-0.0471225016607988
-0.767003259793443
-0.428564829661312
0.348695053354994
-0.381285710594984
-1.13573349501675
-0.136955846826207
-0.0490979197485684
-0.542770978835658
0.245778726067075
-0.551680012334384
-0.36893987811517
-0.619165621008195
-0.778625614227631
-1.14017629601638
-0.524053291945643
-0.584870472494537
-0.426794859507108
0.226442220014669
0.165035781005852
0.0509173178890362
-0.964392486002963
-1.17691793988275
-2.45316819882623
-0.873721049798309
-2.87398155330029
-2.32754640482644
-3.00385400237233
-2.30994872969407
-0.722529970383771
-2.56656879685561
-2.57420662589177
-2.1198625191615
-3.45410829367527
-1.76634939975846
-2.24077450467116
-2.29527343222014
