0.535862251082418
0.216547412060172
-0.601161174896157
0.624966616487421
-0.0483245158227766
0.620165209234715
0.760080245628904
0.741893251580678
0.519257523589477
0.790667868885913
-0.108886042802554
0.53785527440658
0.177134130162996
0.17103587983512
0.34577307633103
0.273398313620909
0.597375106013519
1.16298960647874
0.583319015124038
0.202854182081913
-0.011790234417818
0.175813177188746
0.54564471769954
0.248753009222791
0.39533635493247
-0.459532280788096
-0.481891449809687
0.510182798063137
0.018414813321143
0.102598468699954
0.700204863469058
0.212215728434787
0.198388546759644
0.131554436657364
0.637248172268407
0.0282606278162552
0.222506835867108
-0.0633106860878745
2.00102710802643
1.06396572469924
-2.64894785929087
-1.14134284999321
1.17716944165113
1.24889936397851
-1.08149274252786
-1.94389973441789
0.883248416634102
-0.354691760056759
1.3416332467068
0.620197599523558
0.593758179480557
1.00291608691143
2.03627389479451
0.748059128563813
-0.0716820418489035
0.387178547281228
0.106251624472381
0.0381889753272975
0.585087628018741
0.7101443764025
1.14268911044796
0.45201338512727
0.0227388368404318
0.460341726438036
0.799517602016596
0.718429598247272
0.522377908174846
0.388805367298143
-0.309563432069777
-0.030873407607534
-0.257998838477259
-0.386801263945303
-0.346183316172104
-2.88113213661018
-1.89763534022628
-2.77954559994679
-0.965723995044022
-1.24705385473229
-2.69130714266113
-1.49216599988089
0.423412189275714
-0.29302916812168
0.976721185637289
-0.0915076635237206
0.0363215998628681
-0.386067812358056
-2.82659275155001
0.742802274323994
-1.13044217583861
-0.631760490650111
-0.38333248219098
-0.241158231298544
-0.441563390915628
-0.439450180741582
0.360323601511483
0.715583591804079
-0.146655184752757
0.860110174752187
1.02649328808506
-0.508460228721501
0.230468600618146
-1.4401910527335
-0.599832136613475
1.45802950349412
0.128424042925617
-0.820173876127413
-0.848373140484029
-0.161374740478232
-1.07134369195245
-0.383770933748519
-0.378994039853974
-0.524688869941436
0.727820442015565
-0.630105957077344
-1.09017181312334
-0.846224266057225
-1.08398217035041
0.0947859829308348
-0.512404652685762
0.187815222476241
0.0992525464335306
-1.15123833081441
-1.26625225040327
-2.22909331323599
-0.286322579344871
-0.607584029577383
-0.690001847961784
-2.20524481249514
0.0826067189646443
-0.957167123419006
-1.36582925510683
-0.438957925357603
0.486304193893699
-0.172707568082693
-0.835957176453692
-0.570264165470966
-3.70537757781388
-0.725466495749213
0.411538585545761
0.619290487537241
-3.1157238152582
-0.577306447824857
0.199908293858887
-0.246645824283545
-0.381327057962755
1.17662645728385
0.540135564902215
-0.120119204603906
-0.356071509789224
0.652474510551613
-0.353979319799318
-0.375368195750381
0.759843453887614
-0.093125598073973
-0.0778330955942856
0.48990614812318
1.03122347115841
0.433512069830539
-0.540180617458355
-0.205176860857975
1.32032797332024
0.557358096774575
0.773151425761205
0.570888012661217
0.69641255555612
-0.0369617348107942
0.32927489340532
1.04595042236373
1.72495366276628
0.121353798271188
0.0929380359383722
-0.0105879357728598
0.449241797555829
0.627718397899976
1.34720838350167
1.4312515253524
1.15202682387734
0.399050260830248
0.639888055394211
-0.0688225941175999
0.435160797863709
0.916208340691908
0.694097659680786
1.31629020294103
-0.130626559160733
0.258274165121052
1.81138914799158
0.879127259865422
0.422166343952676
0.458684213979076
0.750292467480442
1.4439437657781
1.1066588021486
1.00579204323173
-0.540358120425947
0.571315463375328
0.496189985303672
1.04436251101584
-0.46742791378035
1.79861631024852
2.15230766343198
-1.75302780467191
-1.67254154446475
-1.54686561001162
-0.261120577535922
-0.437645793267031
-1.95744613853422
-2.6608642070192
-1.63001158862718
-1.02737033449116
0.974842406816641
0.386001855297333
0.874929138061645
