0.562513976134776
0.513798323500587
0.230449755912562
0.179081260617025
0.382181378841194
0.0119007657286037
0.135845841968536
0.283611289094099
-0.205623853614373
0.792707459710311
0.617688704751846
0.827389888750428
0.586845100734909
0.408744220576759
0.765941666942729
-0.0123495116178502
0.524341638492259
-0.10387178280171
0.417013583727839
-0.00875333797317994
-0.470781940215913
-0.716834441846092
-0.697459031869887
-0.243077597199664
0.542673219325692
-0.0444691108720624
-0.0438108490564542
-0.0755268469562854
0.132571507597583
0.310820744741615
-0.108244692863042
0.363329836956902
-0.530878893847358
-0.060003016139607
-1.13391090980004
-1.37411713893482
-1.28826202776037
-2.03361395924254
0.823588231957488
0.0427511633754818
0.795812263827281
0.262236889271297
0.86122225133658
0.227789108321647
0.422175746038576
0.502104602561812
-0.378804712569638
-0.768019150138914
0.726334790075403
0.445748151760562
0.848665142863495
1.37504686422487
3.10210374134924
-0.688764961156249
-0.628319540670825
0.00261926154144111
-1.28653419083734
-0.704653387304072
-0.300316589274525
0.220969952086245
0.399101367727075
0.519033202175819
1.25856380676169
0.341256178855652
-0.169275964856696
-0.183054670210626
-0.515622298347941
0.219392705239457
-0.334880349078285
-0.350173823509146
-1.49914199083167
-1.02936624823746
-0.259026675044967
1.82087417477692
1.4073618787486
0.00582109664959344
0.646961062242524
-0.983559311184125
1.74769123778062
-0.093586821798567
-1.47700766928576
-1.08475133280916
-0.350318770519259
1.01169356648089
-0.400361208986609
-0.443963491399783
1.45540171872209
1.77552988542762
-0.720646690653201
-0.132178813536553
0.428049859464086
0.446538599751085
0.329214893446131
-0.392354488568935
1.08558286133093
1.8141817565875
0.870066888509595
0.81957331210151
0.973919315610732
0.084742749379684
1.1753380314497
0.837783170838195
1.04437444912577
2.05684400964406
0.939127609895148
0.841797480117844
0.314583150657005
1.17904998881989
0.455422060344926
0.716407681414651
0.857031888311061
0.0898190578333518
0.249139187817651
0.0306019506255567
0.603087119776251
0.951006954942404
1.04708178924297
1.43798493002004
0.947550832656872
1.65088196296794
1.80224847654053
1.62125417002393
0.330170757038163
0.895758834973705
0.430409234727811
0.197001739556036
-0.0219475873935656
-0.242489934483206
1.6211917066181
0.315532256654891
-0.0374747566330417
0.705003769405119
1.15143638266198
0.769130919758567
0.850537207763484
0.229940422894452
0.263975440121779
0.299462532218106
-0.198003116544509
0.430526559039803
0.282561235353992
0.434344539574894
-0.324264738307058
-0.696339251149928
0.150282145848877
0.746998059023107
-1.52897029087367
-2.06135508882198
-1.26104619767092
-0.36543239810778
-0.0261840031046235
-0.142334464448005
0.318642609425722
0.219530476878068
0.161757281588018
-0.833363077163501
-0.408154446229063
-0.0781949255938361
-0.707833968539849
-0.085512816431619
-0.430684946143253
-0.66037700339292
-0.27213627002403
-0.220193832611997
-0.129897220090392
-0.955562016231884
0.675170348756554
0.106672561429891
-1.38712703273967
-0.298503818022168
-0.260523981642548
-0.323402900028736
-0.217859085926728
0.464703141802761
-0.675762721437057
-0.168594175450532
0.387796048430872
-1.51424806117095
-0.340134199986179
0.0907587564016391
0.16824558277322
-0.287826846151635
0.129242037290585
-0.0456333578189271
0.391234688199947
0.0410521460139139
0.424138490581259
0.793759387255358
0.0613956087419524
-0.00611098635414436
0.0266407397838569
0.171094470645137
-0.447101342704847
-0.575032747165359
0.464692750338507
0.0760614542315355
-0.328363834992062
-0.526241292316835
0.0892452347864432
-0.561014986749815
0.632993918623964
-3.35081286430734
-2.16739144140402
-2.76146425917289
-2.17482095418268
-1.86985985510264
-3.25291901169391
-3.26761490313137
-3.37501717642109
-3.15019932479451
-2.65003320946042
-1.54789860793525
-2.01114045106874
