0.786839362953917
0.165118325115433
1.65483391697323
1.89813517766901
1.31384976205404
1.43351953110259
1.0221349305378
1.25845459174208
1.39490362413754
1.17600712145546
1.56977732662599
0.940552199563355
1.78383131558999
1.7664303363152
1.66836105879381
0.964445866506735
1.26221363778332
1.95001899321834
0.730957688361597
1.6927263073437
1.5392993474928
1.6872926740607
0.654722593753194
1.56841432181133
2.02020748900035
1.70642664220845
1.68795599037494
1.4964853512054
1.45757565223716
1.51163139657624
1.78725092629111
1.60258574757253
1.79709907141608
1.88480197562868
1.83263369642053
1.3632493252185
1.55993322200221
0.897263106174714
1.33104834521745
1.0399571736134
0.409104036654805
0.23126087970926
1.48480183018142
0.989874769026999
1.00387048358165
0.825884519132529
1.32967764388609
1.20683582034608
0.7529603769915
0.334195220010242
-0.173204762543618
0.541556861896845
0.527449418199713
1.72640938463384
-0.289743211180623
0.334770403374039
0.364487397052015
0.590094917652564
0.124147110546576
0.867674009271947
1.13150843576889
1.21866924148688
1.19010570188077
1.31329574916503
1.1065887356567
1.20624119473673
1.01984426553274
0.909351683185131
1.07289418938623
0.554565159395015
0.652805831248868
0.764425751288731
1.01108769661161
-0.252110074967855
-0.771713769673068
-0.975674374896486
0.658745264633585
0.972912522658573
-0.682633070419737
-0.630693557349551
-0.399536672489075
-1.01868554812694
1.08219222526418
-1.27485243795067
-0.250258465459097
0.729251627406352
-0.250584097617048
-0.395702367975867
-0.653543777928894
-0.704161808356376
-0.522537443545407
-0.366884309364042
-0.593106272107595
-0.629047642409632
0.268554338590932
-0.174819818105151
-0.592738750085419
-0.20516369511766
-0.186522283770236
-0.175718390672695
-0.0467596934741817
-0.146455165112588
-0.109966875212177
-0.682012129922394
-0.320312330289314
-0.139453883727925
-0.463887863715342
-0.419280022502004
-0.547190396040492
-0.242340079571563
-0.768400756054736
-0.639350073593275
0.0921307412494653
-0.931483795530586
-1.28044923427688
-0.601043351533136
-0.536471645039638
-0.434765678152239
-0.827615542843424
0.677950663875694
0.774777212850728
-0.507070418149481
-0.825534601333062
0.266226369387651
-0.418794659609541
-0.757715544785856
-0.43040097930085
-0.517925400386248
-0.253572329341786
-0.173756680268008
-0.524377098208419
-0.627702948371204
-0.997533922436649
-0.979825958717843
0.295045165587734
-0.435299120084185
-0.959918164509884
-0.663965020225447
0.145310476190985
-0.678587100045139
-1.25157570094674
-0.396945508198793
-0.851899748075286
-2.4063203214265
-0.774212889826399
-0.298810605134911
0.542926024546394
0.782954511006464
0.00958146013058252
-0.602775518554091
-0.327553728310067
-1.03724036928661
-0.406355907827953
-0.640810532619749
-0.655322957338327
-1.16350933133981
-1.0461216378117
-0.577665846632793
-0.0264747239318336
0.821492270199152
-0.799605430634483
-0.584655463646372
-1.10427837046565
-1.45589166905955
-0.861354608006511
-0.779069600232828
-0.737909075680008
-0.857126241211757
-0.453673114338057
-1.06270462456496
-1.21691759020179
-0.794542481126645
-1.76287435444714
-0.920263077397698
-0.226696013932598
-1.07288630075769
-1.44576446618242
-1.12732694340651
-0.494525183729511
-0.58972707392843
-0.990834817608168
-1.18571201481663
-1.4433984377729
-0.292106780124411
-0.828800256978883
-0.505283788789884
-0.459438462946999
-0.541561643473922
-1.13635509874059
-0.16294591259149
-1.98260703110434
-0.186470257028791
-0.852626815717159
-0.60673338931317
-0.112565786352794
-0.599402019996113
-0.695965159871771
-0.800674709827165
-1.30450473671851
-1.84040863771916
0.138849833707122
-0.866410047409192
-1.4343746541803
-0.49728912993245
-1.35422217667958
-1.28236953806954
-1.5569134879409
-1.43864174336018
-1.23953797382739
-0.893794290369675
-0.565532903765588
-1.17898986205085
-1.20757090712705
