0.934470623987665
1.6848723906295
0.361865670938123
0.320049671354624
0.111779995234825
0.310605108594991
0.359130651838748
0.518306473065358
0.835113548262388
1.68925776438848
0.335235737570799
0.594924080426208
0.585045073121462
1.10300759289923
0.294474813540046
0.545801593557446
0.0716041672860752
0.865065232483585
0.701032259442862
1.2356270467569
1.94191780555715
2.53878030500544
3.18073287509853
0.0106887520428995
-0.319188093178111
0.39490789093877
-0.159707231431189
0.0976100268526546
1.42277215363827
0.0923358355831022
0.735320958541196
1.10222850484108
0.680199248868691
0.968393799847953
0.378245291523019
0.143521726501989
-0.759731580040211
0.0801656758383583
1.4328269801788
0.573064315887798
0.22170836991111
-0.0723973859347138
0.564059935773756
1.55959858288267
0.292715292706688
0.560706535903356
0.717702433086469
-0.222093152269775
0.333726798732604
0.84114002346507
0.435577114254507
0.422227868006536
0.90150583411635
0.499859678741649
1.25362216393023
2.35538111709227
2.59220555817129
2.68471181496112
2.73345614380964
1.91808391317148
0.252362434178436
1.24219252259197
0.245850365519333
0.971979115559129
-0.0221470379220751
1.32841871856436
-0.36528546841279
-0.603906817044284
0.0975296709532903
0.895787434828289
-0.252288556974362
-1.20213340781993
0.77749568459317
-0.311392335543292
0.445823626049728
-1.87214995156688
0.394289770327159
-0.0956185345058876
-0.299523907417112
-0.605006899404471
-0.885025463197598
-0.8196088700165
-0.826008009145917
-1.67348538850049
-0.300844334322059
-0.75242777240806
-0.925937858685277
0.902330410435381
-0.74894196031041
-0.632980304007159
-0.0826811008405925
-0.389980429743505
-0.752449907586973
-0.336842704705279
0.291937499699931
1.04781855306062
0.0548594601758331
0.0365491654778608
1.30879342760845
-0.0423822866049312
-0.345404727267656
-1.03905378823973
0.503289391570487
1.24227482858184
-0.995354988995555
0.688945450772398
-1.60012920385531
-0.698923700248331
0.170159363864586
-0.232250660823998
0.0771950964127049
-0.716992057224721
-0.349289563680824
0.563450593512515
-0.683940635278057
0.094326407368077
-1.32509265020363
1.46864279361221
1.7441124290672
0.465462158126829
0.530382361274824
-0.251321590812236
-1.37180460750335
0.671648464398277
-0.144808387030696
-0.253177742786397
-1.14204149801607
-0.83321647498326
2.4666716517889
-1.6354675121139
-1.11696836453131
-0.0280178363203731
-1.97301809501022
-1.27492064275698
-1.3098400945841
-1.90578988347231
-0.585776773303858
-1.5372989840302
-1.68290521607493
-1.02551845208797
0.771737146828132
0.941512879098761
-1.23546314742686
0.538826399907731
0.659195017851897
-1.23853015190506
-1.17241425738364
-0.549977467461748
-0.351312203029727
-0.360201432668463
-0.203717578914656
-0.480643074808283
0.484337327517842
-0.591383233978781
-0.352160131880569
0.653592081858991
0.679912364171468
-0.660230075221627
-0.172427960420283
1.7552934160851
-1.21173974201415
-0.698754280863517
-0.488405262811771
-1.60673549277317
-1.5349653197585
1.08791026394203
-0.805560357659715
-1.07324471574169
0.446105888609387
-1.44157072782035
0.0474215892095178
-1.45149505164841
0.13593923340649
-1.09484608037727
-1.19887360962388
-1.01531489974777
0.465008014719548
0.478542608204409
-1.54535744477553
-1.03248610855026
-0.655707191778148
-0.590930902243524
0.71883849938542
-1.65795781039209
-0.59548289411381
1.10290529254131
0.191135335888059
-0.705003866697883
-0.925739047789113
-1.63631811451506
0.469912774900821
-0.525134302012008
-1.96702602860887
0.24045971189929
-0.0882004615006911
-0.899818465074638
-0.566715525733523
-0.616449674879976
-0.0866919077345625
1.17683050772013
-1.49575293423172
-0.134615733722714
-0.592996080246099
-1.02530362285578
-0.0171584012598235
0.340298040314167
-0.767253535510459
0.38455148740031
-0.432689349722817
-1.30598537568105
-0.545504188537089
-0.675902889938194
-0.401176557455323
