0.863470436900579
0.793298271204907
0.878107656320623
1.40691239692043
1.26841876682341
0.202171944835411
0.566246856348525
0.972807878108831
1.50812860653589
-0.45801361175519
1.48783938403134
1.93963274919425
0.0804043507177843
0.265843123503923
0.352705951442578
1.28708689651686
1.05227700580136
1.37253400581545
1.53912176306016
-0.0232619997380614
-0.0445602317185326
-0.0903573627429141
0.00631446931947971
-0.323744925019171
-0.153911893046531
-0.143585290345965
0.000642766478590619
-0.3777109780824
-0.254063220945367
0.387233339970705
1.36357628201132
1.45324631390165
-0.351861973530434
0.0885897638348175
0.351617239739511
-0.294570260705142
0.25228776436498
-0.0607918483862736
0.465705610502252
0.604539768695716
0.730698615802131
1.45212757336061
1.89549727188318
-0.287857258148868
0.748140369836146
0.963394793684068
0.241626986036028
1.33037102252777
1.293006398638
-0.723254702833611
-0.73724721371546
-0.193993909506429
-0.203499524793057
0.773479775354218
0.751269283751894
0.263010927720839
0.646398803576309
0.210667159318948
-0.165673976892604
0.825385154007901
0.482857842033852
1.38792463973822
1.2020414407334
1.05220732049655
0.820328247968246
0.916773979122317
0.636762379026141
0.921611155339105
-0.201669001583066
0.691101509132879
0.472450623977048
0.480320660484707
1.47092651236919
1.24379271027719
0.704610709549467
0.646496375537808
1.31903416287009
-0.56384594440111
0.0614450762164419
0.796780385298411
-0.134701391561746
-1.03275850259146
1.1677384663368
1.10436987848307
0.855407726116988
0.1870836031452
-0.256066001747973
-2.178793894005
-1.25349208830097
-1.00827595163844
-0.609478040495374
-0.428096579844915
0.0575987012902525
0.53780090221441
-1.58553673409336
-1.06687821847208
-0.663610027769278
-0.0264877760627839
-1.4868103490682
0.0728940076227797
-1.13683212340902
-1.26076959777594
-1.13381519903244
-0.602512400960447
1.232931439048
-0.957742768413442
-0.968961840161038
-0.496902531995564
-0.437845800700249
0.478960171828702
-0.208824064311132
-0.560065788363064
0.881503833648575
-1.1689373808502
0.541163073383969
0.696810483151271
0.121981297729991
-1.19354559907813
-1.15185044699742
-0.599129127879556
-0.773357293404488
-0.3692274518203
0.753741878988362
1.07331741979
1.00022088508362
0.398133831217769
0.511059534063331
0.536914621983916
-0.248414155530569
1.1069029922309
0.853931880970736
0.995587948744588
0.41417912286096
0.827687302017472
-0.104494276862323
1.03176105570329
0.569798297291306
0.905064251568009
-0.821661576168739
1.18165199593562
1.00541530552528
2.03429228284198
-0.849648056889207
0.553274579410725
0.19184745765836
1.57634906040722
-0.480091793828685
-0.220395254145335
-0.613590844431193
0.345263462431982
0.746784855283638
-0.377074195719446
0.123048273712249
0.0779545695081671
0.667617295872422
0.200896175042963
-0.532864644404485
0.242936837967202
0.616959900372528
0.767364160714122
0.633677201140822
-0.122661836483729
0.734783671058535
0.177721459879508
0.960574054864933
-0.91333537632489
0.321359661960072
0.713801419516022
-2.38762790263663
-0.577720066001347
-0.132976811450801
-0.362960293513997
-0.201404733929371
-0.179055044957578
-0.579732480021988
-0.285660798343588
-0.126760303383316
-2.16057276343829
-0.652235486738549
-1.26219439484342
-0.474933229026576
-1.41113826609193
-1.15592729461808
0.314399952962188
-0.510719953392917
-0.54918193928556
-0.42785032912963
0.71161645781656
-0.488792830463311
-0.734775082530237
-0.412556012674554
-0.298300148360605
0.170369428204006
-0.703384125988009
-0.896643100098876
-0.508999422686499
-0.612746262859189
-1.2078371375088
-2.08125373687273
-0.418645054492558
0.183235761269395
-2.33391474095263
-1.78789765343333
-2.13056133503793
-2.41838730102456
-1.75139767919995
-2.59741486211421
-2.12470929755725
-0.989215729398606
-2.33203433245846
-3.05450621475088
-2.16684303480952
-3.23256182088206
