-0.121244366223581
-0.493293657370229
-0.151664725760505
0.316352533993151
0.30025357657845
-0.0719607899510574
-0.00658311281865549
0.161483250415024
0.364309410256571
-0.835400672200601
0.253691120012681
-0.708578440886786
-0.811646360944382
-0.601446860218462
-0.408646905488955
-0.242465041773347
-0.366795952011787
0.290560942525418
-0.0328614368203605
-0.074690645427712
0.14167863500392
-0.408529383989562
-0.750876435191005
-0.872970348998089
-0.551526842228422
-1.1007925485171
-1.35532931917919
-0.564155667081551
-0.990097104744629
-0.455940208264034
0.570333482834179
0.161573671827298
-0.222850945003761
0.331622155532132
-0.0385858126780454
-0.485377021333614
-0.212505216364685
-0.115989578873431
0.816782498610223
-1.00688186941947
-1.08058979532148
-1.31987846557978
-0.659719334467572
0.519919671448555
-1.38266916284569
-0.753364171169289
0.413780926707362
-0.651003588584719
-0.81904755856012
-0.417405533779117
-0.169042290970208
1.27652208583003
1.80473673495451
0.0967022507983514
-0.580702562742373
-0.927507298316945
-0.806108022474252
-1.11210215444409
-0.866173748931436
-0.435626130513094
0.345757132942583
0.520694139613667
0.848093916240248
0.233000866123834
0.306810190061766
0.214868242222751
-0.711646802208449
0.025183081106072
-0.19338031089228
-0.31646995752695
0.617078597534561
0.786121287754846
0.195555316372341
1.1766727209806
-0.460796676089219
-0.447552256469593
-0.636706734400096
-0.210368960557597
-0.21932868799202
-0.156570792761739
-0.678028789792002
-1.12697848701568
0.451380509356204
-0.677616453300134
-0.475095111419213
0.424836881335323
-0.164205550439079
1.9094793920297
1.8284450060508
1.57893447080854
2.13229546186532
2.16370541066219
2.03167450727994
1.90912058856493
2.30269518791232
2.31534393127056
0.741817648902113
0.22955280463961
1.87879222538513
2.23259720395947
2.18580585525758
1.64764863938921
2.03193218424515
-1.13086470364999
0.961354785160068
2.08918118034444
0.267964755209025
-0.0658469928646068
1.76534517350258
1.76055071561114
1.3870751887892
1.84522269273129
1.31540093035296
1.35660339240684
0.0753545813146766
0.0640833659254296
-0.188754273574043
2.14234495147215
1.07889353771055
2.03428261863467
2.30440802686863
1.56913370376445
-0.132584674139232
-1.99232317040089
-0.0469170699085453
-0.316734896640156
-0.183970061146335
-0.396575792553703
1.35889122973758
0.304726561299331
-0.222678701380913
-0.0728620223317244
1.40760878991925
-0.25343963433943
0.405646731865911
0.0137691423394739
-1.18416774618058
-0.674657009756896
-0.644339606657701
-0.594507994092007
-1.68249293464925
-0.31893844585991
-0.157757485295598
-2.20456460010449
-0.0565216795188579
-0.818396880252421
-1.61908470572175
-0.594299481504821
-0.955498701305672
-0.369994238049777
-1.33386946294849
-0.697605972401846
-0.23369544914879
-0.52254543132138
-0.251430548832473
0.417987973765757
-0.11096612650213
-0.806229379395279
0.341266183665918
0.764805685830689
-0.138477238737499
0.0426360927708851
-0.917997825936175
-0.408991937571206
-0.331699407404778
-0.534591094263371
0.0895482727968854
0.0789448617405304
-2.60254227340791
-1.06403612693294
-0.647819906802137
-0.676415901385872
-0.942247541428281
-0.356354402024331
-0.590941474250183
-0.887650910779887
-0.905303832993042
0.776494273191342
-0.470144130507628
-1.42804347530647
-1.15463449835575
0.00637625640829113
-1.54338964822762
0.0581670291463577
-0.591077358624646
-0.595274190852007
0.180261159757543
-1.30944294882758
-1.22775522095474
-1.42460276778943
-1.09609438207575
-0.807793275692917
-0.275486958221185
-0.414043179825567
-0.832190719346347
-1.11150338043103
-1.6071704687183
0.286070479230537
-0.308570511691372
-1.44185877278574
-1.54121073777942
1.3607216823862
1.29368681110113
1.17080540892557
1.2028834872122
1.07860788073241
0.360032245387706
0.77063237433612
0.821812236934282
1.40575735630759
0.962310334526624
0.537120876442965
0.93487766693565
