0.271752463745275
0.0287970548683722
0.558258741403662
-0.136903929449989
0.695086430870504
0.431186963591206
0.370998505957813
0.315947768623973
-0.19857585938469
1.2460503936365
0.331202767220208
0.328596618139738
0.351017084199702
0.4233536259342
-0.268774170190634
-0.266860843413597
-0.22581511522902
-0.108645138959808
-0.382320589369639
0.593521949978723
0.0586613628634668
0.428797118377543
0.209690091422393
0.326960180567001
0.457468148395601
0.114954437558592
-0.0513629888000612
0.630672762138678
0.373718482276737
0.0279237654146812
0.0351426412857208
-0.17602269434497
0.513637369061045
0.506709716103242
-0.311004747720606
-0.0468804693663144
-0.695886208609677
0.209403305778943
2.00444123138436
0.273377304089465
-0.736180315808379
-1.19631852621538
1.15872795873815
1.29457408392758
0.657680266867591
0.111329252986993
-0.218255001006334
-0.994514093474405
0.283295704966407
0.674403038145568
0.683365272969799
1.05159484872447
1.45433132014512
-0.938418987296349
-0.52960311000575
-0.427231480228721
0.00190001898583447
0.127804955188517
-0.121427517145486
-0.4770030878158
-0.431033229175697
-0.68508997929591
-0.718471280973943
-0.647826699451788
-0.310650268200488
-0.648918764754493
-0.306644773936002
0.379991549908209
-0.568270769733553
-0.839463454279968
-0.435705545010515
0.190566101240286
-0.862089302162035
0.33136153799486
-0.151835154085216
-0.564481771752184
0.117358556372987
-0.315888671920661
0.343322992613819
-1.09434909588634
-0.754286478082377
-1.54140242563998
1.15354434258649
-1.81356637077117
0.843383535360059
-0.205709021361747
0.100527121088131
0.548427116451722
-2.27627113624174
-2.34104772067254
-1.40379579570381
0.0612975263114315
-2.34648422025016
-1.49375330361166
-0.627916146802693
-0.179564241824192
-0.351495116156012
3.19954793334095
-0.0147328397174288
-0.225779940625617
-0.393283531631989
-1.47064822676433
-0.289066940370548
4.49581702431028
-1.0158302511915
-1.97395890172913
-0.499801624708052
0.131640242154724
-2.22608807678906
1.77961328494276
-1.07706223929112
-2.17647235270275
-1.65717314627623
-0.427917029223953
-1.58814144830743
0.343296232558723
-1.4033161049174
-1.96674567432538
-1.41145193619208
-1.86813956017254
-2.30815184287535
-2.34228934625009
-0.716904106629743
-0.735985836654737
-1.43237392814452
-0.791735201450011
-0.367734294967754
-0.588386478528112
0.177895274722928
-0.355997495599006
-0.538055564753053
-1.14064396643157
-1.99198056300339
-1.73842742594627
-1.45518534134447
-0.448046144635171
0.929847921408014
-0.0669802574604321
-1.85238712137601
0.27937373884487
0.142270328880545
-0.313343059760818
-0.432198897290989
0.811161194449799
0.319068221933205
0.613623766217233
1.12710611194773
1.30187913224706
0.929782672810754
1.46597399209539
0.304855629504249
0.313724869142021
0.105640562869899
-0.797119192615808
-0.0507679617847278
0.891260937489148
2.09373777581771
0.383656171321461
-0.54224006909952
0.859670640175849
0.611761989502605
0.601002935020546
0.752049339117122
-0.41767334381703
-0.211933201231737
0.851140114572466
0.299838647133011
-0.0181054227556564
0.317277398573782
0.576831119528337
0.414714145775626
0.202364944893797
1.18398360525791
0.987553373073295
0.569234032473676
1.81240380981763
1.22605326405451
0.354385360817797
0.314561048358902
-0.874360966737258
0.457573004884936
1.30320430644235
0.56747990305846
0.737505069095085
0.599603903399394
0.505592391018996
0.66269714917921
0.966020198489022
0.104683307396396
-0.0593331533238643
0.705451924826715
0.791845907128423
0.302622089909065
1.16839714631514
0.582043257565976
0.495274424822852
0.640785746204227
0.985592469476734
-0.162469135783033
1.68411927590775
2.1690370838249
0.465571535114186
-0.141391681576993
0.2601356880609
0.145508186936811
0.841652803017773
-0.51280486800072
-0.933193089444844
-1.26266523055449
0.170315203215549
1.45704821789797
1.50514621792112
1.6738690416086
