0.551963605414461
0.673827811248885
1.43853224162115
2.4189795107591
1.90365235153826
1.15765994594033
-0.212538485921385
0.657703539111893
-0.503156414247136
-0.949159796406064
1.87400109030877
1.07958593942798
0.434749247734837
0.0633501408568035
0.608480022417118
0.901965626332244
0.885746466702774
1.13913841888462
0.68486971198351
0.634633714927135
0.216936061395171
-0.507124319102626
-0.713890789406464
0.944366810317254
0.489709422807814
1.17803844927466
1.1587812956281
0.646020553600705
1.04064968297968
1.48396323406743
0.951236246725992
1.73611979773374
0.886899957890249
0.298630095988006
0.835269946979323
0.438149886174965
0.908281036116955
-0.177390020498297
1.25544513541507
0.00202940781235619
0.674344333298097
1.69617572909244
1.62691960663734
-0.394175879639899
-0.320309733584671
1.55007992388165
1.58207476146693
2.33566848328014
1.20697764730606
1.14044454599385
0.748713456079259
1.96290264488207
0.857188908414969
1.6194634291018
0.312972006058024
1.08859439793322
0.353886963662595
0.628098444994648
0.779252203136894
1.57434190945151
2.11705587700657
1.5256568550773
0.958770534781219
0.814704547594741
1.21184140651448
1.3428859695114
1.72495504327531
-0.208600047133128
-0.0968639834852306
0.479252907451159
-0.31362815217279
-0.293067560999383
0.971236415335897
-0.22684855954423
0.281805943168022
-0.739535171112122
0.214749192577024
-2.58406424475565
-0.00611838664212838
-1.35518152814575
-0.58941366799795
-1.77562441613747
-1.05496420399634
-0.749387166584668
0.279156046955832
-1.1131345556262
-0.68029775406992
-0.440433122445845
-0.147064719874988
0.145840284102409
0.0261115185796815
0.861071737537662
-0.455100305709599
0.461964944729157
-0.172386608502991
-0.50431622961864
0.171185078144304
0.296335775327884
0.0714972043696634
0.226052048957617
-0.11027846646598
0.268354050248335
-0.0585676286005845
0.0914337478501404
1.18697285043557
0.408307721763813
0.269541156601962
-0.187026091748703
-0.340291146241239
-0.225154399707622
0.0214639468018474
-0.786239027293078
-1.20657431034377
-0.669588156769563
0.804520303877599
1.00872968082831
0.400196661967019
0.189217593046005
-0.188656615866612
-1.09626178236867
-0.314453244912883
0.676142130666158
0.610781740456351
-0.830145640051597
0.1583686214139
-0.179107582726823
-0.877521202808178
-0.0218307119658938
1.10899480195345
-0.0831782298277732
-0.174510291119105
0.685149203716765
1.01445336452779
0.185228474793435
-0.323478163281919
0.973515977291523
-1.00209777516198
0.125702643106872
-1.43311931021077
1.24637132197263
-1.11559151319003
-0.418614522074717
0.0049694204502019
-0.330913480953498
-0.439208391116587
0.96415753997925
0.151665887027451
-0.147575948168364
0.224656398647173
1.66251327264414
-0.121552115352182
-0.398096687175191
0.141386686402279
0.425776550675929
0.175668843954343
-0.495523531493934
-1.28995655219702
-0.52274540544533
-0.478695845745855
-0.529127259503186
-0.445239893826915
-0.797655193369061
0.328405848161905
-0.26178531516212
-1.08491523194231
-0.816062602850845
-0.51504277785045
-0.134455355156609
-0.30878443332332
-1.42510451384541
-0.788483418834419
-1.13600082558104
-2.8399488577462
-0.744043604630239
0.440070487909946
-0.754937809996668
-0.0407777006034454
-0.562539637699569
-1.3319248247963
-2.64761180987022
-0.872473098990804
-0.456840121661507
-0.55543977550023
-1.91079783962195
-0.275293323821543
-1.00425293789341
-0.303444643306322
-0.519522096798625
-0.828513503959982
-1.9502891303913
-0.323117879185509
-0.984933814921641
-2.14677878257275
-0.163477939116294
-1.78510438858161
-1.9537938064736
-1.89917303098123
-0.266166290246274
-1.89800350710487
-0.933464226982481
-2.12304698092751
-1.85175140810887
-0.0880426244940845
-0.473357849375118
-1.04026945513571
1.27693859320816
-1.19341115073779
-1.69688024247595
-1.50194926441222
-1.00969989624657
-1.07204544670205
-0.908609968326117
-0.424535568777168
