1.23364246889659
1.33492964082102
0.953162840879784
1.17925581540681
1.16516649265981
1.28860561711185
1.31202291960606
1.30062065919067
1.3010933351319
0.829031743827413
1.17771158648719
1.33559974703601
1.09365076471594
0.945856226991717
1.19399378113503
0.978086489511559
1.09301013358078
1.31363985933343
1.11487604361347
1.30895045933838
1.35245559818029
1.26435194303425
1.1400516096615
1.15555064442419
1.23338077310238
1.16785040277059
1.25984602260197
1.14064061238185
1.15056125344774
1.26049205313459
1.34708628809509
1.20255386417696
1.25049493408966
1.3509575678628
1.36839024955261
1.227487025965
1.2724114387455
1.1836831162372
0.549010553235997
0.703443061637584
-0.0351100681335166
0.990989366571415
1.31408445265657
0.465521897199718
0.43221128770573
0.657456439984611
1.09520575763294
1.17609395088495
1.05595893001923
0.952379784715519
1.00774960457637
1.10517230022701
1.22582783061068
1.3277569619473
1.15038292834463
1.14305142376434
1.2189744932349
1.08370957853469
1.02120715834017
1.10153313116529
1.22322426183426
0.913695218354327
1.37826647019021
1.32458051629077
0.983858555822367
1.2662979215492
1.44324784610068
-0.498063525228721
0.374323394088943
-0.273946995057477
-0.15080572309603
-0.531512809716266
0.387720832062637
0.0212957982799402
0.258343650288148
-0.878159043626619
-0.22796212615547
-0.824630350176087
-0.568974836613756
-0.730915186874319
-1.51282701928744
-1.4760946985928
-0.974890441767625
-0.592945072434522
-0.591857706616735
-0.903657036270854
-0.622775785578488
0.664924438790154
-0.526353128887642
-1.00589235075492
-0.342450262685838
0.666569154812891
0.0912711583167839
0.0757553808831662
0.734389593820725
0.738786279356717
-0.75850899196689
0.47537257750407
0.550555561820694
0.448060603116972
0.699600451464482
0.135401363549051
0.547066472476639
1.19321398229457
-0.165651412215011
0.611639774338919
-0.485852464709365
-0.322771874532346
-1.1786638347188
0.0815949590389964
-0.206786970794835
0.085244941784096
-0.588254096168385
0.427164365035109
-0.540477090368981
0.116908713636078
-0.366025492584545
0.473345394743615
0.179063525166917
0.662037210620941
0.947758383116008
0.55159601988367
-1.38873738421542
-1.25115380070679
-0.866724234073259
-1.31026620981776
-0.814729916348248
-0.894183945009015
-1.58786491708969
-0.348325062486202
-0.807793849871451
-1.13399891622979
-1.85515247594098
-1.06835159069645
-1.52710644578027
-0.202608500607976
-1.84239150632699
-1.5887229585607
-1.76756607482782
-1.50190357945078
-1.66901069492718
-0.722492414068895
-0.837014573384658
-1.53840941472864
-1.0080671741269
-0.577000104997816
-0.88925233969071
-0.562573295670007
-0.930631761001107
-1.36274623837268
-0.950756015451863
-1.41032059753443
-0.479664393981788
-1.02344708149763
-0.934695755670381
-1.51892706856899
-1.45857614832732
-1.61329289063443
-0.966789459451035
-0.0508233254288446
-1.33840063741345
-1.05979093836245
-1.46264593426624
-1.32818264698027
-1.69128517768594
-1.30011572542037
-0.746082704416536
-0.91950289081344
0.822718884636652
-1.05234855785192
-0.747396500304447
-0.106631819574702
-0.24153603951311
-1.24356146806648
0.46067825442568
-0.987101066016001
-0.330578990388901
0.669811788604672
-1.26571667700148
-1.4231174442988
-0.529892896095811
-0.892077011908074
-0.354319245744415
-1.72385282084259
-0.824824654549374
0.0259943177382799
-0.518009550725268
-0.59488469147174
-1.02876983714944
-1.1430354775078
-1.50224863589595
-0.439508892066478
-1.88222332131478
-0.8278298802904
-0.351767840971979
-0.414323724088079
-0.961926082556119
-0.251299515388705
0.456191480767288
-1.85897840489891
-0.420025821454801
0.630878319884231
0.702645658572575
0.643039745338224
0.696252549179165
0.551574505582151
0.00442002912059206
0.458043145002071
0.668725953037751
0.914028262613268
-0.277402671149428
0.0468685434595629
-0.85683441851032
