1.33747668657712
1.12968559809464
1.35460684892444
1.58412355404108
1.29134669660857
1.62393588782039
1.95329073031366
1.95902664293639
1.22937345529435
0.564942747581069
1.64280426216532
0.936113749825685
1.38535735862758
1.20830024650319
1.50691032313995
0.759061805734906
1.01476300011985
1.76400603804422
1.32713451981434
1.2782774868107
0.80042240402242
0.81841911135487
0.26239361435264
1.02974869818538
1.2908530519295
1.07384490391622
1.24031538774801
0.843829550789747
0.922033734383639
1.57882676540403
1.32487086924076
1.80593934687084
1.09851713737666
1.03250770549639
1.13377196928102
0.586928081587578
1.25858427260289
0.690629894111477
1.58519689904097
0.840101350900838
0.500672390543135
0.710392284716963
0.400661105707035
0.331810921297884
0.580856239785896
0.880352288601285
1.20765594131896
1.07137050858055
0.424599298899681
0.621201071563785
0.403217017396535
0.883383165406401
0.292165180894646
1.64259795266729
1.133417879863
0.595629483513077
0.0097955895908517
-0.112375029185275
0.295576688335236
0.747722788547431
1.24590610754979
0.915529760411541
1.3309961911219
1.38102935996392
0.83556353223911
0.884673878294504
-0.350335962373505
0.320828146997911
0.794786890864805
-0.237078797112441
0.163987596422043
-0.817916452119902
0.383939952124012
-0.840736509479955
-0.640834121190721
-2.69514200007043
-0.0241942033563435
-0.0543801088728381
-2.71648702541075
-2.07341853725152
-0.38383702982504
-1.23771972967607
0.82106817375111
-0.812230457292446
0.118141032388107
0.0105465061464132
-3.18829255418271
-0.28280559203408
-0.265442644258379
-0.490052930104886
-0.181965673470003
0.957890881209198
-0.858164071628845
-1.04154965004106
1.03336516250963
-0.610137756250165
-1.12482015399234
0.494048096256197
0.521825970994551
0.341434795546727
-1.96942453220688
-2.18213557498112
-2.19763438024427
-0.067554821367983
-0.241544417488227
0.62604535823895
0.136458209923714
-1.07914751611733
-0.164724392544656
0.121448560147836
-0.265281386852423
0.0309111500182416
-0.633761247630219
-0.183671512233959
-0.98053582163495
-0.181990495886397
-0.458588202268764
-0.405380529051908
-0.259840068666447
-0.631830828511783
0.186262226593289
-0.932960877571067
-0.409309079865651
-0.937627028287806
-0.887800676892758
0.147431106462631
-0.57789897716277
0.163945949251512
-0.267101450413618
-0.962926248486908
-0.560763766356697
-0.1106033994819
0.212990888583578
-0.906256138871362
-0.29015489475195
-1.5198445756645
-0.252903016140583
-1.42815605463006
0.366869468769709
0.0182108550240184
-0.471895656437902
-0.830420664601724
0.315203199080592
-0.720510435654753
-0.382624102113431
0.660322029286096
-0.464846398540031
-0.279558718350585
-0.813840226130557
-0.374242223223504
0.212252498807968
-0.213163115257509
0.628688368052862
0.236143549573665
-0.0446156186927489
0.363308629268248
-0.886107400064023
0.313238930172761
-0.544823883608512
-0.24738445713751
0.610967090811247
0.103262265315327
0.1348812405354
-0.0967658957977579
-0.995164231723646
-0.940191205973258
0.213768475688811
-0.0633788147096838
-1.77583659275146
-0.849002222854109
0.0103812128670661
-2.85429097980939
-1.1853317090062
0.500732812261372
-1.2184804203796
0.17936087640028
0.571300831423451
-1.70144774929982
-0.37246470923378
-0.23537969465269
-0.342968998995317
0.716955224230442
-0.378814019055915
-0.126900180815848
-0.251531703731292
-0.00489636199444484
0.684011964354706
0.474221467057434
0.441909011631546
-1.02277481257077
-0.242508197456727
-0.277580964790907
-0.953823441693597
0.094017691810005
-1.20165918667966
-0.875983897877769
-0.120817717342742
0.624013635644649
-2.72857121666214
-0.988225985143301
-0.974823915003007
-0.844553058041586
-0.235266518955606
-1.39087231540481
-0.875661643387853
-0.104806603825541
0.393467416850855
-1.08520402960321
-2.21870455268095
-1.33174343578945
-2.4140953235224
-0.164805787205316
-1.14326451805374
