0.957266503596728
0.917821395907964
1.34644822380091
0.968974147829622
1.3938013528706
0.838068014562756
0.136412745525771
0.600208036098023
0.640918138122298
0.78038916792132
1.10745234575147
0.404372331996149
1.2004208064588
1.00147250368148
1.22958378297241
0.193916109497643
0.987319179137423
1.18196293087439
0.839075897524418
1.02245516299639
0.963533445863221
0.995324793501081
0.595268982855973
0.922625838819135
1.06282118331159
1.01600091220778
0.878434227551298
1.02049885630117
0.861473938470804
0.915211502639511
0.722392055469625
0.845614649502608
1.03925582800697
0.650380653195228
0.350330549365888
0.629405475173811
1.41269240916936
0.165992399515305
1.04929154254655
0.966141363636948
0.38658118880403
-0.114910638274542
0.544584662979376
0.147304278895816
0.306769513428934
0.452370108405218
1.19772476671393
-0.589238874605027
0.243212194732221
0.329978993481021
0.210412058706265
1.27635877730743
0.844869382508892
0.667558734584266
-1.41633325414662
-0.654680199696076
0.417822620803982
-0.182087441023302
0.223668433630605
0.122852931662722
0.920973678259367
1.46945328518712
0.932432416518731
1.11137912473485
1.16040451376315
0.742699042544601
0.671896368541546
0.766933641062659
1.08780099578527
0.709333219576486
0.630272607448191
0.241740012917354
1.29610283803834
0.137828727790175
-0.175073762106978
-0.000560386203608705
0.565540828356533
0.766883073402032
-0.260525603333847
0.510167732730747
-0.984914659269
-1.51854848853066
0.633899601039542
-0.890816811229666
0.328180786978003
0.244373785655293
-0.0179312131217485
0.164088991094787
0.485934118546137
0.314905625792868
0.360613610853218
0.346248181219688
0.0667619101313602
-0.720450680411591
1.03282677812319
0.616389048032463
-0.271732446827091
0.182209983413234
0.9697501708662
0.442983196051432
-0.108807681865038
-0.0433740733460075
-0.461337030974576
-0.142358451533964
0.557537284601742
1.03703671026743
-0.168239001977925
0.0268959859659276
0.501146211055841
0.160091130726065
-0.223870845866379
0.00723063005259779
0.252000484498406
0.352038061325712
-1.65066087902888
0.319562495281567
0.271408433462041
0.762343577282641
0.575611342344479
0.456239452115777
0.813492997808688
0.691587809489896
0.688345793057883
-0.519219972949972
0.404854132953464
0.48383473631426
0.245876912378246
0.202620760712545
-0.184929889433106
0.830508802051199
0.321702119425234
-0.117391893266211
0.943316439241485
-0.63089986639238
-0.652640911871193
-0.311237298879406
-0.200434746767782
-1.10120957020924
-0.194613368732946
0.176522815009348
0.260111916050163
1.32744398881387
0.605994338593818
-4.01531343075387
0.138870947499662
-2.129098421792
0.57692918350813
-0.193301054850575
0.365831165030429
-1.41992465849829
-0.351823117059661
-0.286703530723623
0.676206865351849
-0.252723498766886
-0.86041224484695
-0.183324208079112
-0.258163909625912
-0.288415508517281
-0.0169764904398387
0.43327620249767
0.167270973110599
-0.0884643438497192
0.154677610596875
-3.5027631382489
-2.28185499022391
-0.811955523681594
-0.0153237297853243
-0.948951405760669
-0.526486356030089
-0.530447830561967
-0.295829133061661
-0.784997102551358
-1.2855570118588
0.0182964426910996
-0.29360933001722
-0.607979482633442
-0.0384826187141286
-1.45669984019615
-1.32626681717888
-2.61993729382665
-0.347116658712988
-0.16509639055739
-2.26806423016201
-0.934453983544102
0.0789521687294833
-0.92304612463932
-0.011080460558259
-0.522096158059437
-0.202318489744153
-2.60180926625585
-1.18215431338894
-2.38627705397905
-3.0580641157699
-0.119604466776473
-0.0881111263528952
-0.290511538053299
-0.76858779828488
0.157191234533349
-2.70103463422516
-0.686655874102153
-4.59470613648365
-0.608965963670941
-1.13512126098163
-0.739973868742669
-1.14257304617895
-1.2047310042325
-0.377592036413938
-1.37336439174445
-2.26618896899768
-0.636710251833025
-0.992632736383575
-0.987032596279664
-0.640473170641053
