-0.287694334790508
-0.950551687420724
1.89845072825651
0.329865033674049
2.18768194822745
0.23173391261087
0.499397114154534
0.302671417068072
0.398344783324117
0.915166040045861
1.59976994558283
-0.972505681524383
0.481997256076229
-0.507043385610484
-0.19503799368099
0.664982146420602
0.568239243166986
-0.549529772871133
-0.192732228365076
1.6124787783426
0.263194993765522
-0.0600021952723722
0.366493452611682
0.691625437471598
-0.116606371699504
1.22681735683058
1.31872052088039
1.45465972353766
0.955989361057187
0.790779255143635
0.0333678292638462
0.367000463930064
0.249844095006683
1.13432316359339
-0.0107655874671548
1.73652119981297
0.511929017168787
1.40760701106288
0.485538283871701
-0.366286884721936
0.89920736737733
2.05923529654705
-0.849480574996927
0.19732317634278
1.10957757985914
1.50497414576473
1.07669146551443
-0.319018073715148
-0.746122560630237
0.209139325355226
-0.167379737382044
0.948268915276507
0.887672093614937
-0.0706925197283278
0.91484964678846
2.14806231777838
1.55664984388045
0.973126213652119
1.00328776598703
1.33426225746897
0.582291972432219
2.22504593414201
0.49467659792564
0.554007400852901
0.287568853025188
-0.0737158568462499
2.35175067145907
0.267318170963014
-0.12472972401883
1.35064020420288
-0.0322236058311166
0.108904760232654
1.95238245963425
-0.535731141169036
-0.903386333472783
-1.00776444493759
1.55551793988157
-0.0627404201251645
-1.0299035925829
-0.302843451939512
0.0769723065366289
-0.797203562836648
-0.612430205053514
-0.967075537264475
-0.890280976827002
0.0669740942724961
-0.966726476000912
-2.15750382171629
-1.49453424799878
-1.17717054162172
-1.0041820247566
-0.715898405743304
-1.15442528933106
-1.57367875166652
-0.0821968951077844
1.48842030302587
1.85676525512101
-0.784573969054727
-0.0274742212057012
-1.44780939605209
0.910272553327974
0.756981945356885
0.380408905226955
-0.439339562513783
-1.28296596192076
-0.861514126230994
-1.04261859360428
0.293650233561392
-1.48205493723265
-1.49764756757797
-0.696089285045967
-0.775983989085487
-0.202193764596888
-0.483231199653339
-1.70482003868763
-0.790980621591023
0.328041894934552
-0.466061598629181
-1.11829590177211
0.439924372525692
-0.220207051427843
-0.323716467440369
-1.0456082190774
-0.13751960804891
-1.19278399041694
0.157699704441559
-0.111412857313122
-1.44459242586405
0.063697669236092
-0.943885403347876
-0.864906138506847
-1.03204483999251
-1.55865019330664
-1.04850189940637
-0.547122330747038
-0.951518323716126
-0.896005484534946
-1.68932863975682
-0.454950850060111
-1.17882124715329
0.23201635965313
-1.84293532954267
-0.0306610908833778
-1.43876781386131
-1.84689736327881
-0.713121710920613
-0.885612423311015
0.611934877652336
0.262192239149616
-0.823789814159041
-0.346666563473236
-0.0405259567993134
-0.371556717395406
-1.29519258402119
-0.941252315468223
1.68942026494925
-0.784194028675594
0.811778871201473
-0.0358918193868838
0.737183589343382
-0.0397468303486569
0.477733071540866
-0.830323930944684
-1.1875691299475
-1.30573164945003
0.93631900130637
0.695741243157027
-0.866774137952516
-0.963911220913735
-0.323167137363532
0.527801576434365
1.8821111917824
-0.350816252797903
-0.145116856032467
-0.152164118835916
-0.123865009893939
0.101175788618131
2.0592611518442
-0.869012735942057
-0.652070758806022
1.1855378530181
0.862189671015919
-0.00430502359563467
-1.42008688640439
-0.848541811112742
-1.64387870357254
0.257367631953269
-0.404813473309131
1.89934595302504
-2.01100768440598
0.169180773204777
-1.56443309211127
-0.905348833194132
0.830313101136592
0.357663138399527
1.42567595296104
1.94214803115452
0.178899172518347
1.77027825782299
0.74232983732441
-1.56384439717196
-0.0903974330863352
-0.152375981219998
0.313944171780281
0.696446327076384
-0.0349275260600842
0.872321118922895
0.390151576498037
-0.796243830734077
0.89051238023404
0.751843609437453
-1.0795455644746
-0.118137767446459
