-0.364506744940429
0.0471464221870069
-0.608163172076553
-0.709693050738392
-1.09026484676833
-0.0878174070981489
-0.238109740639118
-0.0278197424638047
-0.469259935797288
0.96409789833335
-1.02710412956924
-0.46349965209524
-0.0356247241449396
-0.164218104681367
0.192735963709706
1.37773780754944
1.09043101260841
-0.600824023919411
-0.863538325169324
0.113436884357813
-0.784810296302087
0.0320012985026912
0.33455665140276
0.73994483119671
0.200925443078164
0.403330176617181
0.318872921229689
0.304159266071117
0.227947933366975
0.222023740619374
-0.685882340247706
-0.800466979966174
-0.158444000347286
-0.454922258055917
-1.03840864227048
-0.912780829585005
-1.29287635921608
-1.30168863652627
1.986398512335
-0.230236484970146
-0.539485573188881
-1.4423557303759
-0.0674759530432556
2.34503298760977
-0.654467634008974
-0.744463406170512
-0.264665511618562
0.314585292757424
0.383886938074299
-0.60948802590853
-0.613874789448687
0.0796134714065559
-0.669139147292158
-0.511523440606248
-1.44193229919899
-0.785205645442592
-0.476182215517141
-0.252770504551412
-0.165496988989373
-1.10816731277366
-0.443425709503917
0.116908478727021
-0.756807831596209
-0.672058794480161
-0.240724890972995
-0.588653074391645
0.105771536880864
1.04245692111923
-0.272820455708176
-0.306460291402405
-0.558527859868158
-1.10980329829431
-0.506288982291571
-2.07545028017311
-1.24666952479286
-2.58482502518835
-0.639486611466489
-0.728001524277249
-0.00485095519901313
-0.26780956285124
0.138967483729939
-0.266236850844278
0.953043677400569
1.14493130177734
0.11743957366268
-0.194025701202683
0.99492236245327
-0.110729999822533
-1.05231129496984
-0.949035468050563
-0.654803387056882
-0.956110182142419
-0.238338097506086
-0.435381954634995
-0.785910613668881
-0.114030547372258
0.643678465226441
-0.778856193353138
-0.611609822194566
-1.43938885670821
-2.20477511662083
-1.03521583213672
-1.98906487158769
-0.604614254365569
2.05339767263911
-0.123944841870246
-0.0474302469704254
-0.385614167600391
-1.62023676240157
-1.59975525811756
-0.405690615070297
-0.790628965423399
0.433046415869591
-1.06006094397008
-0.0486972816264814
0.200159881615241
0.654411868717305
-0.486652210905173
-0.158795994265684
-0.63787020275169
-0.955036810431603
0.815376235898971
-0.624896558587495
-0.608786511248066
-1.50997254498098
0.0185766075014315
0.146472576876887
-1.28485790422173
0.645861325947249
1.01672490565113
0.201452198875884
1.06360845619125
0.591968164443696
-1.15279550722355
0.0533070876560712
0.162831822145411
-1.63569368604386
-2.20767858205395
1.43828299334472
1.1896986188396
-0.872776771304305
-0.224939548082755
1.03177469070212
-0.556755357675128
0.164080187142718
-0.627036604974362
-0.295504408215901
-0.949841524607921
0.0157143603873676
-2.09741624403269
0.0281977598868891
0.384650043419167
0.0934471244424363
1.53146544900314
-0.340740739570704
-0.952695755491085
1.59237894454497
-0.407306445251133
0.00553863029753394
0.0869672294929008
-0.118452581689726
-0.213841423606923
0.900037078377861
-0.834472600624454
0.00451899517546625
-0.404646668760467
-0.298794674221714
-0.657844002470216
0.901223137226939
0.93286881303512
0.254947030695922
0.990350478545573
1.16163992899627
0.512977903417107
0.983914829240659
1.66891891237592
2.11428415372511
0.792042793492774
1.22524443499105
3.05856846613427
1.33476241478372
2.11405749554783
1.92340739749051
1.99651250159227
1.33165691482591
2.52966492711568
1.59185114257763
1.4073446531205
0.983020239560098
0.224546848269348
1.33538181379827
0.879528596781098
0.80585467097117
2.01424974468972
0.967230831121967
1.49567686618997
1.27499154111224
1.5184453561187
0.232280635404738
1.67378519024103
1.89293047949163
-0.574804107513837
-0.742884308589473
-0.476978755656062
-0.0576833871155838
0.485521745025279
-0.91900856450436
-0.846242515755402
0.109979492989831
-0.521548161453926
1.72477606607614
1.62595300301857
1.98674504048451
