1.69571868684224
1.2002331519973
1.29514684953014
-0.653389694386451
1.265425250141
-0.266494986374557
-0.211651232826655
-1.65771885769948
-1.02380367658725
1.39364806159376
0.949623118937641
1.92804159023434
0.908109833286888
1.48740034919277
1.03535371063971
2.02018007765521
1.5622283527467
-1.42605742524
1.76883449247433
1.17681011438181
-0.164429314127118
0.423107785081811
0.0657399717846492
1.46400236624393
0.733379591497373
1.54620205418275
0.861325203711813
1.28353404615472
0.926425183846905
-0.170981458767169
-0.100828269286451
-0.335759499653028
0.861703767350928
0.793956946102457
0.00242053784882053
0.872197982038971
0.282234895780001
0.48163856525019
1.8115268910112
1.5559823535484
0.284938946649884
0.90500328599118
2.0370741844743
1.04786817280275
0.243931061259544
1.69114746885545
1.1931085726963
0.0524919289420526
1.50764589394205
0.709557182252332
0.330993199003301
1.37027225800566
0.185351263174686
-0.772842745039883
-0.779177886218798
-0.128898048780281
0.425202861726183
-0.00455031131803224
-0.0257990635926386
0.62986413816043
2.42530007755024
2.10364910124182
-0.0563732772271067
0.482442433269674
1.64352330755284
0.0778417530785753
1.00702682077983
0.0497263995243606
0.241170801453783
0.749835559502039
0.330616798442759
-0.301672011721231
1.81781891439408
0.304569771598795
-0.831388896387108
-1.06146469764789
-0.171254987206719
0.600888113929794
0.0516109345496728
-1.08756677081483
-0.896241338284323
-1.79028065932882
0.705424229878709
-0.411218965769796
0.57326588363031
-0.138887147825181
0.680684241517149
0.0693563015933841
0.338220717739574
0.0351070065487867
0.0689906136910455
0.414826544579177
0.597543369050556
0.435521012292747
0.464608545146217
0.104998157807626
0.476739691479796
-0.278606364063128
-0.496724692991661
0.871510560310262
-0.598937522726134
-1.01875007300701
-0.246463575706425
-0.11607999583711
0.633270221808819
-0.68841782931657
-2.90960319545184
-0.00157232418293687
0.998408713890899
1.0220220600444
-0.796767941032576
0.246202977752307
-1.27821046097811
0.223803060612693
-0.827133143494445
0.648001030385014
-1.37776810594191
0.129079889607283
0.557286741314073
-1.30570933103768
-1.50333230724733
0.863447652097359
-0.0168888347440906
-0.422237323464545
-0.599079789102375
-1.14834664245581
-1.03318616404333
-0.562491233383996
-0.515432554941914
-0.277087634870988
0.227067846388961
-0.813191083808626
0.110864764333
-2.07901917007179
0.0415308603259528
-2.45595431907601
-0.192259623123232
-2.95880619611962
-0.68432358962789
-0.0307838030788093
-0.552076971121606
0.847448003870242
-2.02888390743681
-1.23978282600377
-1.87923868307958
0.050484172859089
-1.48312974509088
-0.58831656839005
-0.903873770840774
-0.66907115025155
-1.16671107570672
-1.18891735557196
-2.27266655834983
-1.32277188044189
-0.534979510489305
-2.33462753606276
-0.246208444978205
-1.57861149670521
-1.71950866863292
-0.325348211851511
-1.88762417226205
-1.58599125575242
-0.602756754305028
-0.943157077272218
-0.326930063497599
-1.05543186378712
-0.660418622171183
0.0474208394085819
0.12354696234374
-0.063294665257937
-0.510991109063618
-0.182717700172104
0.485861892048901
-0.0767805311224016
0.0701332510573096
1.04665512477386
0.0915095818161235
-0.447813973793021
0.132310914662978
0.523785147803147
0.76403358609535
0.672779764328693
-1.81438742736395
0.415989874255071
0.818754358243301
0.815919299859527
0.196654132158811
0.547463048200172
0.74295233225577
-0.0397396280532884
-1.89079802114264
0.649920116549826
-0.451640826314567
0.773964730832731
0.530946171851673
0.396289980263569
-0.0809217410272504
0.474290927632022
-1.29930102075848
-0.249797538100909
1.00944119189577
-0.216972034843737
-0.54924735217546
-0.217428754425133
-0.350336115996175
0.365821748075983
-1.51689959593647
-0.383853499065571
-0.676041676749703
-0.197255719477871
0.16253505321526
-0.748095933813388
0.315947195668616
