0.733159680058043
0.101868516697969
1.21872371779263
1.08778795147248
1.04844656340926
1.04928090533342
1.07150587709672
0.695066045633624
0.385382809940893
-0.647206553909205
1.26953850969088
0.849813783929605
1.08894973189088
0.900858374884493
0.909355461579763
0.532508465342201
0.748950492968732
-0.17794007937267
0.747951347642167
0.741967362210156
0.740619698459519
0.118277228112647
-0.744990260027243
0.634238802145513
0.907328080460485
0.78302110853085
0.503550371798847
0.581640155822349
0.69264052440411
1.03959743141689
1.0500659466514
0.984951382728169
0.82738618133695
0.957300430053633
0.966171038738125
0.142883882026148
0.41057014100703
0.0281179191953697
-0.567814131902854
0.0619202657864519
-0.480908638993163
0.489786108991069
0.868968505013136
-2.0248432347355
0.150032423656849
0.863650874298114
0.853493861963867
1.03386370991366
0.077870006881247
-0.207602214022809
-0.250567529234036
1.02871166375397
1.3700658045674
1.00653314581044
0.173725622429501
-0.0706668441697177
-1.14055709083192
-0.548092753354562
-0.327407464944638
0.304290554360121
0.901168427681288
0.901254547509739
-0.415507756689212
0.221886389121816
0.645389556509473
1.25436554281245
0.551036490832166
0.455989023777371
0.422867667350316
0.235344179103882
-1.16949967214405
-0.438305742138269
0.30291161940724
-0.666760828219129
-0.245964394515428
0.0785125802027136
0.41020223891122
-1.24646920421896
-0.994900519306716
-0.13021123974768
-1.34700487360742
-2.65585053733398
0.0206117108598073
-0.0895829876360091
-0.0406581568794125
-0.405086120838746
-1.11952802244067
-2.61686996580172
0.0631893639263248
-0.043242687539716
-1.09380977256901
0.445347754806411
0.716932488786612
0.651052085429005
0.514944066326197
0.493858800673358
-0.123531079991301
0.93996930674804
0.681969822575734
0.515732248614956
-0.692907203608874
-0.459458879748015
-1.22915931181853
0.125103512114935
0.234018626713528
-0.328491519611195
-0.446147569216992
0.0336239977650198
0.605263818696798
1.18417874382294
0.726211178514765
0.709944511891843
-0.602120915091573
0.116670011525381
0.0903057350264313
0.190038458652762
-0.0953310064960293
0.0409335311224691
0.194735791378785
-0.0973552969415925
0.119906162251449
0.0339036856399188
1.25687712923611
0.379273385808155
0.888048050878269
0.605855742688813
0.187322406058591
0.231691996517249
0.890054520433917
1.12935017485775
0.560013319257024
1.03364991128542
1.55926777737301
0.620120380253171
1.24091784071695
0.991167575165156
0.478671054636984
0.722913897832387
-0.147091740341534
1.29925596204477
-0.162249820258161
0.821140782850768
0.161468824707393
-0.501283911305626
-0.449538571851236
1.25189747983997
0.36211406272604
0.209680689538429
-0.15918187284035
-0.0309868580302969
0.671483203565797
-0.165346035973721
0.295347516470529
0.542773216266717
0.506615518924996
-0.0213955829745055
-0.280448293550656
-0.208540457761383
0.300895059552421
-0.0795030997338349
0.0855485107102443
-0.198009189046787
0.36942139677247
0.646274475683824
0.329986791460181
-0.979106676010751
0.206829591314808
0.359535447102608
-1.96404920587186
0.253514064371811
-0.156266623935914
-0.701938967351268
-2.37196564286823
0.222235608375745
0.651146053033098
-0.588821475427556
-0.0186882284187186
-1.04457536387493
-0.1713982951482
-2.40951080741206
-0.00263918071260103
-0.0813706691071097
-1.10177392961706
-0.697027068029142
0.504262569066781
0.306707394167186
0.250771059404572
0.286440530061686
-0.0319167504924849
-0.687546125467164
-1.03122839008424
-0.13394015665452
0.512321801601807
0.180532072017027
0.131755920143798
0.0307556233167177
-0.211560135322298
0.484990804934366
-0.949977287407984
-0.852273286502549
-0.28422164977462
-3.61316770323372
-1.80196445278411
-2.31696895918648
-3.05185304627238
-1.7014028111592
-4.28744414592926
-3.90015612544817
-2.83927487451208
-3.24331134461431
-0.786497184169612
-1.71195201335595
-1.56094326852294
