1.36790202363754
1.17200124554064
1.33508411462555
1.14736352043064
1.18109331666714
1.33017811373893
1.34603742475695
1.31946338335237
1.13564135286726
1.36787858615365
1.23578683068495
1.01638325237003
1.36444220872093
1.44022648685923
1.29558041914355
1.30686193496492
1.30138437898841
1.22186466115949
1.3509722051615
1.434313010837
1.17970838857604
1.17189893939013
1.04163435419096
1.31639703538796
1.34341515545234
1.30052505236645
1.26213462445363
1.37086188297693
1.30992383151358
1.29503355094227
1.27386410952455
1.25886761663626
1.30391539322327
1.38520076896388
1.2990783251445
1.08297000261077
0.93864816813199
0.894540183245172
0.648178609049839
1.12542720149291
0.181481010340726
0.643285494163517
1.00250458544296
0.738284574991145
0.579954370442891
0.714407207828762
1.0236854748381
0.824210005871227
1.06301949749089
0.843381110150207
0.890662130005778
1.05653473792545
1.01247917755334
1.0359510258195
0.786468586983609
0.799500164585086
0.947877613414838
0.845417837551863
0.780050816672543
0.844107539028089
1.04377595203283
0.425191154109693
0.671151407114146
0.737887336758323
0.527879414637371
1.15994570062148
0.748181722568986
-0.353366559127688
0.121671076417069
0.128014938922763
0.127842668571745
-0.160198626918313
-0.156225119223243
-0.432865740139694
-0.413277642833837
-0.815557249809577
-0.541427529346819
0.391058337785179
-0.446464850536691
-0.633679976937545
-1.02863038662453
-1.49253530495624
-0.842137215965976
-0.110501628518649
-0.877567877085366
-0.463834606713319
-0.531703875461489
0.715573275017471
0.639642695544908
0.518782887575181
0.669710915474474
0.20752849443319
0.225421615071256
-0.25868725137402
0.757511200606796
0.583031102626249
-0.156020489073221
-0.489364251461392
0.0442012261569374
0.285553466410202
0.28193912649322
-0.742816814828862
-0.131892411784782
-0.483775182375417
0.432190470091077
0.180288418291888
-0.829589103973202
-0.701536857146857
0.38824018923302
-0.0277050631887594
-0.688453416741977
0.0798176021753497
-0.032047816372844
0.0178864382715156
-1.59781637766481
-1.1662339949591
-0.770284732208012
0.708923309066925
0.137343272498248
0.627436455669401
0.737561468624534
0.294205747518765
-1.62568902088862
-0.979938835768683
-1.99099467499513
-1.88607439683994
-1.2042954731626
-1.87781937412498
-1.7961584681479
-2.86599779161992
-1.97432554321283
-2.14458436752708
-3.0728276328377
-1.22648112286003
-2.61596849037943
-2.81764004896945
-1.28405086503618
-1.63645974084298
-1.45116325309063
-2.26552255149587
-1.2321738974615
-0.303051782700598
-0.637784256239402
-1.24758038222251
-0.549096768354104
-0.709178392884486
-0.425886832794982
-0.982200765337401
-0.42384150119476
-2.76921988041077
-2.32173648032545
-0.832146134515413
-0.819640986551245
-0.836428985938833
-0.80512169129011
-0.412408301082533
-0.371251498195178
-1.17829259392584
-0.825607572389861
-0.412861764402729
-1.37038969433364
-1.3369481611392
-1.07628488627842
-1.1181828599217
-0.972657198992052
-0.984374334589579
-0.24142040943868
-0.655325875956378
0.864561151340234
-0.247345424882086
-0.349736031217669
-0.219746285847456
-0.794034129302993
-0.172606217932216
0.501144000538979
0.0290925980498796
0.0753916197392531
0.16162491057588
-0.0378853946882862
0.658675636304034
-0.0972921235764764
0.0667505983864269
0.396350327201214
0.0128733160044644
-0.293945191664229
0.384226406685335
0.195959788524958
0.154981325364037
-0.163829809801607
-0.6025267127252
-0.325275145308375
-0.210032927004367
-0.27432730151097
0.217382192339439
-0.1082794645182
0.160670381314883
-0.0706617468918176
-0.144889493246236
-0.734346402897395
-0.257661480241069
0.402412769392001
-0.0346390309033346
-0.235746618089307
-0.137131486560182
-0.0547793005722021
0.296853913181176
-0.429813860465662
-0.172156130275026
0.0624357536294271
0.0978845461263517
-0.29182956081117
-0.494172598356396
-0.542631582813333
