1.43871986796773
0.762493518228491
1.52848640550958
1.378734031289
1.42719110594325
1.19307444238986
0.502710338361401
1.03646705017326
0.585555419093585
1.68425983969411
1.48270868027878
1.28592387804199
1.56845291443024
1.75370686439241
1.40215395813632
1.20388738778105
1.55895863767615
1.41310105540512
1.39497001686827
1.3383126217979
0.8193738255322
0.515386900272062
0.309320393351895
1.06852545811762
1.31598534332278
1.25061336384938
1.37684805001612
1.19200989762035
1.28255550172987
1.36600074931766
1.22721662745949
1.33533636842444
1.36680826576677
1.23114657065549
1.4482067034579
0.852772267086018
0.818483145501781
-0.186956861458752
0.456177273753461
1.12815798736261
0.674180019714082
0.209508243633257
1.31647998339076
-0.387908617521584
0.631355926106465
0.659410267114817
1.18040157035281
0.846427484558363
1.1753374182383
0.915397411234977
0.875771157238788
1.59403730245747
0.980821449505731
1.00419339569473
-1.58871977234697
-0.797621231566915
0.157468457494622
-0.394584144693599
0.138508238222014
0.672007371559021
1.23652944365913
1.25598117531154
1.26220276362932
1.21280369552803
1.29919425767774
0.804883541316822
0.900274249534805
0.984424592645165
0.80197353756053
0.216344983480404
0.686422784162631
0.119979160940387
0.848802159859743
0.510367942111016
0.0576997662537677
0.352709032901987
0.758148384518953
0.572289783078202
-0.615636099220684
0.633010236897763
-1.9175206517498
-0.848425142996082
-0.00737142770594058
-0.954884501919441
-0.556208911706262
-0.0452253964323164
-0.322172296683543
-0.0153161279958037
-0.985654000964727
-0.753049467631467
-1.16624756091811
0.132162435975399
-0.538418236820225
-0.58646634834182
0.992561519695634
0.45545272803885
-0.833659881187775
0.106215339532358
0.764100568527721
0.0209812728333433
-1.26573461539777
-0.408183697413437
-1.52676515976895
0.0904723864644404
0.916794035716064
-0.00861117087520566
-0.64372317877165
-0.76257543612667
-0.327025133509431
-0.241723983476147
0.203424462662783
-0.498164731966057
-0.205311219302606
0.195084733857604
-0.870509961608454
0.699031228675305
0.190965072872028
0.174287739837466
0.213347321211916
0.385161746604629
0.26321295746176
0.652793086915811
0.397275073349596
0.313921022529431
0.548756226008848
-0.0850212331585821
-0.581424267323102
0.00168575365983052
-0.834516574822112
0.621596100267459
0.236441055243168
-0.0649562495750889
0.0915601128832589
-0.0757463972643583
-0.0497543424829531
-0.291197852947899
-0.139151967765782
-1.01477773428391
-0.136099142117484
-0.250722196925966
0.216142139849023
1.07208916220966
-0.330110009939998
-2.24746103908388
-0.642229226757415
0.334105794163807
-0.529248631837671
-0.438036296408712
-0.756798846145231
-0.729962544619539
-0.194141442720655
-0.630620875155673
-0.180487858616189
0.0918853648846686
-0.211792869501176
-0.670459748602395
-0.813316084215257
-0.560064537634351
-0.288471379207132
-0.288258922690064
-0.28549651478163
-0.36902794397476
-0.297123299409867
-0.607623524425251
-0.536343645923716
-1.00454804746916
0.263634734384158
-0.239271294038019
-0.433516658473222
-0.642609771626199
-0.752792650548876
-1.01765875920254
-1.22124029029492
0.180179734901213
-0.0394349833184462
-0.143136662533326
-0.0933229647439483
-1.78465549120167
-0.655878267873169
-1.13993466438377
-0.392261108780442
-0.750490709684922
-1.62750033096941
-0.729629825177236
-0.0327687227485807
-0.0332239966922388
0.0387165681662303
0.195650592398053
-0.363940314960807
-1.64413922154125
-1.11602603775785
-0.912791225230153
-1.10879217351798
-0.504015024593375
-0.500578985202526
-0.435995719353347
-0.707511922289007
-0.245286304005612
-2.92436746444278
-0.976460789024631
-0.803038011469021
-2.33913653120383
-2.00156548055356
-2.46944986464743
-2.45714102035304
-0.413422410809932
-2.59747131186647
-2.59750563304095
-2.2842841749598
-2.58494507280367
-1.46795993613395
-1.88628348477537
-1.43902650272962
