1.52733211288575
1.40491318774065
1.19959069845724
0.591464808880921
0.541932087937377
1.45356112496976
1.29834750447275
1.18998756487895
0.593189950564194
1.32278968648861
0.883352441582885
1.25044290998492
1.63332895041593
1.63608160394936
1.47945407253998
1.29894421370389
1.45394442269573
0.622948651226601
1.35359882395221
1.5656446060952
1.15157678427254
1.1606896971978
1.19384725288249
1.4974895484347
1.73162066523052
1.38152406714164
1.37014671031744
1.60657684509011
1.62891582737767
1.40444402250469
0.858832208342198
0.936333118014914
1.32650115352307
1.43784447187465
1.24301897089071
0.939673312043069
0.645217444945557
0.84821590717934
0.741258776708095
1.22539385866602
-0.868826366592401
0.783237723776225
1.09100558541111
0.942324145466678
-0.410442418409477
0.156615846881999
0.540578219336468
0.619312665231146
0.684112030942232
1.64333017004909
1.80210486046528
1.2030758718672
1.07450385356532
0.606778450556478
0.895382956273622
1.21259584619498
1.41439568655025
1.35516364938585
1.57286900599043
1.1432271940273
1.03476384807423
0.935693024756117
0.572446483075164
0.75068379730528
0.800353150100193
1.14206450888945
1.57477118983923
0.179350651647407
0.642571787252201
0.48716596793936
0.815769793379079
-0.136463764515654
0.773088512661798
0.844775571595093
-0.00927219532124345
-0.852920563725412
0.728045725172112
0.0996821994002232
1.09219647316226
-0.629159411187966
-0.531208029977142
-1.65651116681785
0.114059067756884
-1.19506520648615
-0.238676538641737
-0.473771481869652
0.857105879554765
-0.321243850887524
-1.77673264917414
-1.92509626901764
-1.68627537179597
-0.433766762017522
-0.390994005659484
-0.101053912388022
-0.83195877790942
0.254004948321091
0.378754680511668
-0.278220561223013
-0.086954974151021
0.202512487760971
0.552417434059993
0.371626490419161
0.556042040304986
0.374427610914632
0.413982658710754
-0.484948460917661
-0.22095505030923
0.796603560331444
-0.857762325522024
-0.507483277897169
-1.31704746046729
-1.13066227252706
-1.12194117175493
-1.38200598247433
-0.292407577301746
-0.579693557094022
0.419120657508606
-1.46846700919231
-1.16886136222844
-1.51740338638081
-1.01945015263499
0.480346672632024
-1.94611817315187
0.244088501661064
-1.67424755305194
-1.11525321919443
-0.825704347288038
-1.5397867446378
0.606233728522941
-2.06804337852815
-1.51109411043229
-0.356507006506835
0.0392516567714184
-1.330933098997
-1.23125858784864
-1.40921513788587
-0.750896151299083
-1.88461567358822
-1.26427755596188
0.556903477110061
-0.534496909794047
-1.82277502816692
-0.864188764387498
-0.55959152543179
0.03416654554824
-0.933650682932244
0.0438859566658343
0.345707564989617
0.00301418647642067
-0.125136751855496
-1.00866732146835
-1.01862632694225
0.196435411167535
-1.04768017911523
-0.792651996423692
-0.842238086077504
-1.5583965880285
-0.151084732528962
-0.439655565749849
0.429363770052721
-0.757614613307838
-0.195260032341161
-0.318428367617579
-0.670398071947017
-0.754515639243388
0.273524096136061
0.0665364619593606
-0.381060800183084
-0.320846622561808
-0.84650194383782
-1.04465647331587
-0.503969845934018
-0.709788549756226
-0.787480344901898
-0.210227760397978
-0.481564238126418
-1.18305504830783
0.482759375553383
-1.33147026549556
-0.402857075847988
-1.44629382583584
-0.632954015192742
-0.525073692245372
-0.456569490781824
-2.03619298982712
-0.910190162896656
0.27913167793629
-0.590075034983781
-1.05412380424527
-1.2024946705531
-1.24419537592131
0.23101800001433
-0.807751503161
-0.402103978918143
-1.851554643701
-1.14051641512766
-0.27583079231237
-0.514178567567205
0.268777552697627
-0.685637666677604
-1.40252888410619
-0.743756648889911
-0.300815691320489
-0.5720653239459
0.399501294797317
1.3400763181641
-0.108372171470199
-0.934666595471051
-1.35440568988239
-0.556232231710231
-0.547331608084028
0.183549199387409
0.0671662130170026
