-0.971398015695952
-1.32578640406522
-0.121847607550144
-1.0215734841272
-0.9934987468357
-0.758093278563325
-0.770288271853046
-0.991046010922398
-0.929821299869354
-0.524294869894641
-0.99982479971741
-0.279277612378458
-0.930709193305006
-0.760243663773847
0.627893763135134
0.569697214316518
0.517411428148552
-0.816798455717705
-0.0170562967585032
-0.655434348099232
-1.6290476503067
-0.564161660822181
-0.860275919865705
-1.6026643502589
-1.88708177603932
-1.35998666623501
-1.30229263278702
-1.91850457158302
-1.52559262248813
-1.45968176617626
-0.893533127205035
-1.51969446716462
-1.62284435858414
-1.73540849835133
-1.24846341198618
-1.49665669983984
-0.97611122626002
-0.678015042862481
-0.474779814860166
-0.216520178275404
-0.745122635010952
-0.894574018658014
0.336130324389043
-1.04939500666219
-0.326034653296025
-1.2080039466805
-0.806352723052015
-0.808384791315683
0.191789674384229
-0.669551812487331
-1.27790177645014
-0.577470377805534
-0.665677775950368
-0.83247761991768
-0.889151374367895
-0.61553685605577
-0.532897509029027
-1.0965954670399
-1.115327223972
-1.08561463947946
-0.628687098494317
-0.619224113384719
-1.49381972431974
-1.46271038664063
-1.01211289967995
-0.850474207249895
-0.715506910484645
-0.235781308350646
-1.48971404824555
0.144651736966695
-1.53889782418292
-0.989664565601523
-0.172050661104998
-1.42968052944309
-0.556133428074507
-1.31400554530351
-0.247823662485347
-1.0601792734289
-1.52563735684999
-0.149392953094494
-1.60648771335549
-0.47747910413396
-0.387450763253363
-1.02606012456443
-0.723487115968465
-0.519867531055144
-1.5426869509127
-0.127986240429129
-0.883557560300107
-0.9698246065032
-0.515005893388404
0.849635012218533
0.100102393306664
1.01564360016182
1.11590551955418
0.699057106146309
1.28544900327503
1.36951492239294
0.60188265790941
0.786364729466115
-0.144664234811095
0.29135777692162
-0.0960356043698421
0.578503590935665
1.24624197055493
0.61030335850139
1.18045911176315
0.649998009772938
-0.957473689895171
0.693195193746813
-0.210585196143564
-0.551022114268968
0.0323798218271722
-0.556269295564683
1.11150396449551
0.840684904644157
0.727407809753977
-0.35583189414882
0.0753127702664768
0.479820583674882
0.652151865331219
1.162377950584
0.639684594092491
0.374287921218071
0.659435300153117
0.962151034389739
0.319778457643368
0.126033574158715
1.89409054976363
1.04407014848237
0.759279815446618
0.943872261958283
0.92689060817405
0.132190584497993
0.981695885108944
0.938436448433896
0.537165612254006
0.220437723489619
1.84654771747006
1.01608023805797
0.104204861585288
0.398409324368897
1.40968854114074
0.194152232653881
1.25073012277796
0.989400744903345
2.517771835437
2.5570454404892
1.69650713593473
0.415123864571948
1.4884990813689
0.62448383972909
0.924276038320191
1.00427473002238
1.0323435364087
1.19458938389546
0.714482881936162
0.650268724371494
0.769058708663651
1.38524660497027
0.653997765297426
0.32180996625844
0.659369395730717
0.688796177583361
1.390693710302
1.22730084254181
1.07799979595077
1.3027645583331
0.043931160120143
0.663611770803658
0.504851939573941
-0.110340132221167
0.188481525480019
1.43414907367716
1.11130192271009
0.576221115393946
1.25844978527191
-0.0366868421611882
0.681151772491113
0.816008075656256
1.16038717577151
0.899949911750041
0.78910581501645
1.21302495039136
1.6027865158967
1.17907954635511
1.15921313737561
1.98803483488634
1.13140449315296
0.967058960792976
1.25098116518953
1.24663563189526
0.968273030548481
1.06372009234465
1.12552182983143
0.644489101642819
0.615323322309009
0.82182107086907
-0.643425576725395
0.886023575353848
1.28651646700904
-1.49849329997176
-0.388594718762545
-1.19829754494218
-1.08543201684661
0.461687224433794
-1.54381385659492
-1.07715376160902
-1.33364800738447
-1.34628921991761
-0.484891086705242
-0.0418887669066856
-0.280836114335292
