0.123468547155041
0.112333832644238
0.250294194158336
0.492851071671092
0.287241814332828
0.0642427962427714
0.178903820048981
0.311152964813784
0.672379651229658
0.461767722089837
0.349025569079379
0.676660985360421
-0.283118779498309
-0.197095112441748
0.137453184964501
0.425677786247312
0.385633756928689
0.825928128373007
0.452735007618954
0.128725305761721
0.115492821262291
0.0991053922116876
0.493951014755128
-0.411684546640713
-0.338993243964191
-0.359380909686845
-0.425911379167233
-0.247982519551531
-0.471221010577784
-0.121582722336264
0.596758317793618
0.395274634512438
0.174531864996218
0.257190968964714
0.42805625276714
0.141651514888942
0.42747772851001
-0.0478297685840546
1.10826283027786
0.777505179685092
0.617466066872051
0.932448441589179
0.778240899574708
0.819406406739533
0.786031283098989
0.417150985154786
0.328921778846133
0.892640396873849
0.882683752006927
0.949875913149659
0.879294641235804
1.05283281797451
0.234345603903059
0.89127572179631
0.800861519766024
0.923732533781354
0.657084998679976
0.665506035889551
0.21785879589849
1.03512205475771
1.13412261141257
1.09172177141968
0.00583937886200561
0.338240470453998
0.922715194234732
0.857512955181673
1.44138533424194
0.617402426177944
0.0965424286858263
0.972510319769458
-0.413394135758117
0.395499817621519
1.05513186458525
0.722120371874389
0.824322899325143
0.683576090176799
0.713793820701518
-0.565181986144141
0.289517438461545
0.697261345561508
-0.35759548284723
-0.374381305896523
0.197106680865082
0.364569106165562
0.0348029765109177
0.111176503910349
0.155796830856079
1.07482314297333
1.22255875697558
1.19869250366121
1.23345425864543
1.12404566300309
1.23943087862276
1.11753468997001
1.00697528678125
1.01663918740355
0.568123041810708
0.48877672358772
0.831923586554927
1.12413474708454
0.975102471800162
0.977820025701376
0.941009774336541
-0.0198157673784853
0.74558467687358
1.04098465721336
0.533596606300032
0.630867019036643
1.25350849713782
1.21236093033267
1.14838770029826
1.27296650532143
0.592757239032364
1.09259776329037
0.750852116393845
0.998928813879855
0.629882069360086
1.04257202121126
0.967493364327566
0.933493305029431
1.04419510448694
1.08484304992474
0.532446740970614
0.575223603370081
0.617921159072735
0.333667032853542
0.204684816442331
0.0991179152950587
0.14741759837506
0.57500625472253
0.269545079339848
0.512063164372449
0.1784667138597
0.726314435436608
0.595847712747956
0.557691509042963
-0.0806143849101897
0.573271558229348
-0.0980412144499715
0.360730276521824
0.366052144062337
0.716401467972542
-0.458160786810295
0.301464749151153
-1.13657496426023
0.960954505335119
-0.526468928935685
-0.323438976648613
-0.759505323409986
0.460006849820807
-0.30070335378499
-0.414029887726661
-0.18572244605663
-0.796144927059874
-0.0817434910203132
-0.475417294962553
-0.684597032103094
-0.381218245761573
-0.883638356293728
-0.61342525142272
0.760526324617588
0.41750416052597
0.688034505317731
0.333373449041315
-0.363345653630019
-1.11529929455608
-0.271960934502892
-0.0685588953403489
-1.4534744386638
-1.18129938369917
-0.709957717435205
-1.85293448037303
-1.69704464575812
-0.383922416679862
-0.317907498760093
-1.43041381372333
-1.40243418550507
-1.88234319329077
-1.42555215743604
-0.639078717086932
-1.8384663708642
-1.75256989553416
-1.31142969039782
-0.415825890736798
-1.69009436049096
-1.25940724332845
-1.150315512645
-0.587748619267218
-1.39693557150266
-1.50869307075483
-1.12566264709941
-0.726691511931185
-0.600161673564607
-1.36349215996891
-1.14380237124816
-1.29993303588433
-1.54802939108898
-1.22189494803084
-2.7076925479202
-1.70664261707333
-1.10457636879744
-2.47866612203158
-1.64217486570538
-2.15597029605408
-2.03542910034147
-1.02710262378761
-2.3022513678099
-2.22379503913195
-2.71567731875017
-2.65197087894322
-2.95107288978035
-2.99570761487149
-3.14780927098172
