1.40953387179476
1.26700882741333
1.32768310301238
0.780467344412385
0.875391303819396
1.49396981890086
1.46828206815492
1.52770469689781
1.25796124762282
0.411234115406477
1.23532005007837
1.21510812212931
1.72056926422955
1.86274953684774
1.48638943691199
1.54547436697826
1.51957131664618
1.41065274260205
1.35036509600554
1.62941366808799
1.34954767857368
1.3999193684047
1.300900677204
1.56730685799504
1.65478911948293
1.53432682429231
1.5852569865779
1.51877662807049
1.60227784542475
1.56738997539221
1.38122671943945
1.48416556096245
1.6283903290566
1.51496914716557
1.82216648364379
1.43368076752057
1.29259356917796
0.978059674301438
1.10907968206902
0.40721831556878
-0.910497077202688
-0.699742402908701
1.15048669968211
-0.00992020711434479
-0.0216519967558998
-1.44535985169495
0.316939552168235
0.000102373743892661
0.532331662092552
0.490247294109927
0.261627812735629
1.21720634204709
0.906455308207881
1.26709103193947
0.875432636619313
0.850771318398503
1.15656293653807
0.978561703977776
1.03666522440067
0.941131024003724
0.536590810719212
0.516066316644982
0.580474545931822
0.821961996087084
0.416124167864214
1.09761751856645
1.27568379996971
0.23681527938835
-0.361880715937784
0.578064836089645
0.0902548342026365
-0.616466870745404
0.573939515440919
0.676465517972333
0.13540358205013
-0.0369957324774949
0.0630604102298109
-1.08549038304572
-0.327142073252665
-0.502276959144434
-1.35763690544173
-1.93332232488413
-0.875688863679339
-1.80425024569237
-1.56574456371399
-1.29359887088902
-0.446179734116857
0.734525437629359
1.3290804138181
1.28095582870252
1.05076362812627
0.513464677165536
1.31682110300243
0.998860399518369
0.461577679766444
0.62895503358561
-0.0862412099453887
-0.0980784424797262
-0.561086061256142
0.832472225919406
-0.433598865635057
-0.884657500315051
-0.236582238084456
-1.32636579154465
0.871944452920919
-0.703459521283356
-0.863575184458014
-0.271503769757249
1.33535847580884
1.03235264518565
0.915377044519212
1.25781979810867
-0.00835888443350766
0.825718815556699
0.384903674026954
0.198547259315358
-0.617920621490144
0.767831808226874
0.670616132207574
-0.564494529707409
-0.832448152146805
0.408718761516663
-0.667312322786831
-0.308313905770884
-0.150923342251242
-0.94402047324182
-1.3124368341216
-0.387690699034127
-0.114982409788314
-0.455077066267042
-0.718796389171986
-0.39945816246675
-0.449938230397187
0.154261042339132
-0.166931954374859
-0.100887688927946
-1.23600760699868
-0.250390901550608
-1.65297728916919
0.103277295823526
-1.19806479020468
-0.257750992469563
-1.21940291247966
-0.459751623046568
-1.06133534206233
-0.379241010922182
-0.733478129369997
-0.495615945165863
-1.03370312227281
0.11895229924157
-1.04451484926496
-1.31425019734206
-0.706617467536677
-1.06910072887497
-0.465887142474762
-1.35904182220041
-1.05541383499135
-1.25232185881409
-1.13908761514738
-0.307331642581334
-0.834013691316304
-0.902181675449646
-0.581655744399024
-0.908174589906753
0.0443943836152573
-1.27804963022009
-0.68359213801019
-0.0212944581738778
0.00195246189886724
-1.07289201280977
-1.138482926795
-0.907116790137971
-1.39129779643214
-0.762344769008984
-0.527540277722701
-0.914007807447498
-0.763078468413155
-0.710560762975585
-0.89481601632074
-0.642219580702588
-0.767049090001334
-0.630439747430566
-1.83731636576843
-0.593671989465407
-0.490078891410612
-0.706423095697238
-0.269678790286928
-0.170496628082892
-0.559720041223306
-1.52722115426201
-2.00119186638166
-0.378666477167876
-0.622276901320507
-0.590555924831877
-1.00655104424854
-0.783603283743147
-0.568831318379801
-0.555211640994409
-0.906216166831901
-1.24487736308191
-0.939934896787307
-0.805698609060935
-0.451192344010054
-0.50617092462048
-0.779548954778927
-0.859271921173149
-1.84594254344497
-1.33185113240293
-0.948376662190165
-0.532599863845772
-1.07817727918523
-1.66898861082316
-1.20510752369337
