1.60013634770776
1.52855980174655
1.37544979877169
1.22569994338331
1.258166832499
1.63857226430322
1.9353194261597
1.88989004359107
2.11547769542226
-1.57256271610195
1.2511756293588
1.47072272919351
1.14933243630023
0.897643771198035
1.18551194914596
1.17286944810194
0.812661238370878
2.26880965930978
1.74055618879006
1.49428944769902
1.01872084206133
1.03592281924014
1.18016757686492
0.915619862148628
0.756502829365634
1.24704906390175
0.896933154342084
1.30404417866347
0.707907306945697
1.02991128371358
2.04583237034218
1.13847283620794
1.28586141174448
1.20133831974233
1.87854245448668
1.00888015671351
1.22843392901126
0.631670723800769
-0.0919998734688968
-0.00464156211765236
-1.19529265510155
0.623225258772155
1.00311331626185
-0.534644047739484
-0.468555334568822
0.333557195344254
0.832274442751754
1.45767055370004
0.81126529345877
0.69473657835187
0.629984339871225
1.56265780295331
0.736376353693551
2.22560198737181
0.919810391486698
0.494451901075001
0.852597579762845
0.329121290726035
0.780010548871234
0.951841909833859
1.02202638772776
0.648769648711505
0.550265166041079
0.634380770094915
0.627599099945482
1.00569194272436
1.18324330636804
-0.588247537810088
-0.764181180425944
-0.349234468158807
-1.18374799115612
-2.03438890284067
-0.333724257752633
-0.993404306982494
-0.188941066755198
-1.46753578813495
-0.323424182023404
-1.65003217558077
-1.68418096461425
-1.52399207662694
-1.13372365589488
-1.9389292808118
-1.33682948979794
-0.391323574769834
-1.30756436212829
-1.44422649053831
-2.5073011693072
0.451418969920505
-0.126264878585057
-0.680408848119183
-0.0679444676929128
0.685469565414509
0.222453317555779
0.611936320840067
1.32721235034918
0.958095984031229
-0.124752482236959
0.398704987430182
0.0504175669204036
0.504266341081075
-0.50781353456182
-0.749264369975078
-0.497047307274908
0.843488044419927
0.733061353188652
0.314726490125777
-0.380655429840333
-0.143585044288442
0.985066866959067
0.685165915488706
0.209774025465043
0.406366403612864
-0.29473717884295
-0.214428643035389
-0.02612351287038
-0.187907616616286
-0.641456289243672
0.677237670198997
-0.120842621674998
0.63029605608726
1.013974330268
0.756088363476375
-0.325314437535197
-0.382692758681461
-0.181690582645832
-0.812773518921272
-1.49268926983089
-1.23238085706982
-0.425142303315261
-1.3088401510023
-1.4240660497308
-0.246451677884733
-0.812191249122148
-1.06425198519569
0.0611951952422036
-1.53728142555815
-0.852999187613792
-0.177280667716188
0.367154125003217
-0.574292366020981
-1.60407833900318
0.154558565977122
-0.0955665244833074
-1.13563645001924
-0.40266001146627
0.495683655186627
0.123346415441514
-0.149395565211931
-0.305955683118263
-1.41731259424717
-1.57953541307571
-0.429245442864006
-0.483871968899824
-0.301157961462489
-0.0314901446172377
-0.781125352395894
0.67678936074982
-0.707636317908682
-0.0841353189812572
0.0488519834011707
-0.279743508046267
-0.430380217778255
-0.22075427788639
-1.16244930771115
-0.894341632292282
-1.09068423585418
-0.482222670476588
-0.386003544173676
0.748423319223142
-0.594341132971609
-0.612420722688728
-0.750882417532114
-0.903232749214494
-0.307521093817591
0.692494852779359
-0.226754568176479
-0.514982772186733
-0.786481529367144
-0.617970910822318
-1.11110601106884
-0.818444509735282
0.4351878192031
0.194606198323257
-0.183257963218408
-1.18064193237032
-0.754883413520594
0.730597894177523
-0.0753563326914909
-0.652726164684835
-0.48623614182964
-0.614595977562681
0.383318591479673
-0.71944825543569
0.427004864892161
-1.69526185556489
-0.236676961279049
-0.247895510269879
0.267655132534527
-1.65946976018911
-0.0852787407226781
0.584458306047837
-1.59985241536127
-1.75911156177606
-1.78337094535517
-0.834894936209122
-0.976667636355751
-2.21993219256164
-1.54648869575722
-1.56937438353757
-1.35347879503927
0.346892998379343
-0.365618992475749
0.289871250110676
