0.620794433051622
0.401398469457573
-0.430338087589508
0.279520485823863
0.140341428406843
0.351559444771185
0.452690992926928
0.559153908941017
0.690535081327902
-0.929733368219612
0.118192688851457
0.786681066052086
0.0296902367732581
-0.0663992611278096
-0.0484186302458937
0.209492254141768
0.110009774509354
1.000858454876
0.593729840777489
0.478531250277699
0.139137340427557
0.0627945092863744
-0.253818006046685
-0.342274269201046
0.375741387468076
-0.431076087761873
-0.975057705842506
0.234979388035661
-0.130251175959519
-0.149859929757527
0.62944266960516
0.166964951792972
0.044614623344863
0.348435756337351
-0.0839802536033657
-0.50555322328766
-0.889755814607624
-0.345248659291307
0.295639593960682
-1.04889225509276
-0.400939114728365
0.587884666240454
0.980084544679691
-0.533334812660463
0.240019008651118
-0.398909968630756
-0.240221824999481
0.74877911224974
0.353016300565077
0.374028796872843
0.54397097581121
1.17574194236294
0.984571321668811
0.782957150950816
-0.546610874023044
-1.53970674183061
-1.13294004898869
-1.83383351649884
-0.317023414344837
0.239039961612565
1.10505013440384
1.36896599170512
0.119312751608083
0.154298813918302
0.561346176902688
1.33445560103592
1.2980695372824
0.493012781298038
-1.01423822957931
1.21074570789312
-1.54198248151698
-0.0546667127592658
1.19462280230436
0.0718156387305583
-0.263159632725618
1.3259973508434
1.37015564327667
-1.41432173087696
-0.236293408191365
1.52303032342903
-0.565680106843546
-0.880942187555549
0.920066003347788
0.293977900383819
0.141052190575983
-0.126974928100512
-0.67797062449766
0.533857258792386
-1.83037001585242
-0.844583865090747
-1.16792218564991
-1.28337850780794
-0.988007561753408
0.00411502668132522
-0.492621563373707
-0.517307898475576
-0.106918368042027
0.217830692978476
-1.80455200719225
-1.02047892905326
-1.10907188263939
-1.17646037528367
-0.951228881226975
0.881556262732584
-0.0283107681787688
-1.52114818968529
-1.2370239107204
0.980347859606823
0.709739993567399
1.28598465934369
1.39533404822483
-1.0753277138019
-1.07469512713454
-0.295221100387824
0.976260718607527
0.972609941938728
0.563602975344347
-0.609143707297218
-0.04383258932875
-1.16121993041338
-1.10852884729176
-1.47211757982902
1.64147377118662
2.04902447804593
2.16157000173603
1.43427487858072
0.849902901035868
1.01194172581023
0.971514782164273
2.43211904060717
1.91126904650293
1.87675333117115
1.84829023596206
2.69607890418949
2.37996081320648
2.57913528676182
0.861690157778796
1.92337590377375
0.106398558892107
1.60651058970524
1.03227275737288
2.25919891263208
-1.40025786279714
-0.0872473702196323
0.273286930419358
2.07213084151906
-0.638188144401364
-0.464457016879622
-1.18528887175875
0.497288709661569
0.887490000652709
-0.51504018040448
-0.916763580285997
0.0145560547524215
0.889827248421827
0.301275124215995
-0.292755947181472
-0.347570712833674
-0.876456484216879
-0.655064903661194
0.194181975433075
-0.891956028450816
0.703244784217223
0.37777590457442
0.249186000042641
-0.908311767760769
1.18591851153693
1.08923997665322
-0.723843496443696
-0.420265004246831
-0.561733967807074
-1.93141225055642
-2.3799669276585
0.685794972537164
0.114071796238913
0.00237741625802584
0.384838447039882
-0.769719029700907
-0.0983336912103899
-1.16010005622415
-0.283481868162524
-0.233096252786797
-0.803232128135367
0.204668567602545
-0.3357778640632
-0.0121519077176509
0.126101055119007
0.95915905143993
-0.104308396705358
-1.1178950061501
-0.552169211017636
0.0430814826429994
0.0610846225464392
0.0101907733167355
-1.25041403144436
-1.14865179292769
-0.692793483538018
-0.118200495961048
-2.31437528785995
-0.32934602532839
-0.505569752914449
-1.4290930095562
-0.950777215951212
-1.24158901821424
-1.69003517560982
0.268882544204895
-2.04655509377211
-1.63997430677864
-1.36952629225113
-0.842081316126546
-0.964394351106153
-0.685044151344994
-1.2115021451898
