-0.463511238151606
-0.887451316813846
-0.0682248751248081
-1.04652438562667
-1.02363320172642
-0.683165691710635
-0.221633302766028
0.0565877394724924
0.141320885698407
-0.608768798262931
-1.0625939930566
0.383896430919973
-0.46353856313574
-0.379548704555354
-0.382012732180348
0.185817245063341
-0.739968276731498
0.269620381369193
-0.523839745698027
-0.844163108936194
-0.765468522855137
0.0648914010728007
0.621539671704483
-0.696279942367207
-1.00383929360702
-0.532282145537462
-0.345263008756685
-0.990473023758762
-0.805036271814934
-0.777480675601933
0.00919506294269199
-1.1024160557236
-1.36280896321874
-1.09804702869202
-0.689336009675564
-0.521061203967087
-1.09936441577509
0.314502721063892
1.05450030421708
0.853238829920332
-0.807459595225171
0.0170259036617359
1.20919522030996
0.751818376875912
-0.447171931586388
0.44188260255443
0.0751377610134524
-0.00803304284779969
0.909057046768995
-0.328659638659999
-0.983114838057593
-0.0247684174880899
-0.013184894900697
0.183102900028113
-0.202338548162713
0.467269412590535
0.785218809000504
0.597428109088698
0.00543277066292296
-0.556317677234497
0.354949342176175
-0.156854072174538
-1.17394024451113
-0.310157875104832
0.260711835065939
0.702029448509829
-0.175876620159824
-0.943010832185635
-0.812199455406737
-1.35896007692948
-0.584756249928448
-1.07605194177272
-1.0999921128787
-0.756182168599302
-0.435952461980839
-1.38047325131119
-0.163669927540692
-0.612759574642146
0.138300811454573
-1.10858190665551
-1.30797873499104
-0.499837220101482
-0.32532038234799
-0.843988853144606
-0.469267827672307
-0.844706445031399
-0.47875595510335
0.0312874530698829
-0.678477105753058
-1.43333220457724
-0.315585918067336
-0.514878302281381
-1.25830397195884
-1.46489797772142
-0.551318067802183
-0.40666668577567
-0.0540635336142687
-0.781384487414875
-0.0467864616225572
-0.771621224606889
-0.16882642932255
1.28727151644781
0.671400105702129
0.0805306219700909
-0.86507750553951
-0.858559548277635
1.81190522193579
0.606253621643173
-1.6201056706991
-1.016204306596
-0.699110133324516
-1.02662816278158
-1.03889246851035
-1.06401121890715
-0.426474718797439
0.243501658994322
0.426160868406593
-0.935169962461843
-0.961926736029105
-1.06854918937255
-0.994636332375884
-1.00432338501333
-0.728151917090101
0.547098425519338
0.587195509789735
-0.162298667683067
-0.659565939652792
-0.840696613798831
0.310907695541684
-1.39003650407852
-0.916197359949641
0.63754682567957
-1.11844928251178
-1.14055436754122
-0.131149180942028
-0.947182121600627
-0.786413108152935
-0.0971035208115301
0.440921220212529
1.47812618107582
-0.356407625266184
-1.10007955205596
-0.430735095837448
2.23374309674285
-0.577564135821268
3.69604105313398
-0.974267474009274
0.414998019555978
-0.0782293243453114
2.64360175973201
1.22082122421212
0.993030556544016
0.059881181317976
-0.531784855799828
2.02828657179352
1.34253996500003
0.495463124014367
2.15128095285063
-0.10560425405124
1.33900002506491
2.95194768268851
2.50146525241987
2.75630076329589
2.8929027372149
1.71049381147478
0.877741599191618
0.990499374941548
2.2475513552852
0.85308647893766
0.638779024464843
1.63646454877741
-0.667150365007994
0.235865415121776
0.779748147330341
2.34180698706984
0.370105541068649
1.21461444906802
0.698533854682254
0.814191460335309
2.07054467584499
-0.114999802185869
0.375171712477707
1.15282806420956
2.42269772711595
-0.380695024825059
1.17057450852049
1.08041371386176
-0.201418514891915
-0.199256031747274
-0.786475350567294
1.88754937774007
-0.154095469792376
2.04862769559014
0.262557304842446
0.114864094786256
0.222859269622454
-0.532666712714523
1.41149392355922
-0.133951557759104
0.584300778128131
0.555119203502952
-0.258260014056452
-0.125100158746423
-0.43671715141236
0.586577151854042
1.1130054199483
0.528119447503853
0.2905613208341
-0.843184854418177
-0.741570120080445
-0.469818373395507
0.107599985572838
-0.50832995607162
