-0.578615879858338
0.0491322245507388
0.301672146331804
1.4195901219942
-0.610849366847251
1.32242625368515
2.09669249399092
2.49935440732365
1.70841044714628
0.718595461091497
1.36299824899447
-1.07727337735081
0.365684309325494
0.279040646862275
0.954102431731989
-0.455918209575967
-0.0220159807611339
2.35522802371516
-0.801985501887424
0.287830705259063
0.484122306017086
0.50512968452551
0.079639084607393
0.995534840095857
1.13527764490386
-0.0645514507306713
1.24583092532666
0.397734382798093
-0.437387861000903
2.4298506194713
1.33675930704272
2.51948294181326
0.231262893940133
1.09628773243583
0.085644905617649
0.851039655715432
1.15559989550578
1.09867510529149
0.435810880757288
0.615651778277608
-0.939632257933783
0.347513350732409
-0.647282687618253
0.99015223486924
-0.500178284322203
0.0571538890705565
0.300915073063527
0.0682884552107019
-0.395540635088423
0.612450627137541
-0.00547548010740663
0.305465755035305
0.351133335404695
0.966867676551359
0.651695968059331
0.060804936457898
0.0847611037291561
-0.692058078586432
0.112714713089358
0.201639203898507
-1.15271593391619
-0.120758435160901
0.540550189527481
-0.121112886272348
-0.92407935423356
-0.0735074230468296
-0.0351185674926085
-1.07298607482635
-0.0136037187396793
-1.20088977928568
-0.0100744422785891
-0.681751497521582
-0.473266670625523
-0.608053951094371
-1.20072848982542
-1.28919431015586
-1.43978015345512
0.168158261656408
-0.370255556223541
0.825719013327384
-0.110933506115939
-1.66736418547485
0.758764239200846
-1.42430346889615
0.318963324261066
-0.12540933677741
-0.708344593251646
-0.0856631840902615
-1.87334569346555
-1.3885995358361
-0.303531994211313
-1.07489626392728
-0.617531148111334
-2.02516349847355
0.602912578287904
-0.340350660300263
0.108272062678706
0.962911017575672
0.693602058833822
-1.19170530463041
-1.49212013911538
-1.33530800456
-1.60899245989129
0.202862080510835
-0.766609475535585
-0.309429009717951
-1.02990977244736
-1.87530776267944
-1.22147543504378
-1.04792923270202
-0.487656045439697
-1.19928125940641
-0.711069245026306
-0.646340873151979
1.00744044084537
-1.2145152086117
-1.38139948194075
-0.814901214721119
-0.8972576354087
-0.911385518327926
-0.24571593948857
-1.59181819511398
-0.629485217925565
-0.211105341744423
-0.502149522547922
-0.492571136462708
0.44524402917325
-0.933397419790201
0.837218307764027
-0.730735084819957
-0.152386378704293
1.0943545440707
1.13251195247799
-0.290759116423106
-0.641687186456692
-0.802412626288943
0.0734787910590389
-2.10646449609348
-1.59519031834466
1.5724248975372
0.122756997313264
0.333676763764749
-0.888130618641505
-1.77826247918382
-0.740704562392846
-2.23350757460806
0.149393024194653
0.185985538804621
0.770908816200824
-0.416989216919308
-1.03793930901021
-0.522872451437227
0.0126505422429212
-0.963420806456943
-0.497235030367519
-0.213496802018411
0.78606509954225
0.53741773974387
-0.367774312774516
0.674936970913078
-0.0950128607355444
-0.462098206621861
0.455575858290239
-1.95629147787042
-1.82338922921641
0.893676146674048
-0.185432474858825
0.430691450651368
1.02487874977595
0.502121806331327
0.5951736733332
-0.971373897279881
-0.135551363446719
-1.17106490713086
0.832743583011874
-0.6142527830385
0.92632523915906
0.51869497624481
0.703609894625254
1.0561895682998
0.540054826015394
1.85788977479339
1.03111932145715
1.02720197255361
0.63403401476166
0.905955435602137
1.16377720816699
1.20647094960256
1.47536113212297
-1.67305874573697
1.13444905900012
-1.11036617393527
-2.22999117218786
2.03998041095774
0.877465244434421
1.27002253656416
2.36360395251665
0.725174006340727
0.44775461812109
0.233068577171899
-2.10243145948136
-0.00713135727111307
-0.125017159977935
0.47912484691176
1.08829131820677
1.48571820675073
0.546437933189987
0.00692826896149665
0.00752861498915223
0.789554836559927
-0.749096638441657
1.1177456225827
1.05722174966346
