1.01227526553679
0.713513248611035
0.796404122572526
1.42380523424798
0.938805560656823
0.0225199490663182
-0.873157050066272
-0.837592299834091
0.465217249928628
1.05007781489038
0.52316058074113
1.13894941326529
0.875570524394981
1.18314234991075
0.838407396348622
1.52566992507745
1.17838242190711
0.732380619598477
1.39103970940206
1.05681723572889
1.47748323541139
1.06283588146262
0.656596895011561
-0.0231964631844573
0.779278951008751
0.226509500189676
0.28814540403128
0.723179029933041
0.162489855170612
-0.27163075996512
1.20081181660096
0.279536737543616
0.596626938529788
1.12608258139929
1.13122859519027
0.716617543585314
0.872554823357444
1.01630494343518
1.6960607296336
0.483029368574678
0.548323805906782
1.51396757524554
1.24586563362956
0.721971311744186
0.0403961324213935
1.09123737554476
1.02384441789125
1.30257362209387
0.973505221311548
1.03479997287841
1.32363702633982
1.25556904448753
1.5102449072944
1.2966886609594
1.12982377936176
0.729636924136179
0.846036526138198
0.237701036612717
0.371983640120637
1.23851185268885
0.976433262643141
0.981536531867587
0.327596084915899
0.646912719685755
1.00295285517469
1.3328019616972
1.85122499144829
0.219297437097727
0.250574893262634
0.561759474985623
0.30178916742045
0.182632938676988
1.08887919421489
0.854439147458426
0.216516899536622
0.00305580510429109
1.06472527265318
0.418536552736108
0.748809754255113
0.707119161287438
-0.815376851853472
-1.25125643515348
0.15785873196345
-0.890916298963193
0.31154062635033
0.256028106189885
-0.0734424076104381
2.05110026727207
0.350813661572688
0.0180480592647768
1.91641968390189
-0.173743209572405
-2.1379178536881
-1.98196965375443
0.61446374467507
0.904283119723527
0.502527882784327
0.769783140316698
0.758874294008183
0.249570457312937
0.805274680371672
-0.530411339490946
0.682133194630376
0.859326049080085
-1.54567474910077
-1.45679926691727
-1.16584864813108
0.986651453762575
-0.415231723708021
-0.336354796018305
-1.04355395500339
-1.57005764384746
-0.0281941842941889
-0.897410086098456
-2.38146170074839
-1.93921140531844
-0.650147511753799
-1.09649763089932
-1.22317050736945
-1.45781180960152
-2.17883512614898
-1.51341248802118
-0.617515013841895
-0.862071945390418
-1.37983441319654
-0.952209454474891
0.342403116959671
-0.119657865622323
-0.893030736407591
0.44875840701975
0.440081907439503
-1.31435225098603
-1.07791227497825
-0.91643574014189
-1.24750514978148
-0.509152251370549
0.194742472034492
-1.20307742770776
-0.787705255398952
-0.719993660110857
-0.454374752065571
-0.747068391438466
0.238324420742769
-2.6158290378232
-0.996295941688656
-1.47632352980776
-0.317942775797171
0.378919023790695
-0.42713519026092
-1.44261017096774
0.274557330381873
-1.28117385554878
0.764385768225703
-1.0750387454201
-1.20085686270025
-1.12198958501522
-1.77888409234507
-0.458908282031226
-0.476874994560687
0.622732041302356
-0.669819295255007
0.987632542827555
-1.31654749469064
-1.10690959965672
-1.08599270960313
-0.0325313577766881
-0.223751839996122
-0.597071837803356
-0.857462605672271
-0.831866674519873
-0.796933422685777
-0.452182209575992
-1.4928806480193
-1.25191001096089
-0.94216197530158
-0.981310556885779
-0.70611300410211
1.45221051326341
-0.738139430242937
-1.67730219531314
-0.748096403641754
-0.403022430174937
-1.35217992169499
-1.68751837836937
-0.366485376474287
-1.05027610643619
1.2642862128723
-0.0180922325488186
-0.525300691031724
0.231191323836319
-0.592657871639357
1.57810804699248
-1.81406497202649
0.725991848975309
-0.696993485675293
0.395250724595319
-1.37175208931868
-0.990429091948426
0.693393909635086
-2.11452650546547
0.420879032668424
-0.125401250312901
0.0387228048435844
-0.146759112843467
-0.276475204722927
1.60618268218549
0.232541160862638
-0.129675696004641
0.324356284488122
-0.274408944709731
-0.22137555314302
0.0994885640057017
-0.586839628771764
