1.08139361168324
0.948894455422744
1.06983790182381
1.46504118668234
0.984662231907857
1.20951842894081
1.16964385267705
1.19571723252618
1.21416264845819
1.01341756569617
1.12394494203882
0.798451728502956
1.13263813842075
1.15578675956225
0.834756374249244
0.612469417014815
0.695388715233666
1.42178591564988
0.869217699064452
1.00581728913136
1.01500642532902
1.02712746071906
0.888327582076707
1.12637056520227
1.14976680557931
1.03686224838286
1.13333556376941
0.880620527980103
0.906236402142135
1.2943593088723
1.11901418294117
1.3431716264638
1.08095060871581
1.01368357265914
1.21423057211
0.721786664963351
1.14424712732884
0.810324318278091
1.16459285758202
0.779356208369999
0.564283830871444
1.25441944618922
0.668711206007339
0.262305770540807
0.845050179966411
1.50170239047265
1.18495207457934
1.32784902979651
0.570561513049361
0.620669098235325
0.572433730731261
0.257228901246902
0.566478258215126
1.42307550329523
1.25844582827786
0.674038694215259
0.483965052747962
0.366365005338971
0.9682840264348
1.10756014124257
1.61014055814083
1.055990663626
0.990155460985567
1.02021744661325
1.08605819482434
1.28404424974932
0.574607241217046
0.0903186927482315
0.924872417761388
0.975029199830027
1.07394958670352
0.616786589698195
1.06884774134689
0.38540391313675
0.713075766239815
1.18656455918148
0.031443991647668
0.875894161827104
1.23871256901159
0.853147633073878
0.266339063521331
-1.55629108854684
0.485420001251264
0.829128117038224
0.881409331589999
0.649726208719613
1.28077023649809
0.453330813691998
0.190330072359455
0.23019359374635
0.538591125121894
-0.871143268526977
-0.159483867725959
-0.704755917861755
-0.423730521332218
-0.40614410602555
-0.227685930322709
0.456806551688733
-0.217310201324578
0.121278294140792
-0.869300020862696
-1.57792494230137
-0.124050853276391
1.47016425063847
-1.74663293816164
-0.648775419107726
-2.17822863261708
-0.611688555629733
0.981548098188712
1.2303073555914
-0.887169005195508
-0.903200904257463
-0.870467646988093
-1.05877460027814
-2.08549652945335
-0.795606241576214
-1.12325536034758
0.00142752493758925
-0.726461853881122
-1.38808551103128
-0.356128187367713
-0.185205197154606
-1.52265500016621
-1.46278041691621
-2.05942385327337
-0.783386363952156
0.446275591497216
0.7701256671918
-2.31128941026558
-0.558048416723971
0.150138349439007
-1.66172707688992
-2.08995983191977
-1.04091208194163
-1.51214075634264
-0.789107985854753
-1.16912648212023
-2.03343781061126
-0.464527908855995
-1.80363419426296
-0.871265849393896
-1.38001293538632
-1.11710394956306
-1.88825801110586
-1.60982331001946
-1.21273136317532
-1.14328527417359
-0.837716820001752
-0.930347407123971
-1.72685202935927
-0.286555884240495
-1.41660123172233
-0.188967408628296
-1.77949857448575
-1.13409011783817
-1.46601049357432
-1.68680686118668
-0.942923728075701
-0.358560652558377
0.383872241813809
-1.64150600745832
-1.14178691853504
-0.902802294015007
-1.26747182563605
-1.4791146387379
-1.43888667967403
-0.818069634905204
-1.51280128516677
-0.868737372276595
0.490513356546185
-0.0990265967528075
-0.028650644880399
-0.673540874175235
-0.23319920072634
0.12976474231698
0.326172814738884
-0.358527873416253
0.097524642141864
-0.0997548950399096
-1.23181623867994
-0.496539491006296
0.389624117172019
-0.332917783694826
-0.866104828969588
-0.585825101778185
-0.383615391344774
-0.196493215254132
-0.0326801061486554
0.0864113393844106
-0.226496671648887
-0.567981121574994
-1.23987752462736
1.38296970355898
0.291717539256031
-0.66626739255846
-0.320806515715226
-0.650133871638968
0.328618808143245
0.394294373499222
-0.880513361482849
-0.768086217649837
-0.490396494926353
-1.15305990464615
-0.442904005647481
0.261508171976266
-0.386160589868017
-0.0977541082047694
-0.520833174733035
-0.360423684550624
-0.672593238623644
0.124356289208336
-0.024972140258386
-0.00451972008650432
