0.386220100080826
-0.28164614876138
1.52393766002077
1.18133525076268
1.07213279069956
1.47410090941947
0.403590829410488
0.50355565939624
-0.326558174994648
1.11027712058748
1.24078027616471
-0.262628685602168
1.32005372389103
0.635340086129602
0.650604597319576
0.0728841853299103
0.0959324868760299
1.46782261419207
0.211178565111446
1.37165890312616
0.43503769829352
-0.0924514495393844
-0.0493128099311742
1.57259633617642
1.53352281659011
1.49240612073979
1.40688765260724
1.25098110656856
1.36189858530082
1.19704088683909
0.659853314099029
1.03631050283094
1.9059484429103
1.39824315805165
1.6896408277612
0.421507360393782
-0.252286783278057
0.0897645371631214
-0.191128229147181
0.132820494955479
1.31446525784841
1.29203089288614
-0.175185041889777
0.114170392214549
0.929614263518092
1.66881945674208
1.45132565745251
1.51898373224775
-0.140787636529672
0.340618758687407
-0.145719737949218
0.735617885370058
0.35829772124969
0.96462786124796
-0.791172115491827
-0.615161245216584
0.568147650195158
0.274521335880846
-0.431468492870336
1.32224536809485
1.632137437674
1.68563421031151
0.45740160995252
0.771028610110886
1.80837292968321
1.37084067732942
0.716786647544283
0.986207463350665
-0.126677817092043
1.19824120627902
0.0652846364476173
0.233438689060328
1.6533023792668
-1.02533329045148
-0.37764773484204
-0.466957357160086
0.817150409917711
0.013846974196391
-0.936399755755523
0.209434560385383
-1.66948238374617
-1.79020758151359
0.728547825780978
0.0947900254362308
0.492135251126122
-0.205269857286592
-0.710214878483135
-0.285556788176207
-3.74429492620089
-3.67947747969864
-1.41793348912112
-1.1818029678039
-1.57852876382583
-0.952495709401375
1.10187388643488
1.37623154216477
-0.635289864686732
-0.310527434031995
0.666754088472739
-1.18251283757186
-0.421124598512372
-0.370622909639884
-0.987287821863661
-0.176420599436119
-0.332516944795004
-0.256392738092205
-0.12463130111499
-0.312072300965103
-1.33821631290728
-0.234589129803471
-0.299582530453762
-1.20835598270196
-0.0932551031384247
-1.9927767913972
-0.537593008565393
-0.586105749980777
0.534138452663634
-0.201327807819135
-1.32398727356028
-0.167285095057494
-0.201631401827409
-0.985325995809286
0.271292407366805
-0.841033531240652
0.249869252562198
0.577688264949103
0.254829866163627
0.400916779389058
0.075417430331261
0.844151049780971
0.607966646082467
-0.0555343689144832
-0.270447196998176
0.328159591021954
-0.902246015194362
0.232500864058369
-0.161952617650156
0.257877324587827
-0.0255203243717952
0.106679523234186
0.0713670430214904
0.674914307355971
0.699878171369618
-1.12094686048322
0.595382169467304
0.241735361751843
0.56687676384394
-0.455590631857181
0.362401710230426
-0.437214955944581
-0.117682599749189
-0.0993068162902432
0.991722333434057
-0.280007845989812
-0.443732080927022
0.536518798625124
-0.837853190199168
0.253116452476668
0.0848594836154055
0.0655470006603413
0.594954564316887
-0.212421977135259
-0.18026416504628
-1.22837089825832
-1.24724976788321
-0.367358725154208
0.976255512147526
-0.625446009420302
-1.6021459863755
-0.493058511246114
-0.242113058496927
-1.14072994026479
-0.806943119472004
1.10723104097659
-0.620725876070557
0.447687894157338
0.456741253500186
-0.651058597854014
-0.612523966861764
-2.32083617208992
0.503547036196125
-0.0130137127164696
-0.747486591205308
-0.647208264432568
1.11386571573792
0.00240824508308913
0.297309217256063
0.717392634964076
0.647467339665631
-1.25849340341521
-0.821717141492842
-0.617421538878889
0.297302911618724
0.257013926083789
0.576356034245983
0.416742873975408
-0.0517079182020276
0.363317104668501
-1.48398089753323
-0.0273137626039953
0.0894254102822212
-0.744502149229532
-1.74190138721769
-1.78369103921951
-1.3580589161594
-0.647357527734857
-2.00053514268019
-2.01918586475205
-2.63006111247937
-1.74808386755727
-1.18076304934622
-2.64584484256598
-1.23775585492606
