0.436105187832828
0.23329673595376
1.57151135090367
0.772793044765354
-0.658837418451182
0.991128216561329
0.484051591853876
0.251371584262548
0.833683903985329
1.51509580690281
0.98706026570445
-0.727142455298189
-0.461836964702643
0.403414322437785
2.03451059264772
-0.20987382551656
1.39995440996336
-0.846762960261898
0.963070485374824
0.360317635902483
-0.00116954774747488
0.869544368384589
0.834413084348381
0.783628232047083
-0.00334588441114897
-0.63867002686222
1.22508690541323
0.701782406723756
0.819482538187649
0.646383323684977
0.549339788405819
0.979848962224846
0.502904668028231
0.351329808227951
0.347599297640276
-0.432612478515649
-0.0668806178266562
0.290904669867656
1.04557336265291
1.15994555194715
-0.590446316728813
-0.134167378417103
-0.676490183253569
1.69191738707498
0.654550444825917
-0.536583778351327
0.489205247644103
0.246237553410764
1.26558590033383
-0.205719009700616
-0.332520905107871
-0.258096828622212
0.376689053886178
0.136420873428163
-0.328048817626679
-0.0804668338585475
0.603102218893562
0.623530163036711
-1.45331151959728
-0.242033548226659
-0.81985453612841
-1.18178521344861
-0.486459881429217
-0.363178497521236
-0.787627630893029
-0.477046951623765
0.413082426258853
-1.12362983762163
-1.08596047183639
-1.96494225083545
-0.784512849559937
-0.406751668853502
-1.62772640525192
0.0625624450785345
-0.451919888723386
-2.01690167230861
7.32214875040547e-05
0.0989716379871582
0.288872043621091
-1.31290837143496
-1.71392837289867
0.00827171348247627
-1.28921434144884
-1.17390102958829
0.52439061636911
-1.32063500843397
-0.577869437905367
-1.24981216048205
-1.25813429536812
-1.93176326884242
0.0242562135577481
-1.90030828657754
1.44781111650987
-1.99913052183576
-0.223784816854832
-0.106987331615851
-1.17493581324656
-0.484781126727334
0.0808390998269381
-1.88346074741271
-0.206657843136642
-1.06212966382669
-0.560512876277509
1.81258932264946
-2.07830948456676
0.614898793517693
-0.606067637099708
-0.757160798756358
2.00979321222844
2.29719807064539
1.32023406458487
-0.166899295124118
-0.117558495754
-1.85828976129289
-2.12111585904497
-2.06955507970585
-0.865363053160975
-1.52205993785
-1.64427574127206
0.184543574848492
2.06570718514632
-2.0166635456117
-0.519844891103949
1.49476100624192
-0.845493147272213
-1.15831215670353
-0.776620499538328
0.741060316589475
0.106928458116247
0.119093462904979
0.024152621363395
-0.836967815913294
-1.65345249469078
0.476523513080218
0.461692547645128
2.42048127791032
-0.254314630007704
0.34339557801766
-0.74631911727929
-0.441197077412673
-0.330423631779874
-0.163087256111991
-1.54846349175911
-0.849161465844608
-0.882101305074273
0.676708515979794
-0.168122704494663
0.913443504546784
0.296428499563253
0.501684571144291
1.2779445068392
-0.475151069932953
-1.33933314154973
-0.190728084220553
0.935157364687005
0.649522557207737
-1.09152760627969
0.517570848295684
-0.825311268434279
0.661274876243543
-0.197841153681303
-0.20617635045388
0.336224846043577
-1.37781106330524
-0.372201956075815
1.24458553732492
2.02735594138649
1.06125470789294
0.0295050735468091
0.25865853242028
-0.849426524111822
0.341153769373133
-0.0709467731507333
0.996047458864053
-0.230935227530109
0.384360516523966
-0.810262383608969
-0.72254934714345
0.347069797566414
0.490628191118043
-0.450169105789731
0.86312715635641
-0.807360357050671
1.18177844713048
-0.0742317728192881
-1.2299820547937
0.963156337775667
0.955036001975815
0.261778828692763
2.06580524275505
-0.220267540145911
2.40921298132099
1.35424220513123
1.46346065420225
-0.0936968081258365
0.254065312778013
-0.00840824570168847
1.86076127654446
-0.911753608257558
-0.482158433243792
-0.232937773564226
1.21952124707277
0.186805964821032
0.485447133925954
0.111858570976444
1.46046559944326
1.28222230065975
1.46316104170286
-0.246790606411564
1.02109140774597
-0.650863206804973
-0.226874750838189
0.602935143665673
