1.43807141389327
1.43297736565563
1.44443278371956
1.29175429600537
0.987995268425344
1.1162191858107
1.57162182381707
1.84204203737223
0.899086620372516
0.410274972541042
1.23558860975133
0.968370311787046
1.0612117637318
0.969684379079577
1.1908290707604
-0.159547176438823
0.781709120527259
1.79723943723284
1.29517441760171
1.39815579584509
1.16758831974681
0.664319912455814
-0.4810900962897
0.998470717748547
0.871260893294135
1.24632733425986
1.35789544773176
0.938394500312705
1.13009646047119
1.51136809996514
1.21968646499236
1.53291790767064
1.00334890524753
1.3119699938363
1.10537023796269
0.717419884347859
1.28996816912555
0.327875955665294
-0.027956334916116
-0.532440911753907
-2.46730666019768
-0.850550958572482
0.779407598712311
-1.05158173531664
-0.455041073309169
-1.53305584990295
0.773292130593734
-0.470303178039044
0.201302032386065
-0.64147220297884
-0.329427816716081
0.800879068626383
0.063152106845144
1.10487282742488
0.872593672620759
0.648223739774061
0.00357416454131904
0.414936143138744
-0.320245579814303
0.562396569588381
1.3807578050612
1.31537272056746
0.484984433885063
0.741453454594934
0.521673481508185
0.589071126711287
0.77588168998171
0.74057814161377
0.372188497244722
0.743017057218688
-0.350161246106948
-0.249606700241163
0.691133212554528
-0.771560129651405
0.20700364219299
-0.567760226351398
-0.10083773460302
-1.76684211823968
-0.446957529390058
-0.323604298661514
-0.897505893525571
-1.79931648428584
1.13403577949454
-0.472115200421948
0.386980669548311
-0.15519103078312
0.128418346771293
-2.8779732661811
0.207923018455284
0.606062161194274
-0.641390845931634
0.400295057763278
-0.022576506389759
0.353893234413463
-0.0720350016987749
0.349999139325257
-0.250104192515173
-0.880164651543865
-0.207327750722599
-0.140788682422205
-0.501279706589417
0.308942449806115
-0.882217391330557
-0.800290839589322
0.161558039578635
0.0634245182618398
0.174557925431603
-0.328393987242335
0.235307778034241
-0.022002392991538
0.0187895849578538
-0.0613382318514441
-0.222816139719154
0.381328121712018
0.0909435074291644
0.476065694651866
0.413783052811913
0.36495310291135
0.455917128935717
0.467664968386614
0.41537236010812
0.0815318740385202
1.11614086616007
-3.62533377632686
0.840706494694605
0.104311527320226
0.00241595369333844
-0.463316143926213
0.869483156658512
0.671014705905573
0.136850455084889
0.465065892161318
1.01806796796399
0.548999188147752
0.596444838606182
-0.173114268628952
-2.5880383921714
0.850670911917608
-0.960204364033058
0.777900940933815
-4.50762342803554
0.494997898619617
-0.0233769244711215
0.550083488533446
-0.342722434068586
0.228552795531883
0.73064918790869
0.413003747745974
0.0430441992471837
0.581071160714676
-0.222669739637548
-0.0275208020661473
0.0621985193957988
-0.269073841834971
0.161225851384342
-0.0510382449698051
-0.549693538517769
-0.205559935564767
-0.00192602720369545
-0.109186977171811
0.0115341825198731
-1.08451623870889
0.444892105321539
-0.0201414456342726
-1.30702407335009
-0.361895339274345
0.0458839246102877
-0.57829558582
-1.85591748944656
0.312269545051291
-0.306951255186815
-0.95945497525953
-1.5239222561333
0.524644903842697
-0.227430512887358
-0.0607057749695924
-0.0400309229947703
-0.43719012984878
-0.576254296946557
-1.81123883039514
-0.273594130826445
-0.536638083956968
-1.12472863960138
-2.40029565914738
0.411507052293643
-0.0124807695180422
0.33686399911971
-0.0391572475056558
-0.402589315156447
-0.783811651537322
-1.32329724720741
-0.0705730490267996
1.11834627766941
-0.0404678329796832
0.0687668060722445
-0.283077540753334
-0.015414743618429
-0.0941709826401026
-1.91426394490309
-0.840636019197599
-1.26842955216252
-1.379939886059
0.150681027491789
-0.936841729499671
-1.99483165097593
-0.285605329514031
-2.55016004017676
-1.78284257014155
-2.30028019191563
-1.64145260424014
-1.05426694010844
-1.59624129585425
-1.33086591555825
