0.862139528683919
0.719554018437787
0.940159050541086
0.814824271947756
0.962488405956391
1.14941024231968
1.1727469673945
1.0998865368817
1.1558260768832
0.962134178156823
0.880816243313241
0.779394393948477
0.839092572718518
0.809023001239862
1.24184978852532
1.16933446460801
1.36359586231256
1.05235025864702
0.831968111208011
1.07501323419646
1.01431675719458
0.810540794526938
0.318888642978245
0.819393240270563
1.0093658362299
0.88601412467059
0.791239028377375
0.674836505390692
0.977237407036622
0.861913166933821
1.34388355100432
1.0060280651488
1.30895576676855
1.18126134388852
1.63120217977316
1.31859345053486
1.57919062437796
1.13801228446106
2.00875161967016
1.45555083572706
1.29459914322328
0.671536029739174
0.442816074571743
1.29316336182822
0.915655164641466
0.969614273255581
1.03496126181724
0.478789776461323
0.654989699423141
-0.280584924299936
-0.859113189927044
-1.21321870188381
-0.807217750816497
1.28064369679738
0.312354663563434
0.299647799302747
0.774766241845751
0.182688012043334
0.0944553534210033
-0.227227041502577
0.804995759493439
0.661489218673858
0.522052303108959
0.689854976587584
0.836828323269537
0.988216918042129
-0.140664747780771
0.753237764793818
0.285622341728375
0.87290265757238
0.434519920953118
0.30644966828225
0.572563954011411
-0.680595793330715
0.570428827996017
-0.523506939595003
0.611982966196512
1.05002908306741
0.286792391607807
0.386971852493796
1.00981646684692
0.0959533611471691
0.435616686056555
0.935498581236384
0.766645191394563
0.678220253368905
0.44521288351855
-1.05355864325653
-2.0030008459058
-1.76293948998726
-1.47539473755528
-1.39634088430413
-1.20915742612941
-1.35850242950303
-1.75721084151704
-1.86804539871307
-1.57921047688082
-0.6297498391837
-1.27492228137234
-1.48750517567729
-1.79030185598956
-2.02156406698572
-1.81150229731002
-0.656986154162261
-1.59946001254637
-1.79816185973816
-2.24799343961576
-1.57518996435185
-0.218817803929638
0.194482683895763
-0.815870361525382
-1.83497538559575
-1.22044633259456
-1.64300249452627
-2.03809718635133
-1.32826938310237
-1.95431579131
-2.0377968446344
-1.33377299298646
-2.13154337983776
-1.79479468616425
-0.933961287231598
-0.197241311344934
-0.394909467345178
-1.12574238019514
-0.294779588999365
0.515132581311622
0.453751063472986
-0.629808856776259
0.213652766282649
0.349771191773552
-1.36433870229357
-0.917555651780063
0.0730853204314989
-0.607183893735738
0.125664084769077
-0.656810341246801
0.0778288967299993
-0.37026617164134
-0.675623382637568
-0.599360259508345
-0.743434136017453
-1.53793368454539
-0.918430962251521
-0.160572858917726
-0.495229866226401
-0.438415170006163
0.121622165506348
-0.191460526990982
-1.61078289293564
-0.645895352514797
-1.33127820095661
-1.1011078218089
-1.7244407717614
-1.19792434421007
-0.811720594321431
-1.66135630117049
-1.50534046304431
-1.46663897052512
-0.338222221975929
-1.83496107232777
-1.73812582604183
-1.52789706101137
-0.428560256290719
0.163689897029877
-0.139583740098948
0.188174185281037
0.544800074880673
-0.179432794442652
0.360407733674222
0.109742525782817
0.225418330785196
0.3341384570073
0.822102468571426
0.494000115244386
0.900515100469874
0.305345502152038
-0.560552278846304
0.490812300908956
-3.98815194495594e-05
0.525366990212399
0.317340369529259
0.526021713324559
0.58566605780763
0.649318410286551
0.724027697433733
0.841206986400415
0.323676888073066
0.341199402158795
1.28905471268487
0.507545801812717
0.959744958588999
0.626410876434561
0.0783862322809917
-0.146584935077586
-0.262525689517574
0.306363124724307
0.33176324082729
0.297571285312734
0.955381667911639
1.20457455771516
0.222425269439372
0.735754173836965
0.699882179415812
0.815413086616441
0.325163116706907
-0.36560725641345
-0.20883674908308
0.199698427362087
0.819934383863565
-0.140536500369012
0.255713133840593
-0.626567198493119
