0.594530938813509
0.316918660239823
0.957960998637195
1.0107020184341
0.818421840506544
0.0928740015946774
0.127078735455096
0.260450222480218
0.418617777654409
-0.712313775238375
0.704811321513263
0.820436528250823
0.847626227607092
0.801882637798815
0.845626854650192
0.687481632624023
0.55588487610718
0.39746116924145
0.264759349456296
0.844191359656815
0.911138427605932
0.184810752351792
-0.99347154702688
0.962995201293502
0.882892440306662
1.10884924652883
1.09693954164205
0.876261411586652
0.851803200650099
0.123904616576869
1.05890506485846
0.332792086353341
1.10201818900019
1.04323207417221
1.13942337504671
1.02313579705801
1.31162504426166
0.896783211838555
-2.76654066206694
-0.462924000271557
-0.721455170506356
0.701657193139349
0.853192411320647
-1.61043716069588
-0.042268493927016
0.286382730680295
0.477862653882145
1.22132186718382
0.254569010618001
0.502520380104496
0.0113141749062338
0.183026528435127
1.46795884009972
0.685314439709637
0.225913503872611
0.0955623140568291
-0.250594610563317
-0.59002084468887
-0.127820041566243
0.767355173359102
0.782739824015419
1.06342055749293
0.685797557466182
0.786645493145613
0.612809334324469
0.836827323685328
1.54081358858538
0.275164084316471
0.947996170262008
1.03936957165263
1.24064882382618
0.92290182718818
0.677537295365571
-0.364837088198476
0.315988193265305
0.688253184813191
1.16652508510399
-0.804784869071359
0.336644744133213
1.07013560944747
0.0294906031725341
-1.44377666058963
-0.087714736651202
-0.745080621001261
-0.17298226865716
0.572939106252624
0.516601286688609
-0.7672308689935
1.23550037333361
1.49287832066928
0.458308743745981
0.375588296285118
0.899859119390725
0.535677830926775
-1.01095376342333
-0.32949460452401
-1.24512542370481
0.699695058600007
0.691420099087638
0.996170758570883
0.669809039219063
0.750484304855968
0.462859532518847
0.0907465315649436
1.07232397650956
0.118133748873144
0.379691168392907
-0.101226305155725
0.98058729790549
0.775111261964508
0.968419595326521
1.305257537605
-0.397816045584439
1.34978285611601
0.218695993427182
1.00137763995381
0.573749879418353
0.8045683293641
1.13120702140808
-0.854517146936849
-0.488285168518814
0.727167357530311
0.941625772449097
0.0428218379612128
0.965903152537157
0.497114934286181
0.128642594252383
-0.049972525409914
0.927319908743021
-0.181017455900443
-0.174604888480635
0.739317548918758
1.56650154108605
0.747055909676819
1.43314603106245
0.327514845499894
0.133273846133678
0.90974978636938
-0.653071209749602
0.451848360052733
0.038487324272677
0.788366432529217
0.806839309772245
-0.744269658855961
-1.41323036345077
-1.24720809867075
-1.06748837089552
-0.15936490961569
-1.74448016606048
-0.527394248723955
0.208820558928193
-0.533105169613559
-0.0121922072033683
0.790834882633601
-0.306971414635403
-1.12487791194437
-1.45816372659957
-1.33625195765351
-0.635341875706959
0.315590654193968
-0.357368165493554
-0.720762652088261
0.0686943211300066
-2.35384910549845
-1.56717463617704
-1.26161789055897
-0.268510318185574
-1.56564321366304
-0.338714876907832
-1.66487007307908
-0.860670608595037
-1.84744899284413
-2.41672314948505
-0.832735953198301
-1.77535259957906
-1.70098351782876
-2.80111532774227
-0.863172648847958
-1.53343794847412
-0.0321307412906292
-1.77682311137739
-1.71725417701748
-2.01536618504769
-1.09976498879485
-0.758097629356386
-2.10006976723491
-1.39463132557536
-0.836423766051976
-1.33327352278255
-1.88870976986075
-2.17022162070239
-0.771047907259851
-2.16092943884606
-1.55552944884406
-0.31688379828542
-0.563443641913871
-1.54295351531274
-0.807487258609185
-0.464686138176287
-1.6060391177177
-2.57351932399121
0.823265069807495
0.307808026167777
0.607379138182594
0.461857397004926
-0.647024541114754
0.126459374433384
0.681194952084107
0.487247163832712
0.88097656752838
-1.32909611990866
-0.00615204935973928
-1.43076761210733
