0.396989389763853
0.285849181701592
0.797977390415273
0.893618010971671
-0.133245949647949
0.0285513614123651
-0.300148423933753
0.325700665923812
-0.122157649748871
-0.46038506951727
-0.209104462241467
0.115149117077171
0.391156226957144
0.239922065024765
0.20088640381129
-0.0686072388388398
-0.037700529495346
-0.484073523198431
0.2536092616833
0.579179541142631
-1.0610689395664
0.240665363662905
0.3617530577054
-0.0376834056860491
-0.255989004617465
-0.339370437571068
-0.363546915673567
-0.772602870397919
-0.572111177605894
-0.160274305076245
-0.250391696938826
0.710449370930179
-0.577185401117044
-1.0607065005423
0.0369350646646032
-0.430265722828102
-0.390785147083316
0.476044905143806
-0.395006322137725
0.114235879873309
0.384755010476093
-0.0770278800587342
0.339370765481705
-0.478845003251929
-0.166120913524945
0.777347448444853
0.145502803251845
-2.35680453520889
0.913090796996912
-1.19929902763058
-0.352962304759291
-0.494768164344913
-0.487274481123987
-0.860322767708748
0.412504546910021
1.06250820822056
1.09536076652008
1.03071111990418
-1.61826015253355
-1.0956122864241
0.635683740166774
0.288032728428525
0.471128586935483
0.0840561362572037
-0.311639955142111
0.43529935760022
0.305853953903784
-0.619562624890992
-0.67287894010594
0.449744294965271
-0.306790943570735
-0.961588115485589
0.869225816861393
0.113498713904869
-0.47037279102561
0.0570923204976954
0.45176986025419
-0.217506128558716
-0.162576287237905
0.411543773949659
-0.231055149964274
-0.0476421241016091
-0.733678872972928
-0.42409323071333
0.23332017530079
-0.0571602296008859
-0.422839428280738
0.433322924989004
1.37519796900688
0.497259435885755
-0.580506867638915
-1.29883751302865
-0.720900374157663
-1.07702549655734
-0.555184566557537
0.106383462292472
-0.3155125455971
0.331190078015404
0.359167229955123
-1.02109973012501
-0.476742650085501
-1.46344600106126
-0.642979594578053
1.08560180450174
-1.1893972522792
-1.14765119310627
-1.21136278946933
-1.90643977436149
0.00256910064780945
-0.159806887579751
-0.00620890236848097
-0.147264095320049
-0.555147318051816
0.0944043679202157
-1.42821392152607
-1.3095222731223
-1.49481281554609
-0.831571490791492
-0.25881619085684
-0.63969849563808
-1.21632471300948
-1.46577236432433
-0.402107257175725
-0.0403229566346288
-0.906801728104051
-0.716210469966075
-0.0107531042453022
0.225014683474352
0.760211266303647
0.395033075590361
0.557338849623021
-0.998647201267784
-1.4985338155032
0.509848573336418
0.0218324709078497
0.550240022554417
-0.544855338274558
-0.598837222078101
-0.889751368648262
0.705231844670311
-0.715657212964609
-1.2461695257007
-0.223275751036137
0.217436552373628
0.344910725945186
1.69118594526063
0.0127709186192957
0.43292608032572
0.924016113088684
0.53328778698038
2.5448764542293
-0.552505218058182
-0.0192524082774935
-1.02584292352714
1.13516175638781
0.375813556117639
-1.28792515134484
0.103307427475502
0.652776208229708
1.26717644265736
-0.702795179771862
-0.504970601334974
-0.326489310503365
0.0682770512900963
1.45367687505096
1.11659792692964
0.67948125600579
0.365776614613706
-1.24579429900794
-0.174275853768474
-0.217476902042193
-0.462346689754793
-0.470255970381249
-0.279196540629051
0.221728309629852
0.0940149679482529
-0.306417043606589
1.17260790315507
-1.25221357613359
-0.266151483028634
-0.71838660912116
-1.05913820958417
-0.475628164237287
-0.898737430285309
-0.0613166472254462
-0.38122993270534
-0.0798049330403023
0.455499792147471
-1.27957727371036
-1.29128974410706
-1.14179754456661
0.183728242749794
0.0866347529675285
0.952487132631464
0.999016855259226
-0.248686994195671
-1.74822915802529
-0.996494183784582
0.968181543152899
-1.35052409243428
0.0585073209993043
3.68793981037202
2.05298715009585
2.56382315682651
3.44373113147969
3.26154847756057
2.95769732888511
3.69021310412647
3.52712460676578
3.12185775437161
0.750022880507667
1.57264941325982
0.878634198970373
