0.480095389861238
0.420739950525764
1.07031369326527
1.5522294852897
0.700583164678159
0.972119576680386
1.4099660504899
1.46067556258797
1.37595666297768
1.53071744524428
1.06861996451333
-0.144261752411057
0.943125504095558
0.994822131253245
1.41022711000862
0.161904877210948
1.09221252584093
1.63357039658408
-0.262776800646862
1.0991197899832
0.626429309449764
0.711399086231341
0.497480504897777
0.85932238039398
0.657557980848031
1.00694576710944
1.02515187937959
1.21954404069077
1.27578504542029
1.13848436519532
1.21293602191882
1.54981909220999
1.61731642360894
0.92923842194217
1.29803987255197
1.5247386289964
1.34341649221886
1.25525989111852
1.57781273434431
1.22355872710745
0.335906542589557
-0.644144673933305
-0.931960419846335
1.30960546524301
0.603187689684741
-0.207096609845384
1.25366655425501
1.16030056781252
-0.118231375189664
0.519673608472193
0.245291055369447
0.201752044587261
0.103590482574836
1.81346862653061
0.894643603023977
-0.181247235171532
0.242612231669166
0.581587663586941
-0.0277470944693867
0.474701244732589
-1.0961370903975
-0.497088951334619
0.705149997346669
1.04835109421879
0.435436414978458
0.314098152906276
-0.373400380646444
0.612016683542544
1.25628167084989
-0.831666177757615
0.343238166777195
0.301734431381559
-1.1912671329928
-1.35564926293128
-1.35802048741007
-1.46179803628156
-0.0678404303001304
1.62671023094943
-1.12572542154782
-0.821270776203075
0.286133157140652
0.942367640890207
1.49359015947366
-1.69997964554531
0.599265098207807
1.07483393555139
-1.22714980039268
0.611439585809601
-0.326999250802943
-1.0089336641213
-0.489513657945768
-0.778902882488007
-0.889382133572326
-1.37308007025484
0.0708426355981681
0.775114940807067
0.461279025776307
-0.255709292421794
-0.282154359058279
-0.456940963733416
0.429196508031443
0.0203286897437555
0.59817656890235
-0.446574611225132
-1.40807412319277
0.181574247897668
-0.499766666224812
0.189024064475904
-0.666862810698699
-0.543509798766691
-0.818662714719809
-0.896076118268493
0.384797440936825
-1.24210174485816
-1.54523348508426
-1.52394171643986
-0.664316751874885
-0.37564228513458
-1.35140017669656
0.722320325015323
0.943889621213053
-1.59118059691802
-1.55731213502673
-0.637300838223786
-1.53715285322349
0.262171114390017
0.377265947265757
-1.6608405413595
-1.67581819667388
-1.59692612312699
-1.21505932382838
-1.40114300205986
-1.41310606880752
-1.62864191830768
-1.66892277088292
-1.52320554797714
-0.844315508648832
-1.54539748372149
-0.760698110281067
-1.55641789535778
0.0485390576172992
-1.69785740325248
-0.559891540456769
-1.26610260918418
-0.957733068676569
-1.20895235020587
0.172243008154245
0.860450304244969
0.592902261151609
-1.52489056436269
-1.0016120475791
-0.662020955102755
-0.442235438411207
-1.47489994766676
-1.13515796236635
-1.59136737682593
-1.69563150643432
-0.929554056471922
-0.463947048040812
0.656328410424049
-1.22018983216361
-0.928108037500711
-0.966685914380867
-1.68917905297328
-1.2404847475034
-0.376231146975836
-0.124832299384889
-1.29305993481667
-0.722838445324902
-1.47385290900671
-0.507824028900341
-0.358939219608209
-0.787850278302102
-0.704600907108926
-0.455954032666319
-0.417126385717515
-0.12568358236795
0.805701708450324
-0.634179209602127
1.73348157783786
0.271991345073304
0.667531216983641
-0.195160770479059
0.0539099660845773
0.826027102889339
-0.34861580991846
0.281380209531705
0.870071417951458
0.448909463607443
-0.283776565325479
-0.203865524824841
0.568582895562036
-0.591430301760096
1.02830846219398
1.21234515312093
0.895273357991767
-0.166542100880704
0.356551613007313
0.407820144624416
-0.443827520335156
-0.547919517889951
1.6464150193241
0.091806168830029
0.624946243392998
0.612264930835718
0.514184305866274
2.00188928425167
1.12632065385849
-1.49281267605688
1.52231755106383
0.904881318579326
0.218203400690164
1.43967394394709
