2.05281246279917
1.58638948536939
0.735779701300649
0.0396622804663344
0.216943299751071
0.829103672283309
0.840399879898379
-0.296453649862406
0.143112957743265
1.18079066147828
0.392381496265087
1.30458187348805
1.69219023104764
1.64523856184423
0.956916462064887
1.20814784390672
1.41729557463241
-0.0985418417940255
1.87189368214598
1.91123917565626
1.53285029656456
1.477906778154
1.32040964260318
1.02770023007224
2.00489099513159
1.092991712805
0.413878243782968
1.83395217475435
1.54808551690292
-0.278198177184866
0.34392712650327
-0.39240255357746
1.13250501182987
1.77832463937736
1.10109398600687
1.08134969217206
0.616060609299097
0.509308731903354
1.22265104954543
0.811270698338447
-0.0206185317103498
0.539602265071657
1.33472313708441
0.830011823110313
0.236589206141695
0.834499544732184
0.56433039040704
0.397473965340313
0.900974056684902
1.0481242983156
1.06953984220981
1.74326907354643
1.18512839705258
0.51197794246806
-0.200889829674636
0.426018385735499
0.653282716732243
0.219298035763743
0.744808806880223
0.793041511341304
1.21045007914828
1.08341839065773
-0.671090237897728
-0.01614377746111
0.605724508755863
0.712796263956418
1.17149283409667
0.201744519844848
0.0985042457544323
-0.756776822478888
-0.0934861981173599
-0.733240364865726
0.536437700784474
-0.335759246224051
-1.21677564912233
-1.52124763748851
0.441513948189072
0.407117620383845
-0.660308904412225
-1.19256498309137
-1.36177137859177
-1.96163118943721
0.745146930099576
-1.72669387472856
0.176749403982281
-0.490706606021284
-0.497552796075626
0.177015136977133
0.422676920619461
-0.482537933127211
-0.0454352949902758
0.308147628422238
0.360240672342351
0.58789616436187
1.23685978180963
0.573146209958411
0.191931914818856
0.453354125293823
0.308450115281568
1.05506585744763
-0.80013421726256
-1.45975115509442
-1.20675716515217
0.844486955619227
0.315105965226143
0.450766631278619
-2.0715892127145
-1.00265684646298
0.683850565880913
0.739559672040369
-0.102956366030281
0.385349649175286
-0.125737846393388
0.0671057756770868
-0.685448692038723
-0.0948960254491866
-0.513530056049723
0.867698251150351
-0.197359396252355
-0.0604289816586134
0.61197226618434
0.855649651044998
-0.230078596140057
-0.436847376091069
-0.489870172001957
-2.16391197365377
-0.734454865473143
-1.72765298612106
-3.05192133603464
0.0964428668544473
-0.380040579507977
-1.28347154193494
-1.47840651919267
-0.620724687624138
-0.574194738862887
-2.62285659001638
-1.15608539298985
-1.99187558637069
-1.14297518651587
-2.15760196893043
-1.97536287644073
0.311580037251034
0.110570851398083
-2.88545139792628
0.144063524877813
-0.338608363682444
0.619859185329824
0.152870018273026
0.0613556284402701
-2.83990085702435
-0.993406309219517
-0.595141833974879
0.426032876811514
-0.626666019915028
-1.02120138962969
-0.358743722169006
-1.08560243661809
-0.388584436932444
-0.191884103533174
0.68421682284959
-0.221608621995154
-0.785929032908734
-1.64679883730266
-2.16603624658427
-1.84806465141516
-0.924017962526342
0.179041384944493
-0.411247258935825
-1.48349457574212
0.0316504066263643
-0.214580272249884
-0.491406345130456
-0.234307102642264
-0.350768904735115
-0.69535691200322
0.662905378929743
0.179024901475311
-0.659519741161553
-0.368746294970716
-2.32726823431382
0.0722910296177676
0.58292690840144
-1.14485115593517
-0.9530084446185
-1.06544651212003
0.155164378051125
0.76812299717698
0.0462763447891645
0.276095555589497
-0.845683463788446
-0.0818573972517151
-0.588206621641871
-0.689801201192024
0.542714482198611
-1.50901122391024
-0.418617723001635
-0.328488700005792
0.409798248657124
-0.775998838757651
-0.2830236870385
0.0962157433272919
0.452601616865927
0.196206040122475
0.50789309584073
-0.0724269873797319
-0.0575582053534519
-0.17975190663422
0.263788552824047
0.150844466337694
0.251156421572154
0.324752558116592
0.136012103675893
0.0518497262718478
