0.0331738238369767
0.391690364007958
-0.36233881554962
0.469642855837678
0.12411999083997
-0.0382231395064202
0.551463898922729
0.350783011273742
-0.258836719753195
-0.116880655943283
-0.0729837193527977
0.881763958500498
-0.679892856246605
-0.857534493826828
0.106594111310139
0.126791191766999
0.299981602055298
0.399816445475745
0.142558702876544
-0.372223294091552
-0.712009059508844
-0.565550496784763
0.856062437173746
-0.640345387070586
-0.611202296890935
-0.322179638497889
0.151201738920642
-0.814143030420283
-0.724520547602255
0.339457408395026
0.0106864875939383
0.0526164098118359
-0.0247430204110505
-0.519848611982979
0.261077307883033
-0.437635817424064
-0.556925765359907
-0.650575143289033
0.173116064203515
-0.456581596717034
-0.805497802858153
-1.00584357294149
0.788266311795294
1.14248640018026
-0.193556006625623
-1.50353131372818
0.623589156326204
-0.216095079796625
-0.0394951158927308
-0.951738075411517
-1.18740804240465
-0.726296555745987
-0.814013966977841
0.442087553771328
-0.892403058180572
-0.829942516509174
0.13075089508617
0.1537424194596
0.627737213593653
0.474613368114875
0.453500275328415
1.75094755613321
-1.85074092641054
0.063828907949351
1.00591294709841
-0.30692256338192
1.2656097007371
1.34309486346122
-1.31177201132609
1.05269189492685
-3.39821551953226
0.320848882301678
2.14340499082482
-0.78955988518606
0.61941668074196
2.14242730842893
1.2662381050645
-3.0319103951863
-0.0433544629517362
1.74772718235617
-1.16938813341099
-1.53814867518405
1.43360990954859
0.855169248612188
0.496499271682289
0.261989141567201
-0.37389163122134
-1.38774802448668
-0.329949888387258
0.267849288122005
-1.49158149348396
1.26632207063563
0.0208815336816352
0.583675087114287
-0.787265924538567
1.15697218217729
0.453759500387731
0.165268269513179
0.713476603734601
0.494717595481951
0.432126032137562
0.916494174594365
0.715691621668178
-1.65831561262266
1.53914365532207
1.62937845723328
-0.0472930395292266
0.616735250916029
1.00137217771609
1.63936327637565
1.36442396688803
0.23102955565129
0.180088479131094
0.578851087364676
0.669438204446111
1.0770901277636
1.27955671065352
0.467138008089925
0.193298950465448
1.1244033964647
1.87078311596034
1.69740103430919
1.25973616412685
0.675551388781689
1.15850546926369
0.704878624823133
1.16981655641639
0.746839734461209
0.141616802660097
2.25202633508393
1.68239308781929
1.30502869939008
0.57826607304389
1.69102927760176
0.901462198866996
2.5538319759002
-0.849556447801058
1.38762432937691
0.223054407981008
0.135996623672323
-0.676844702672063
0.0581621568920486
-0.747184290097707
-1.57399971616958
-0.271381541531277
0.419327103174203
-0.452027639596713
-0.519806742703177
-0.707365757057192
-0.0112268688051932
0.74602062661785
-0.540666522835612
1.18131256126598
0.261314804008839
0.00714754272308946
-0.585410043052044
-1.30989697939622
-0.900820967567405
0.222570350838753
0.831133031182665
-0.923551526862144
-1.33626459025146
-0.212631043809592
-0.559720694452132
-0.344242107214195
-0.978326337627238
0.616412284223858
-0.142667283736051
2.04579478209221
-0.896154041902673
-0.446581724119747
-0.193443105669763
-2.20958252293215
-0.104871219224274
1.29589258515197
-0.33390031679739
-0.382345238385279
-2.15675383994594
-1.13776235097761
-2.04831261315789
-0.663259247113682
-1.46015841911856
0.871039099831665
-0.747551159898169
-0.283824183972157
-0.825865484479533
-0.204011654366643
0.189744865741347
-0.375138910608745
-0.142539792523109
-0.266478728554824
0.0451385629649555
-0.839394980411454
-0.559407584854833
-0.529648803024028
0.756848009681491
-0.600144629245314
-0.901949366291848
-2.34931409801013
-1.75226876129928
-0.747168680087164
0.383983269715533
0.1899023012811
0.431868397125599
-0.365279062731666
0.535405332686464
-0.988470893423234
-0.0877702900813569
-0.0115202158946913
0.615223643410444
-2.11663203906637
-1.7548440723627
-2.34442323574284
