0.770130611007595
1.02712618504525
0.276997976604706
0.793639910022199
0.379113122348736
0.881138277285573
1.26033861866159
1.41431030761724
1.03645527604606
0.72323679190183
0.537580148821734
0.655457220649287
0.599276435770184
0.676096077147679
0.359790218559136
0.781314046743249
0.816894453814672
0.616404847608418
0.77254365805821
0.694046144297471
0.651607973096809
0.825904345166286
0.685667172728624
0.614972678532178
0.80184919809567
0.447475602150192
0.320696706392965
0.764010385298509
0.657060638092267
0.6736955681218
1.09704883375307
0.569807837891006
0.82279704964866
0.746402118689746
0.802661339900138
0.73080442578929
0.871728223530322
0.863847977441674
0.223076384397197
0.209516043218531
0.994862970939263
0.724203027316372
0.361406344619952
0.712307222798953
0.745641361546307
0.786500799402085
0.821073575131093
0.609729110751537
0.505988949919632
1.69504160826315
1.29653859151544
1.77656560414339
0.741888830910667
0.601200434186295
0.874117088102355
1.23042685842413
1.46340967550458
1.44490034650992
0.909266964991093
1.47740169926639
0.761982963000242
0.617580775324665
0.561583363674761
0.59468067946097
0.798878364336762
0.557915996933157
0.996622008632156
0.624187277559882
0.693163246683597
0.072569266680179
0.679867481637918
0.404985395192674
0.514062104863045
-0.120283413231557
0.0340759439886406
-0.585851932656261
0.340606935886227
0.0477284456434382
-0.584326624708151
0.145388796599816
-0.266959439016338
-1.62635022032463
0.754106729028407
-0.105448251109665
0.709051784792252
0.213993545320805
-1.25630360304835
-0.512572093998261
-1.64401401945487
-1.20107134776185
-0.563453165850196
-1.75379402555883
-1.92482914208606
-1.43059458358591
-0.509741045056756
0.466575275390537
1.30596609617658
-0.838460892573223
-0.964406733869835
-1.44990090467331
-0.360222685925021
-0.727949123200426
0.590511941287285
-1.1515676791486
-1.52484976516698
-1.87253581167672
-1.81065681033738
1.56372960671836
-1.93082163814449
-1.59242549319044
-1.68835884895831
-1.96973419104034
-0.902925280800773
-0.973979239215284
-1.58249438435856
-1.26412380825737
-0.813311535570409
-1.38778744115889
-1.51013138305929
-1.28551690522719
-1.61043532624105
-1.24599822806512
-1.08427642103566
-1.90935332342863
-0.803803537852349
-0.696593900605109
0.267082783013076
-0.401271214137299
0.985748022891556
-0.742366768859247
-0.14906053305008
-0.235270554253769
-0.182776473910133
-1.59703220816732
-1.38245217344348
-1.70645436696817
-1.39337148162691
-0.82998938591271
0.540382170677466
0.505414599311811
-0.83536301377097
-1.17030565360975
-1.53992768094879
-2.2141219332571
-1.32903085267462
-0.135770943146631
0.105892064055006
0.569366105298588
0.269033420526028
0.801945927783271
-1.43133097649824
-0.951192239483351
-0.688071494106079
-1.3721374952853
-0.380105694339325
-0.817014661889026
-0.620440937368358
-0.821549290174974
0.027564995891725
0.721946538103259
-0.559828835429145
0.235649006297906
-0.378486074645517
-0.432330218246342
-0.0271343217834451
0.165940887469877
0.31446592614555
0.364675843231731
-1.05042175178361
-0.626396091405783
-0.519392513343786
-0.728958102275724
-0.742302292325152
-0.608270918186505
-0.788272407844129
-0.75297817971582
-0.418061090704375
0.843372347171719
-0.444348466707602
1.07908294364775
-0.523330069873295
-0.66806559550123
-0.718833318732995
0.482960761085143
1.0137812919584
-0.810535758819656
-0.33095858673507
-0.0380228936607845
-0.718781860610406
-1.80030865155863
-0.92531616282453
-0.656672575729439
-1.02152207955051
-0.568624828656893
1.39493973391667
0.12520613315366
-0.981376609019407
0.236849128802377
0.624217926901248
-1.42296080366756
-1.14636201617235
2.00443382940931
1.36902081736547
1.76403427206989
1.61333232914237
0.99692783167236
1.7567321300532
1.85592679022044
1.60158846537804
1.88873004839279
0.836079097196331
1.44601355989647
1.29033165548858
