0.457604123993357
0.272565601279758
-0.0574993141920642
-0.712366652507278
-1.49368032974085
-0.275165502393172
-0.497689919422606
-0.563962780947457
0.0442911970357497
1.09630880446206
-0.983655789176936
-0.133449858347288
0.34065212279635
0.328863465853071
0.201387324009624
0.990227072443139
0.614223472238956
-1.2031798078389
0.533431690854419
0.451247879862624
-0.223664801473797
0.205697384760489
-0.058401728618487
0.038169354934012
0.892273351181616
-0.529670642866502
-1.74657285345831
0.478320993004324
0.269335644463038
-0.709245753567532
-0.540089789438154
-0.818097904864657
-0.0795564434806607
0.12955687070033
-0.319874363219206
-0.226794682039338
0.50359971237163
-0.211578851737414
1.13466103290922
-0.504195305891608
-0.182957104823954
-1.33959818943151
-0.0295440268162825
0.475930253507738
0.352772465056647
-1.88570718700024
-0.502902249071613
-1.17064244451317
0.387031794433841
-0.827239335221772
-0.717844504841532
-0.313648764992322
-0.460767898108485
-0.00769459623087713
-0.0931831812337018
-0.696143975342168
-0.709638130034382
-0.752448041023939
-0.548965585434807
-1.39848174107026
-0.56633004389403
-0.769416214046812
-0.774763978278881
-0.994171969824987
-0.848765715229454
-0.94099853808046
-0.515061481139501
-0.711743846380688
-1.56022070236738
-0.381336931642721
-0.593538915677969
-2.05764362098629
-1.03275602250948
-1.7645058527606
-1.34148651009166
-2.03512837624496
-0.360310080636549
-1.04691777937033
0.0892032090827073
-1.51715587370709
0.0779970334276436
0.76223894191637
-1.11081520836993
-0.86312312484494
-0.780818989712749
-0.924424431544681
-0.0777625280880441
2.90160720816353
2.48268431056496
2.12722609920182
1.81418406232054
1.47963348422609
2.42588108384557
1.96268733767039
0.581106630098013
0.530934984537127
-0.435983358884954
1.30187488922344
0.345236034194304
1.92722548976165
-0.409502799890677
-0.320933172092036
-0.18383201205775
1.18422286772448
1.77926615266223
0.698268102065894
-0.457496868686753
-0.0574894010787012
2.35995779012775
2.50409576579446
1.95626228468656
2.18868713885118
0.767832469756806
1.67962258290547
1.71678122356045
1.48625515772351
0.747364655313982
1.86615728188423
1.53064841415854
0.860530228501372
1.02110444179769
1.54631501179086
0.344004631031292
-0.352387230017335
-0.524478390751381
-0.0935807711757112
-1.64589820874699
-1.14693611246408
-0.100010278172328
-2.69808026918629
-2.02881292869218
-0.269503675184626
-0.825680540453925
0.983569788424829
-0.226364859521947
-2.87069116203614
0.689581149305798
0.36290970473805
-0.918132531859476
0.0927700006375081
-1.07863874317195
-0.780313601789783
0.10743563989072
-0.887145226731673
-0.586717932743358
-0.657823085837963
0.48159285842053
0.884059142333573
-0.0973793795128768
-0.0656839158537138
1.39075017291611
-0.85001797914143
-0.503437003626668
0.62722845690656
-0.0640986078588345
-0.690268932784346
-0.53124777979053
-1.38285130821837
0.152691773631958
0.980450888070565
-0.909870770616424
-1.07355151126963
-0.286991531434758
-0.338179256532115
-0.162975809510232
0.0736910289138002
-0.140527182101844
0.0248615179879828
-0.611516121770772
-0.244290348325692
-0.178253791079584
0.0994003998831177
0.447556655679891
0.0836745248911057
-0.204366048477655
0.563159339352145
0.562731708786296
0.593555853492912
0.367784807461817
0.647810388062722
0.186944902548996
0.787645361050452
-0.369773828702546
0.982240338174006
-1.91030768421879
-0.567888015793562
0.962354990039279
0.696227136946807
0.186469688766385
0.210781248139858
0.447463068851712
0.71142581352059
0.986215777407349
1.11752023006585
-2.10760657903615
0.427908036625786
0.382222457977694
0.603366149362034
0.88332188985935
0.78099945803934
0.26803676535538
0.00689687999103244
-0.879942424868395
-0.0189959512984291
0.444518280688904
1.02742976728409
-0.679608544697892
-0.721766884639941
-0.346946022134011
0.0158311009860105
0.928252600743976
0.961330193220204
1.12185659421063
