-0.502702812728176
-0.576025043214596
-0.545982048972539
-0.461802871700866
-0.522781635026142
-0.884591936180095
-0.784331725127435
-0.647159896482033
-0.344401410411344
-0.0749592787419032
-0.546075896817944
0.229782202312533
-1.00861345486046
-0.725394667192126
0.0212194507771744
0.0873236629915369
0.245339754491246
-0.384045629841824
-0.395913214168618
-1.08531536518941
-1.0473113973451
-0.334366118169398
-0.357530666379317
-0.949889811378538
-0.893724981301269
-0.818081432994276
-1.27257841108478
-0.652743332971679
-1.00000339798923
-0.743220634944013
-0.389643484796702
-0.41177190451852
-1.21447970282834
-1.11727514957864
-0.19733399143367
-1.09252530853446
-0.924275715690539
-0.0234632475271915
-1.00938539500159
-0.458737253266977
0.166598509404184
-0.250472064758939
0.529845198487684
-0.81031766481016
0.295424338399859
-1.02278502132921
-0.864617689452703
-2.0743739071086
0.436276023858173
-1.35412541848773
-1.2832190920625
-1.11738581454721
-1.38169178247339
-0.389670526342847
0.0828848672200591
0.111596137834625
-0.123716837967786
-0.376933401899008
-0.779729838778477
-0.633786875471099
0.190167114216703
1.30612748457307
0.0172842827278658
-0.301499219324838
0.0616134721253897
-0.281894626442175
-0.311821403611769
0.255027483892275
-0.988674262765096
0.668497850393854
-1.07706886970398
-0.907791559438561
1.1585617004058
-0.956621568419424
0.31405684766759
1.51602675592826
1.70611876404095
-1.68474334172344
-0.176134578443609
1.39219691607855
-0.468671755205864
0.152491510766619
0.171847986281335
0.638067487505932
0.352770792741925
0.0983495549426131
0.0414093167272563
-0.146482451202909
-0.186108677058276
0.300955320904378
-0.275587925919507
-1.32077013708601
0.37193552392287
0.93952844952275
-0.833967681006372
-1.00457135010331
-0.783119873898382
0.235587245154525
-1.66228953556197
-0.113799873509717
-1.83191613800008
-0.967014809870547
-0.997242079133122
0.841587620683293
-0.178220259371482
-1.69134787635979
-1.26015365892654
0.756073892716152
1.53055521571725
1.95172499073967
1.60161968977336
0.170523174886475
-0.247909969328507
-0.359227808925919
1.19948425936263
0.774870446880079
0.536532450026039
-0.908256137985911
0.149601835792177
-0.823170164792469
-1.1851764488162
-0.687862725245694
1.95223555124817
2.56933644043483
2.36743331749575
1.85626434943487
0.872420251749775
1.35129543259656
2.03063601228333
2.22654040235878
1.74726443618037
1.86078337094258
2.1239881389591
2.72092909894019
2.74526417282723
2.43860776344707
1.05393102045393
2.03562267156572
0.87488492640844
1.54817142955155
1.68719834119649
2.50592749564426
-1.47491064054764
0.406858178695832
-0.381717928766558
1.45773898048138
-0.714235159359204
0.254870163716893
0.0923181942960957
0.576350987818859
0.525414732841063
-0.0384461716865671
-1.35116340300332
-0.310251860016923
0.70073765641933
0.526758251880309
-0.779063349710391
0.112566262305185
-0.224455706474427
0.89954723980446
0.470638393465257
-0.561255642516951
0.446484742751322
0.994686785881625
1.58352881829925
0.481870886442701
1.34394704509825
1.76671460516142
-0.466580087957009
0.154692140807635
-0.0280026236168382
-0.321768822841469
-0.708993890334294
1.04354674086732
0.666567225869596
0.34175874298875
0.840470762803942
-0.813758110380956
0.156371999985388
0.206782584810909
0.0952161691008635
-0.339742353196107
0.306495918221967
0.29343466709842
0.253774892885618
0.0517115389180498
0.60044763617129
1.31816877472205
0.0364256908771148
0.226399484686894
0.377217510110437
0.822807964692902
-0.0991570389390508
-0.194301131443147
-0.562263841244479
-0.622150374226148
-0.259399526168543
0.719458370996157
-0.943728472773483
0.0679684865694408
0.20647829211357
-1.17602198285381
-1.02875803166959
-1.25589401463742
-0.084422995851446
0.478851814270758
-0.98177847457308
-1.30656336119783
-1.90034374410962
-0.66699408092113
-1.30313547647229
-0.708439454079582
-0.994220862891821
