1.6163044850317
1.89371746589068
1.38724273047688
1.37200512044259
1.21389691759599
-0.0687769947171835
-0.838177880972762
-2.02055179635476
0.551256377550728
-1.02628782073085
0.792384055060642
1.75866211261131
1.34207709185253
1.12355857669278
1.07904614158101
1.22878718703421
0.731260272250483
0.813476392761628
1.52393959861942
1.19295077704642
1.25695444297168
1.67241956161355
1.57647987347134
0.518120583166299
1.20993445293703
0.592313963868626
-0.120809446596896
1.05569731003111
0.932173201916844
0.146285339953964
1.12300995475247
0.657183236330017
1.01333133971276
1.29529700462781
1.23651595019602
1.05446532437466
1.00180435053276
1.45738349997014
0.415637169156128
-0.339879607861694
-1.46540619613908
-0.599967270961681
1.4090780100146
-0.684739514834403
-1.12416312189119
-1.37143448869522
0.13607045675773
-0.905163590206945
0.9464768781793
-0.207163546365564
-0.585398149467205
-0.379200078696525
0.0962202943944644
-0.125230553500234
-0.34665915348228
1.16786003717817
1.7857836852892
1.61162651745196
1.26096314352014
0.771158964257153
0.140223886889165
0.0141423731175487
0.350256740446811
0.0796846836175039
-1.07202264054779
1.2853221365527
-0.634622448488274
-1.21441997120293
-0.0460324191032399
-0.457816275257931
-0.549671637687966
-0.94098145845512
-0.155963414250455
0.821705660291373
0.834002566836813
-0.643366382887573
-0.629338825368249
-1.20579625502398
0.722700308973423
-1.66221316180513
-1.09014335969074
-0.068630835183657
-1.29348594876724
0.818271902949405
-0.472536180745376
-0.892449865334263
1.69919972586324
-0.503702739538777
1.47892910692341
0.782686341719651
-0.793006090074976
0.779495431868633
1.96334050631034
1.44782880279783
-0.364384671864114
-0.512279688894709
-1.31123791561758
1.04677135245653
0.377404763600421
1.66303269583127
1.05585598462811
0.855937529406529
0.729680562571811
1.61079247841455
1.24540966414821
0.354243296649372
0.247429192975202
0.146297143167415
1.99821393821081
2.00828794102098
1.29825500516796
2.17634306373529
-0.570893186379404
1.71864052848145
0.955216112481786
1.53842415152832
0.113962405240907
0.571432321513135
0.542999394235664
-0.20129506255469
-0.0159149873204848
1.16395599695308
-0.295396800781639
-0.893597459726201
0.124122663763131
-0.77028553154333
-0.575585645834171
0.892755000226299
0.78172297109345
-0.433303679510879
-0.601056396994648
0.506454027277872
0.580568929312733
-0.407930902544355
-0.265977934282343
-1.03718691580144
-1.72753695950705
-0.705043389358008
-1.31401581714644
0.566702129166184
-2.5716392085559
-0.890371331709608
-0.0912221415083684
-0.311776468867045
-0.874072178759986
0.0250465261659581
-0.953861132042634
-0.39541520559731
-0.0859873990805183
0.280612819114757
-0.603123827363038
-0.768141912814771
-0.267544213733556
0.369759012560522
-0.0976320532615194
-1.33522722140002
-1.89797042493754
-0.967425973955796
-0.783457867420393
0.719678851503996
-1.11105892808057
-1.11042660693806
-0.60920064215043
0.146556770422222
-1.05486196718175
0.124054428388282
-0.687869017945407
-1.02644437433557
-0.80060789185373
-0.89702865894557
-1.08503804711235
-1.3663898561693
-1.88715538761405
-0.631468159240265
-1.54584564949483
-0.69146221531319
-0.786061385263051
-0.975837492608146
-0.542394029359298
-0.796819320532904
-0.436006130515533
0.571516180315875
-1.61719659048045
-1.84835526774892
0.0728149951134192
-0.440096521730302
-0.554865671615414
-0.385609766723706
-0.311986696645799
-0.952465015469886
-2.0646960154292
-0.966756572636712
-1.23004228119975
0.0945519407885722
-0.661980943723126
-0.289626519235304
-0.661082311721803
0.236773136905406
-0.956493962575195
-1.61956501823678
-1.105986473993
-0.568920442668764
-0.524553155137779
-0.388157666235095
-0.305353221608058
0.0733123487287202
-0.082994996786601
-0.604325132399466
-1.03482954435463
-0.373005736561488
-0.269411493717799
-0.332083220524491
-0.198771650177788
