0.687084964561172
0.626413869238806
0.806903578703539
0.940590011667735
0.882175538655837
1.74180175531352
1.21451699642516
1.47751056024762
1.06843221495709
0.341130801666242
0.844576259100004
0.898945641788941
0.649962377273903
0.56566032892985
1.00224468294904
0.9578727327552
1.02171636125506
1.18978323183227
0.67318664749924
1.20503892530652
0.805491991828187
0.791048135196455
0.673014939980074
0.828080910560651
0.663747779900885
0.769535725780769
1.11619671030708
0.972112245912574
0.578158268140492
1.0898651330852
1.23920946282969
0.735221436773254
0.908824436384901
0.897577156926505
0.820009149114635
0.535837583823178
0.709991514447353
0.350061738266158
0.321374821704343
0.0561428342333569
0.168357297035502
0.265363079510967
0.554206891132096
-0.0584979257057705
0.741023894189531
0.418112705539886
0.613987254238332
0.00748429978148621
0.599095483942755
2.13423911475248
0.810387986843152
0.0321664973059864
0.385361004281515
1.27523343035065
0.812711712838472
1.33136679342786
1.3197970810951
1.40545568673227
2.23318914403238
1.42740130523197
0.266896023111532
0.30096858883502
1.26584357712256
0.502485533168907
0.410164448460665
0.206561226245197
-0.0824378948967801
0.418014178343966
-0.493133369624975
-0.139140801770802
-0.6427662455046
-0.923224505789067
-0.0100011793945508
-1.16737229924928
-0.190427057999956
-1.67247598058481
-0.473206119138809
-0.445626644463107
-1.82025055716336
-1.28405658391544
-0.529702385103958
-0.83757562951687
0.0162257081520661
-0.533574153199701
0.250916218059787
-0.464496069839233
-1.92202070339044
-0.401430687466602
-2.12928066877608
-2.26648302499073
-1.02493055751783
-1.44016130322318
-1.45262527622521
-0.646432651027981
-1.13262686123265
-1.26935056398595
-1.20514713900423
0.661474124691542
-1.17545581949562
-1.48943362093016
-2.41046580005739
-2.5671094737088
-2.46446863310393
2.0913688963283
-0.631570151058143
-2.09886939567918
-1.72190924742162
-1.16574591858677
-1.6388820309218
-0.296490872635452
-0.170342780215684
-1.31296631883436
-1.90043460614299
-1.78558211163066
-0.838928139620758
-0.75322625482873
-1.35129319851129
-2.33409848793242
-1.59741421155292
-1.83868892622026
-1.77679121294859
-1.23919512565113
-0.346374618880566
-1.58860686241349
-0.624037821679237
-0.341928936603898
-0.0119864580888135
0.110523013745742
-0.153800462879333
-0.66853166244889
-0.0588505321713879
0.0385263662294003
0.145369042038761
-0.755777674552959
-0.364410126846891
-0.750005663740735
-0.0562500450049987
-0.592521479949281
-0.79278691973548
-0.0676107393080301
-1.28964648031401
-1.21687160267352
-0.866973069062419
-1.60817981655468
0.823508593279139
-0.18168289532042
0.251293590130334
0.826092614772451
0.0979310737611053
-1.32261578377864
1.02023399875147
-0.946527850046351
-0.119597715843143
0.452440450160376
0.42534014317728
0.186415528930345
-1.73566712959297
-0.766199143628262
0.310355886716383
1.18535012606732
-1.51762136638525
-1.11206944340417
-1.18927576666121
-0.935664661682555
0.564810979366924
-0.116314470573073
1.04017582814206
0.597322460946792
-0.486605368790461
-0.00212453963455859
-0.437120585658342
-0.151337949276457
-0.016694206756622
1.04590615626192
-0.235291972782317
0.489369796368894
0.853282056421225
-0.0910706836641703
-0.0806615566334131
-0.0414765871596898
0.354689542916265
0.420475787350208
0.0872761370278234
0.976745463218797
0.538624622575703
0.0238922968689016
1.21466654302461
1.07902452469171
0.461349055421481
0.212576217084935
0.973828252273847
1.35340981553884
0.440733196173541
0.709823185215896
-0.202058719730822
0.175512256753893
0.496025869606005
0.604344993392812
-0.699274529647568
0.975299587045166
1.22661254636048
1.17794522094197
0.619739773183942
1.0163624066739
0.726678150704167
0.94920221999595
0.703485694859638
0.798070147958
0.441690014518094
1.19668811486491
-0.292490901192882
-0.103992379103813
-0.845523624367479
