-0.080720440647042
0.186531870541028
0.629663625528208
-0.854589379682885
0.333769268966518
-1.18593625953233
-0.993702727670639
-1.02059140016203
-1.41822118066431
1.62648599382535
0.115789468933831
1.05581523811018
-0.245225189783113
-0.278892868937785
1.05736858233984
0.97058605901078
1.38846929920198
-0.954836026978509
-0.0187070747904709
-1.51814600670528
-0.767912015792799
-0.557924439753823
0.099261587740941
0.670064401770188
-0.329169377058986
0.758213115801259
0.823031109405346
-1.05524327148259
0.577605771616035
-0.382541149116745
-1.21055441463883
-1.1573608105529
-1.54103741624994
-0.510552843379718
-0.518793640479434
-0.861627214484931
-0.805874735536949
-0.921853179679125
1.67859815655082
0.834280374711665
-1.35187637202995
-1.81990242801847
1.88928359003128
0.884832779533259
-0.359633746546521
-1.82652010700852
-0.467243286957346
-1.70020294695825
1.53589801264943
-0.350221457969938
-0.135772345768585
-0.00421814385770778
0.319476411903098
-1.31051833600821
-1.38981021859026
-0.529707417320824
0.0829516601112001
-0.320625799247286
-1.03783717969115
-1.66777323632229
-1.10269236184556
-0.671958296584703
-0.480271268401586
-0.599291643613403
-0.55841251071738
-1.09336192824054
-0.851739949921617
-0.357468359656591
0.163920531342792
0.116150678248961
-0.0877557773440837
-0.514898010729485
-0.82797016193306
0.430057796841271
0.454054374073298
-0.115452246712791
-0.778663729148267
-0.177509066886232
0.863553489423173
-1.19790316097311
-0.639182566222401
-0.677560723957635
0.425420650650222
-0.904256504052322
0.0437011032945901
-0.674676275333795
1.25617091526079
0.529127904440606
-1.56479934711936
-0.968983275226814
-0.283562933288533
1.12382034053112
0.0908455492887505
-0.167121556040871
-0.558172761689022
-1.12456337088145
-1.46288833448036
0.158018253424917
-0.589230058641517
-0.0193153724916366
-0.513063727547871
-1.84458851605494
-0.194531237291115
1.75753920242191
1.97531752445632
1.95872450799852
-1.65172469713823
0.024146919524897
0.300798651242368
0.0676654560204957
-0.669112061410319
-0.704245544425477
-0.762387073776935
0.168570845352081
-0.459674358486805
1.71850149670762
-1.34891420463452
-0.450363364464261
1.34429451818862
-1.12227610039812
-1.41253175122525
2.18041192512488
-0.947353276975235
1.64829677795334
-0.328906429613927
-0.60607289769324
-0.555146440429934
0.33367178995717
1.19293294584096
-0.576543904704098
-0.696132034928272
1.49548029693776
0.449642988102216
-0.168214291046122
2.34115814998573
0.113306838170539
-0.972621275229402
0.579184945274877
0.270659736937288
2.53157149830143
-0.593151005673614
-0.466955823159169
-0.516658534568878
0.947093669911618
-0.597758847212696
0.937690580447139
-0.331141209663041
0.839062161850788
-0.1659047339393
1.89150151702725
1.79625358176181
-0.0146484557280989
-0.414552205761933
0.269562604594319
0.834024803101061
-1.41317399894499
0.635539995928248
-0.943971063133298
0.0922009206962035
1.10628371206897
0.617183421558027
0.151783365683719
1.98310081098065
-1.19464033241422
-0.509372213578237
-0.554406968720363
0.207879869620059
0.942180328966259
-0.654874023945556
-0.315116290057279
-1.12206232878171
-0.187505297204667
-0.894407042698043
-0.602769641126112
-1.01250329269953
0.979944499765668
0.168075805258902
1.93581884792441
-0.234108747192062
0.859031376384175
0.229533157199505
1.79515875192279
0.774551567477415
-0.102256998804681
-0.806712564727937
-1.11509565092109
1.18072860883073
0.178687732735465
1.19103564065109
-0.524308352308254
0.212217103974126
0.937890594964971
-1.62244453625473
0.778475655557072
-0.881315195986565
-0.737523760114719
1.40840232175365
1.77800420940678
1.17188155361975
2.06005969436551
0.486333570052379
0.906287790468922
0.487482773979098
0.312434350639842
1.74846891783727
1.22911828359407
1.26801727848787
0.178891413613817
-1.01178982536855
0.760946223601028
1.19220902190207
1.99689455726171
0.954452139325929
