0.814696851967244
1.5139237417867
1.44570984302642
0.711380117031661
0.906360864598383
1.4227962820758
1.09999606192792
1.4663439611174
0.463331798328819
-0.187627218923836
0.96621408170197
1.36403276973443
1.60578557864115
1.38620544644222
1.41704357306065
0.230781085873863
0.686970549494579
0.580651812892454
0.364975929811561
1.4907125792079
1.30520396043187
1.54901358507767
0.375850092020667
1.42990756025848
1.42549366441421
1.06425654336377
1.15511160284326
1.28858136368951
1.31031258554181
1.38259881419551
1.47216467722308
1.09314004004767
2.01120052367164
1.08162495404707
1.98677765466512
1.07479488560742
1.37915654310888
0.89491667766626
0.683678613854641
-1.49387393499849
0.0245381878924236
0.119438157175369
0.933533551514475
-2.44346348106951
0.045968649548823
0.330197271408398
0.244849499241949
0.891222894229455
-0.0380900423110117
0.413248096124582
0.35018031436384
1.52449892942728
2.04848092913735
1.77756329507586
0.667822280329767
1.01208855908828
0.270988514013519
0.749734094092654
0.370442816676919
1.03469150957873
1.209731289564
1.18867501714872
-0.377443460422936
0.112035517866071
0.522032865550222
0.886934521606506
1.26896412404937
0.479908024007778
-0.693138844962722
0.42033904753469
-1.95804545695282
-0.756465465387517
0.682488861094225
0.0220488449095175
0.23494370354031
-0.560885757574455
0.279405120093742
-2.00648629259588
-0.285952864921828
-1.26350184319245
-1.73024749111094
-2.15272856421839
-0.0216109280194009
-1.14110035927662
-0.898371097806893
-1.06920876557435
0.252674258456892
-2.4675308162772
-0.834389014962328
0.113458826122101
-1.39932378202445
0.534184934614687
0.154700546641964
0.63643698847179
0.0191149685695033
1.22884234709576
0.423770420817076
0.394626180250391
0.416067763001767
0.000477373287105114
0.323557780240439
-0.226257697467366
-0.386949919678479
1.01129540788894
0.177298466218756
0.427678173011379
-0.746572751124953
0.209061389067733
-1.13402250048042
0.0879343539012156
-0.60939781002418
0.415029759291448
-0.945381985359804
0.0596197561359037
0.796561444543834
-0.27433076335112
-0.127819095285831
-0.0232179221367193
-0.353508561314775
0.294106723966206
0.72238003201894
0.0058100037397749
0.460012511544776
0.413036392986134
-0.12397734812924
-0.193699417731174
-0.778150924392563
-0.501438063994496
-0.151712096969213
-0.607925327347305
-0.746903912127227
-0.378368528246885
0.326228480345805
-1.08739378977049
-0.357612504480418
-0.586134629376258
0.212060248022139
-1.53113109307769
0.215413374946783
0.310744486521862
-1.16440519418131
-0.128530407592166
0.437208362932333
-1.18875457329573
-0.330984713246421
0.0513444102262
0.458053165727136
0.0127672574493248
-0.186194933453304
-1.35972218556363
2.28560988378513
-0.293601466756787
1.6707728981927
0.73533024033934
-0.0856437650175298
0.201925950061692
-0.569643419864913
-0.674984861477426
0.00100147620832908
0.0786974388366027
-0.0638716691443579
-0.523935117356803
0.00218460350919197
-1.15774261465123
-1.64629121397787
-1.24530806156513
0.213553317412456
0.0499195631167993
-1.91647005764475
-0.172016264716638
-0.560757056092988
-0.529789886741205
-0.931981169315323
0.104407890913758
-1.17027998686524
-0.385561715715954
-0.0060899893760563
-0.613550733056454
-1.21692554250751
-2.25426682457264
-0.142490339959575
0.153006847336732
-1.10374501767924
-2.38863339479072
0.0460797001004977
-1.07101759697146
0.527130960787086
0.518676959525005
0.0663949060970565
-0.975393728989607
-1.35698654100101
0.547622360333568
-2.56510377620336
0.360796707572742
-1.47596753829292
-0.437435004871771
-0.192150219478344
0.396567250254802
-1.6254924339922
-0.153389083082221
-0.817410739912128
-1.31322570329891
-0.365493851424464
-0.914118251241656
-1.59372610845928
-0.773506616236789
-0.463555095489697
-2.55807178167011
-1.77203478904674
-1.62730752079792
-0.649077093347004
-0.536650355081598
-0.679249169255412
