1.66141865567084
1.51278543697948
0.980578437010147
0.882375815461291
0.972909146918389
1.53757885416269
1.45913545318142
1.30062146086871
1.05179483515611
1.20657122412899
0.818000892928401
1.50501637638252
1.21101219848384
1.40683677130101
1.29436648507174
1.79745777794929
1.49446932066588
0.809914615504453
1.63938382829536
1.46016132856522
0.780047204385013
0.815942146454005
0.660274870664508
1.03662286864384
1.10667676673639
1.23314551160152
0.763080951756272
1.21567030866419
1.04553395903768
0.999535591766163
1.37743276182312
0.847949118223595
1.376942770287
1.51835620968705
1.45441052781113
1.16028165743475
1.31537957450653
1.01221473722032
1.79916319740235
0.772881154121619
-0.00593761988070894
-0.023834503999561
1.64324212942724
1.07557538101196
-0.128100319896233
0.472544428439739
0.723513828426482
0.238416251242611
1.45817361855455
-0.613777383027166
-0.940221940837383
0.139484555172689
1.23597623606319
0.229901802324272
-0.378434333032502
-0.208933356606719
0.341471770342339
-0.227262503763329
-0.226804490379378
-0.146357045885809
0.445780840609802
0.145434711639838
0.937722568387176
0.445144740544637
0.259365993828883
0.997635881833869
0.207590925653218
0.671653137078411
2.10936877127861
0.775283530628699
1.90501139236551
1.68796733869318
-0.0857905101667774
1.49643149902447
1.15346960045249
0.796626412630467
-0.382219841313237
2.22388967312947
1.08168276772972
0.465109541948918
0.965254006791546
-1.08172422926431
0.916308575804648
-0.184315523250966
0.585541572060391
1.04543721842634
0.417967643802716
-0.197179114073063
-0.593442054133655
0.306030410852393
0.152651258017161
-0.926810392820632
-0.958857221945849
-1.72826511062554
-0.28206387768026
0.185451818088037
0.728898042505254
-0.281339383711654
0.112176851698806
-1.17283732566847
-0.300700858787694
-1.35023234545069
-0.359214737879352
1.25932299461892
-1.13908666413645
-1.05565939410207
-1.19088676968812
-0.430104783459192
-1.02605515784279
-0.805536362370217
-0.617121687232491
-1.21994883258462
1.61619923344614
-1.00240981551453
-1.54169305370821
-1.26570280961712
-1.09700275726129
0.0328976422255155
-0.557530742415241
0.851406639091672
0.0240583313415065
-1.26784473136205
-0.385549400179358
-0.973552860602839
-0.79958450656991
-0.889653198083819
-0.743805796587085
-1.18274182938623
-1.03721477116164
-0.804378968013273
-1.26803100633652
-0.767904268649524
-1.11961727745064
-0.450507786593554
-0.227045041400171
-0.689203431649355
-1.0018119769252
0.106141990390719
-1.38899514194978
-1.10228321252402
-0.958809156424051
-0.351190892636542
-0.370115470500733
-1.46909861153554
-0.937685481476533
-1.25667346454602
0.44631949657337
0.445498170847844
-0.0895360060332076
2.31058890263797
-0.133303092208264
-1.18625943830977
0.273211324762187
-1.05156737575658
-1.11854533455896
-1.49650811061484
-0.815578713811175
-1.47712904452966
-0.0725847657642279
1.73289022987142
-0.728049246002133
-1.03150195136244
-0.630952144250201
0.184245836146204
-0.781339047114302
-0.990111351637372
-0.846871310118609
-0.301358344006632
0.249035330381174
-1.31404086009281
-1.52151794005572
-0.889517040102321
-1.40704059413893
-0.946919611954035
-0.261531139020123
-1.1514367461721
-0.405636105230616
0.179497925323435
-1.19060581989139
-0.989478969321727
-0.658273007333911
-1.00318099554133
-0.160043786726506
-1.25951372945673
0.252616558442517
-0.211296479203351
-0.184303615166995
0.0110801278184358
-0.568831473040995
-0.933854753117134
-1.17126187200915
0.329948218990893
-0.52503706406223
-0.527518846422021
1.17891284458856
0.925354460604084
-0.533833199866722
-0.875207624706919
-1.08739094084119
-0.908060377692412
0.149336326264739
-1.06389144740852
-1.41013483399876
-1.29840994368791
-0.948160480478754
0.0932005940547681
-1.46728348482683
-1.3429658040617
-1.60776014813205
-1.25807827065051
0.0137397610933468
-0.591142179937581
-0.137572871951945
