1.14470323430731
1.03826379569186
0.877990343602926
1.02907684475442
0.561310374767477
0.377324868122021
0.533715246983009
0.566091037972431
-0.842894567263871
0.293992327874381
0.0738366580279443
1.32670621345944
0.683383260555558
0.624482899924677
0.528377528251584
0.914031081112325
0.529587865765593
1.43972176912247
1.36171960091259
0.419367872768213
-0.610098478621082
-0.0234477391269135
0.196023093901486
-0.84597473132071
0.730233929871027
-0.0417212877671841
-0.59055453885672
0.607277572113186
0.561344702295907
-0.523508022292172
-0.987658930343632
0.104611601532908
-1.31333798723092
0.0864489423994648
-2.20759016042871
-0.595088925912409
-1.78163027263278
-0.855396669355926
0.459713330778702
0.449297060871113
1.10353066736702
0.631459759883144
1.20436498499463
0.148773408005298
0.393513888347144
-0.0267379955038977
0.7233765159968
1.30928308979425
1.40342219899415
0.785767035206206
1.1617338740025
3.01392494742692
2.21561557291894
0.962393208353093
-0.65363814648369
-0.0320220099010716
-0.146447144053154
-0.221794217498015
0.459513018662938
0.370370010169329
0.434186244664035
0.930499621310981
-0.105033057387257
0.259659161439171
0.235526136423041
0.423298612046025
1.44827644606226
0.656603531664675
-0.860884003505492
0.806662148352925
-0.732311085802573
0.392470258671001
1.16564534084384
-0.253936284609488
0.266777548937176
-0.456563385470716
0.740778209678036
-0.468907820113559
-1.01047032973356
-0.870191513378342
-0.356640096285958
-0.0372211265314289
0.174575423447641
-0.730874506886383
0.261171306751126
-0.183169939207304
-2.04394634426391
-1.26134525956063
-0.691509973626133
-0.0546103923938871
-0.163566268734609
0.308994115585966
-0.893274669292538
-1.21963805976654
2.31522739823348
3.072379887789
1.99713880473087
2.20276299247422
2.30002870454949
0.449455102345511
0.989150189004919
-0.183457617799495
1.21341962794067
0.198115509398316
0.101810119657553
-0.0847439246832088
-2.28595902996023
1.73618335211987
0.35485676753254
-1.51480829630258
0.0504105297946222
-0.684873332553247
0.96663883762107
1.13746540661283
-2.00099234100495
0.84799691288977
-0.369864803412731
1.01624883935716
0.339996513969541
1.0489332776744
0.2052307716395
0.736426469882299
0.65793754931776
-0.699925279391325
0.596782882972072
-0.540284828609213
0.0541224141101528
-0.625898974650977
0.332092105429956
0.490453983183183
0.00890703261012434
0.443500016190069
0.949260320013739
0.116164059117893
0.679897847366522
-0.380435461903058
0.602704288142635
0.774109830797328
-2.40888172829595
-0.391738010607587
-1.9363728590768
0.0831852671000034
-0.143952492932091
-1.25989579482524
-0.60029070797808
-1.70093790190889
0.0432494165943163
-0.923139287630925
-1.21295655113142
-0.189367073036705
2.38140341254249
-0.837060066436946
0.156209921758268
-0.146136317570912
-0.750082342894848
-0.795077816855382
-0.783467940938844
-0.822521782194556
-1.23508580202422
-0.359927184242416
0.150825139731198
-0.316033739430681
-0.255837267122666
-0.777417831422438
-2.98645776669143
-0.921812620244747
-0.521038533056932
-1.27741798434395
-0.947268327171155
-0.229194958000997
-0.280983308688048
-0.135946434657994
-1.27967306069288
0.164124062923137
-0.680194013612199
0.0994607080527115
-0.25918425579094
0.558356421901906
-0.523699723801548
-0.943301944720042
-0.154184683790081
0.529594820015266
0.0984590473527701
-0.509913905512134
-0.379510982452354
0.363968186592914
0.226941839469048
0.559909404810911
-0.0967755357319261
-1.46846606587499
-0.171967280222153
-1.08438842423334
0.907104829082854
0.537662462504196
-1.09850017027234
-0.454574101276611
-0.122437033360803
0.193419024006762
2.21260841689957
0.232947704132234
-1.22277359698425
-1.10112232359868
-1.96069570797131
-1.25256106432613
-1.02232686638872
-1.22983605011717
0.42978046819175
-1.91193216299387
-2.35663183558977
0.0369080141380971
0.972069364777053
-1.46428599852591
0.125321429880378
