0.877474346794256
0.715574185093317
1.01585666132103
1.22502372930594
0.899815556042661
1.42861792506479
1.54262596755879
1.33606889915523
1.27476167979839
1.29481731791694
1.00745306381071
0.719839926194869
0.891273904570705
0.978976760371715
0.690327890666896
0.393845417792924
1.08861778431673
1.68931554005737
0.653223755915684
0.874871814814648
0.322077784043279
0.334012591450174
0.197308192385957
0.906433359199322
1.13963350137721
0.735493430998267
0.733386303468175
0.733622943182626
0.728452880946595
1.00602542345755
0.955600308156047
0.877389292315225
0.793711546722982
0.823256019688576
0.653645411050072
0.218287170987068
0.502159929000337
0.504062125686922
2.0037728233629
0.771029809775102
0.356181087898611
0.644635188806038
0.803544079685924
1.42862106842278
-1.33390566203678
0.615273485935609
0.912904786298464
0.935895205220681
0.768972234638425
1.78542563759593
1.81688404213795
1.95371588651689
1.85275588220945
1.71507027848921
1.6646716075793
1.5151736974053
0.58310125491162
1.30315290018231
1.38297787226434
1.50685845779782
1.1350044128945
1.26827997781283
1.06779441399336
1.20625049424406
0.981277818888198
1.60653374535264
0.619009140480747
-0.908943543717382
0.254614914052569
0.668645687469931
0.331253809762999
-0.845315102708901
0.647029071471327
0.0604385372945776
-0.0771842073592909
-0.54498239627633
-0.0942282252243414
-1.20428916383401
-0.811218406636817
-0.462196560355428
-0.236745665461705
-1.04114968599254
-0.816361840450577
-1.71525084265898
-0.626756066480037
-0.402257248111916
-1.12073045187407
-0.317833489573556
-0.107827368151907
-0.188736130492544
-0.575729075486842
-0.301691333550861
-0.822531533322855
-1.40894963889801
1.04034286943758
1.95721277705685
1.28201466299597
0.885436201300705
1.39024003438732
-0.197335616010463
1.50648025525885
-0.905930433467381
2.08848819814498
0.393103663136471
-1.42850728975169
-1.10261801968827
-0.883730095916859
1.87430964849439
-0.245375852092232
-0.11404791946967
-1.26232331040238
-0.871032925126119
0.28361512305459
-1.34101529390782
-1.35488948088228
-2.29934717952232
-1.0130606253171
-0.259677193784663
-1.09002270040267
-1.68599263273852
-1.78741606821296
-2.52344059960048
0.369764651956752
0.0249785077731358
0.0704881381137926
-0.536447011401281
-0.682138790973533
-1.14860959265048
0.292315618652097
-0.305042249449881
-0.702685788929977
-1.00083032445824
0.462826040185425
-1.66177418077056
0.830337929059729
-0.316852600080402
-0.545126867541568
-0.339286174181846
-1.15718018630942
-1.07816128709486
-0.571204909052835
-0.285779747061438
1.02775124721514
-2.11009307635305
-0.44270754141751
-0.747796678618039
-0.361995597731445
-0.433481004762955
-0.437195746474195
-1.13353644656424
0.569898300510344
-0.824839257513813
1.52846322736346
-0.609401512700681
-1.06294331544011
-0.809833462088036
-1.24525511838909
-1.0910693448587
0.0806320625674415
0.465782254531207
-0.924478761992416
-0.822910167185987
-1.25988459476039
-1.89714328066548
-2.01652212690691
-0.133457788429202
-0.772825844704963
-1.47105853248376
-0.637062400528102
-0.625604803258876
-0.750033186186515
-0.386206185410725
-0.662167107428308
-0.266041720373206
-0.570301588424124
0.234211552328819
-0.246458439350081
-0.0346101946172799
-0.291399874806259
-1.02984076661635
0.0839646848685537
0.268744028944749
-0.54005992101458
-1.14441705230096
0.0374076793268359
-0.283443115784786
-0.499210427699353
-0.242706056480973
0.261525090542397
-0.649264320451971
-0.731994055402901
-1.35844362009772
-1.60312321831767
0.5491071963314
-0.189736153028959
0.459787977525021
0.331820731352176
-0.185348746132854
0.429389516908964
-0.805750701251674
-0.365337638410017
0.008880086139528
-1.01412183298143
-0.773944736613941
0.136204097786751
-1.01149204553321
-0.357440859818762
0.150220657078448
-1.49552199458903
-0.55118327008488
-1.01627819625864
-1.27664948128956
-1.44011486637171
