1.23054406343638
1.15461208107984
1.23433991802922
0.980631331067771
1.10382682307197
1.23191404136289
1.27812395263047
1.29118489560772
1.21387608573576
0.16783158518608
1.24339978259236
0.888733495399025
1.25539994462129
1.25293664613996
1.22007107504446
1.25072722505424
1.25085575016309
1.14435647683487
1.21986860193848
1.04391579979114
0.809257701518915
0.97644088594915
0.73381702545091
1.18796900173988
1.22373797882687
1.23849044469736
1.27087621227349
1.13232233241576
1.22888058226289
1.30651699118234
1.28668778149469
1.23837401693445
1.07301403723847
1.06923488584828
1.35449403215202
1.03392198442184
1.31671143786849
1.02836712669518
-0.953534683059688
0.406310618227045
-0.970919596208247
0.00359921073463492
0.874857528451866
-0.935933489115998
-0.454151710728277
-0.11733669204264
0.716536354740613
0.662162896105184
0.753047666848141
0.0682504799705426
0.244098943895759
0.717778954726885
0.396451174534447
0.888912330769546
0.559963277888228
0.983096774452018
0.872765009600232
0.777336948658904
0.538036705172663
0.32660148302527
1.0186322774055
0.477573303140406
1.0698711572619
0.988187808390666
0.315182809808717
0.975542259915343
0.406791726576705
-0.388577358689628
0.515238875533477
-0.513721858468398
0.817784466973502
-0.889621138576749
-0.367564396108697
-0.308716973392807
-0.725394513665094
-1.07075575089544
-0.697532754400078
0.583001039090163
-0.98606193097134
-1.4011149162654
-1.6877605371458
-2.4985945466916
-0.903992669431438
-0.749300430386061
-1.22669172606139
-1.02252643701591
-0.712035598144092
1.34719043232657
0.891507435396277
0.712027236130157
0.950613021972119
0.761663692782027
1.20747674710487
1.09016906251447
0.987309489509369
0.924154350616836
-1.14447063016307
0.688421234635148
0.566387153097822
0.893897387437933
0.536408640709616
0.461594488984798
-0.132638676885891
1.28203460712267
0.0245986173151643
0.537129278163836
0.0938994764907367
-0.341052564544029
1.31041950002476
1.30206858647442
1.04118368210593
1.1937589550557
-0.733689034371579
0.443947605843497
0.742352563331659
0.146331918911249
-0.222731020413281
0.863584020795152
0.438386839363151
0.57295466329669
0.850577871257934
0.257448454516627
0.0126608766424382
-0.515773190661419
-0.0883068822264831
-0.499537285442385
-1.33038255383607
0.129370474001691
0.120185912436746
-0.0592529283827725
-0.321379350071032
0.255148632633694
-0.0760037821477602
0.400256289727343
-0.298476063121843
-0.138185188339845
-0.435462843850362
-0.11954348916806
-0.577844762726941
0.0725693556137723
-0.720126734895267
0.365855545680517
-0.573792972222615
-0.667778384203193
-0.82111567060122
-0.551254669796421
0.563639360156661
0.259583059817983
-0.0453804266801093
0.215198266953976
-0.564544966122534
-0.846645478147463
-0.138278657770176
-0.30563743992273
0.0575968294183388
-0.717661351787873
-0.571443197972128
-0.846835500606475
0.0297146113038412
0.329641166343585
-0.662826192316212
-1.1750256701289
-0.391275701849598
-1.09606817794323
-0.276003598397969
-1.19474200561725
-0.275874386617185
-0.253992596813577
-0.102969474695525
-1.08695200046942
-1.05737441792105
-1.03620988429666
-2.14916343490204
0.10054059718027
-0.636607242796275
-0.564728817056598
-0.436353095732456
-0.477794362197631
-0.886151587031277
-0.193514728682115
-0.501460174777061
-0.626220173556216
-1.09866567502502
-0.646981611737326
-0.135716590566103
-0.539210777653152
-0.309476678071414
0.0188050909365101
-0.301791393045936
-1.67385099719639
-0.891903280570707
-1.08789181217783
-1.10357387926604
-0.570470571083329
0.366776937320172
-0.0934774381068003
-0.422841276179877
-0.744682536993588
-1.36863764015292
-0.560454710048258
-1.05928832934896
-3.10519161596219
-2.41580389076199
-2.31103389987199
-1.90973769015034
-1.42722463174449
-3.41719053684897
-3.92193012241437
-2.18510816320083
-2.06395385853541
-0.298200046672825
-1.12808210774548
-0.680171245634446
