-1.0368751080291
-1.16660419310099
-0.37944303500984
-0.215065581941047
-0.975956462498588
-1.55884354755276
-1.71890347067943
-1.33874395309601
-1.69696272486714
0.346905992529629
-1.24549976112358
-0.186658477857836
-1.04687187302503
-0.784809666864213
0.232318218230253
-0.34085515961878
0.147528175857896
-0.493891449520617
-0.726598987656115
-1.47392769952934
-1.05234126006873
-0.62358444383237
-0.22512346486068
-2.09854359581859
-1.18022591487164
-1.94732040221376
-2.23563501676313
-1.791418193187
-1.98265358467862
-1.76906139278942
-1.34591755061604
-1.12877505944362
-1.87055883660682
-1.42777466133343
-1.60353479996085
-1.19795244569603
-1.82787398411847
-0.889821848306605
0.780351327012741
-0.280495695073856
0.734777486427414
0.389536165293791
0.166796230927164
-0.39866240017918
0.670359996991965
-0.315019235099694
-0.622921498558838
-0.600324889912637
0.568551673118715
-1.00586597041351
-1.27793854206713
-0.601321149323366
-0.371576310562149
-0.491210780149618
-0.887254511898849
-0.918343586170066
-0.461043355890209
-1.03203252715496
-0.966116218537044
-0.29242795953489
0.102401746550798
1.15567018086205
-1.0503205175609
0.017629380110291
0.267264208209371
0.0940269425236184
0.834542471896752
0.582738389371493
-0.0241642319630399
1.21024282520763
-0.663394786478945
0.30697300891302
1.05167556240262
0.0857990887482264
1.008171843032
1.46252592639406
1.48889556616824
-0.589705875609221
0.687819189154076
1.2430782283608
-0.393776823557569
0.0816875747107787
0.18537809857284
1.16132314659814
0.805618770473177
0.517504127158119
1.024825327602
-0.329321253448164
0.837910725213884
1.27915377440214
0.609207515647171
-1.35897797089021
0.138470322522962
0.68599967261719
-0.650090897056433
-0.188499225742911
0.377057619424101
0.696040982661062
-1.24582648560423
-0.481390137448425
-0.598169047830066
-0.142037367912039
0.178947352540618
0.877312430197586
0.307433024827514
-1.4192322299432
-0.394033169307607
1.03930123197576
0.640859184893314
0.746964729295083
1.32918219619556
0.12785374779646
0.324613567942966
0.804619626504027
1.23864097832899
1.36510735100434
0.35270549403247
0.0794011461667695
0.863523628723528
-0.918603280668706
-1.4612764671276
0.37291221988528
1.43106628350597
1.14373789195866
1.64725708872528
1.18787240248491
1.13764083423006
1.50930298336314
1.30463973242065
1.5685684481332
1.46482768783468
1.51661515996716
1.59805818006144
1.69306666060494
1.53456200885373
1.71249404066405
0.729842854780993
1.52542340235723
0.588371682617334
1.34424208324397
0.826660278983937
1.48540337760193
-0.197985045694711
1.05164122677973
0.573791865694577
1.45185555468948
0.908968011357377
1.08209696050652
0.551230088120341
0.723328596119495
1.07932137513492
0.444184849663057
0.239113500772677
0.425604080462483
1.17008683919038
0.713154186556189
0.176326033799298
0.866217231635408
0.76869292612849
0.773017359071531
0.862411931797871
0.615400953453796
0.970534632226452
0.880273734279231
1.02650600924125
0.381661852587718
0.902344654678844
1.06627362877821
-1.05900238415261
-0.0261522816636852
0.186527663822513
-0.515573992334723
-2.04789987320016
0.946208928405227
-0.205112747982078
0.540907914004726
-0.101432479250843
-1.28959248878284
-0.458235963971361
-0.78614392012392
0.161656498292603
0.431870245589159
0.0207268383177007
-0.0283062893695215
0.805272892591134
-0.308960228667672
0.613344313645774
1.11974773667413
0.522166787533589
-0.127844092279295
-0.596446379992005
0.383299237040525
-0.0442515667009192
-0.454322796124396
0.0647530178662834
-0.16018890598473
-0.334286167430489
1.13500919373875
-1.58051180166014
-0.3099251629863
-0.542382817454621
-1.80747969682877
0.47588291666261
-0.0594945595082091
-2.33498980149077
-0.464839494356864
-1.98205738125418
-2.03578663472555
-1.46750646489965
-0.704745042091851
-1.84839877941815
0.281734906368143
-0.133078401687393
