-0.509168930806423
-1.16889110079548
-0.343890738287395
1.22475898516994
-0.70564895806149
0.468823146694524
1.31037774053564
0.833784321346605
0.974443995465883
1.28725907538151
0.264691973050494
-1.9888016642912
0.220664709481433
0.477607173232795
0.0489460642521931
-1.74572140034474
0.521760357815791
1.15115545579485
-1.68211047543967
-0.110788016999234
0.1411610311868
-0.0921587288325526
0.0622152571466718
-0.374975638801207
-0.913403013045034
0.0237767879965053
0.213468229067116
-0.691270696187349
-0.57209109593813
0.640573990481192
0.481315243785122
1.0016076543529
-0.0720131809210683
-0.569297020166048
0.196583658392881
0.0560364662539675
0.275211560099834
-0.459068436629674
1.40525869005799
-0.616374164934884
-0.0750317924862015
0.359962976783919
-1.30094731694144
0.161652379246525
-1.16127528456261
0.253003784146575
0.0518060845370168
0.166426202947737
-1.33766143705322
-0.27079946756397
-0.422577320674954
0.181285107966862
0.280869870366178
0.633022916521462
-0.166619301348262
-0.206878959955025
-2.48779209431911
-1.05123991042209
0.0687858256399361
4.93079277519367e-05
-0.480756621576463
-0.0677228230123753
-0.00456949281848516
-0.305748666801802
-0.792611888368922
0.305235533632772
-0.786143050395731
-1.06127839952903
-0.0551190492896739
-0.525425794602813
-0.842808655769978
-1.87210361960846
-0.349794344506047
0.227282206724151
-1.17428026487763
-1.91004043112883
-1.47965529714447
0.0651738158442991
-0.254725124258673
0.152137533600278
0.12068353446981
-0.17739206747565
-0.00498667828196997
-2.20611755041195
-0.170507003105391
-0.607104160442283
-1.59886020474029
1.42490738552984
0.491300767021236
-0.737493635982767
1.03536247182231
1.32595174160052
0.306849579528493
0.994381643228714
0.856428699598737
1.22638394766117
-0.0356922127827211
0.123872603003301
1.65721385443827
0.666631202079557
0.758197671921644
0.639153893673565
1.09057564307654
1.61684788875276
1.77295967813903
0.789118767532762
-0.185773784971689
0.195841245183866
-1.0197155177784
0.555087961766384
-1.10257638642351
-0.746932567447944
-0.787576913467183
-0.968089028557125
0.915044632084055
0.122955309074559
1.29709258503624
1.82034106605617
0.969172606819727
0.685906304140104
0.923122871991022
2.45566342054833
-0.301848402866161
-0.412935224288748
-1.00444904281589
0.669717656450619
0.670738936537813
-2.12172882257808
0.818402808476966
-0.183695230076083
-0.0415984969489119
-0.0226905063930951
-1.18054134901546
-0.356704206861093
-0.575613175286218
-1.23959172912822
0.87577538152074
-2.27835269676074
-2.01249053395309
0.139242501959081
1.17533259732005
-0.0199397912528006
0.594197810846888
1.90415563055232
-0.376583975113731
1.51795074139975
0.697994250338004
1.3231839372158
-0.299001907075393
1.84202075453533
0.614863217214622
0.436109045903832
-0.0551764725261114
1.29646020736428
0.481881511268528
0.189210826533353
0.78735721719082
-0.392438592383111
0.523570145708195
0.35960375975399
-0.528156190315179
-0.055164383231531
0.202892483887787
1.13993140910601
0.888955000987068
-0.0966166971577735
0.475196434244777
1.22382256000891
0.732265688247309
1.09142794886465
0.751766047927607
-1.01473685158334
-0.766865963883718
-0.250372479254816
1.08632002903433
-0.87524702099848
-2.9385036978196
0.525671291848727
-0.662636485944311
-0.956856476884984
-0.20965498245716
-0.217958030024626
-2.79389148166644
-2.02707820463329
-1.51747859889952
-2.05488963263667
1.63747805559872
0.498259509663755
-0.571222784278909
-0.523795940721566
-1.79402550920693
0.363018308699009
1.29405695788696
0.59205327522778
-1.67173377808132
-0.910415743116967
-1.00047894004003
0.169512120275185
0.510096978935873
-1.73946444799258
-1.73867687438293
1.18863421983395
0.308756864544673
0.221212569963817
0.985935336424653
1.76227797811921
0.340171202307611
0.613197886806511
-0.327868549922576
1.12058444697602
1.41402248916481
1.17802068584651
1.26873647459488
