1.63520014510775
1.74141779280737
0.418817491012314
-0.20550767156066
0.161021783756094
-1.40822777671824
-1.31373448398781
-0.589527322815286
-1.35285531733192
0.413874806032604
0.199845800927402
1.66701796187727
0.287366023784869
0.645890099076231
0.117120753850033
1.50583678015115
0.341741837642728
-2.15860782110892
1.82526999898818
-0.0758615422639877
-0.620339268430307
-0.183564379744359
-0.260535082797843
-0.49819577103656
0.570891872511701
0.0783550232261544
0.449884110809565
0.171758142788892
0.379609924407005
0.0620817202151713
-1.16303234016077
0.102302167127899
-1.08744135568514
-0.123620425116523
-1.22001959109734
-0.37349221236062
0.318756042868816
-0.168432277717775
0.305320329022769
-0.50147569927091
-1.04881746538488
-0.290919631036544
1.71116068187975
-0.187010535380718
0.336323336080808
-0.553323976674299
-0.281162696889685
-0.297149180102439
1.5908148452018
-0.877732637328307
-0.819788572795927
-0.281513045080508
0.010848855703299
-1.00862615007093
-0.353356535626796
-0.106923133478215
1.02905850647506
-0.170667437046657
-0.112880802437201
-0.846440296903909
-0.157488063367625
-0.010926649162198
-0.717450493018953
-0.673161148166469
-0.110047842861466
-1.60435770437633
0.0802385202929212
1.64721107775418
0.17446871691096
0.731931901841269
-0.122027554260353
1.9828945046171
0.4003901099617
0.931751153579818
1.35865154942801
-0.321903046046685
0.381565566354999
0.344294377760846
0.472929434886801
0.0646866810572068
1.60897539598325
0.536485091805636
2.43923866942095
3.00025246235791
2.25774264606416
1.77414570006498
0.530883173965724
-0.824464011171711
0.767690508003107
-0.0735938416217029
-0.877614875455101
-0.172838505843827
1.77382252106259
1.81621703626982
0.534724923483444
-0.390367784480989
-1.74325213668507
1.10843836806012
0.338554670162917
1.62450108709259
0.504617325354457
0.437030413223465
-0.336825461423096
1.06366481281767
0.954295209796704
0.581891088685152
-0.104046345956658
-0.466207874663738
1.37628692870154
1.62011623492191
0.911639551117463
1.6627274369414
0.155725373463726
1.38922712152884
1.16856729715777
1.24321309372509
0.152314922308603
0.192850199162454
-0.309599010174658
0.514941592542003
0.594278242538771
0.581415643964649
0.231312924799722
-0.000896279272403462
0.532754185001908
-0.308744291621599
2.27691509865125
2.06179189414932
0.308134313540952
1.55004039627669
2.2737939604759
0.522418745773643
0.529613187366773
0.563758089654322
0.672266937707999
0.45103104582735
-0.531137486153138
0.150336345891541
-0.070241626666033
0.1235816393986
-1.45330290301245
-0.0979871748769966
-0.379268872953107
-1.05866763384457
-1.48777617499295
0.209004590832027
-0.902882869252188
0.0909460649602805
-0.299199696683069
0.594127950482344
0.375704154805446
-0.804473859384173
0.0890284328020027
-0.435464599344141
0.023746505403532
-1.45073618731227
-0.882628639157737
-0.669881915111671
-0.562879719102636
0.127833479245149
-0.246892622838819
-0.148352738888018
-0.719798555984479
-0.272499233431281
-0.856454156666378
0.155734654740626
-0.544022730182356
-0.437082404807219
-0.439387666828929
-0.620844282058997
-0.817362839587077
0.113491410038805
-2.61117356856887
-0.605060716236991
0.631258055947531
-0.438555758258365
-0.376167692786784
-0.883145797584932
-0.130892579616113
-1.38182203472
-0.875398901760641
-0.194287559266303
-2.23545782518808
-0.605274169474676
1.13097301231214
-0.406419705800537
-0.795351166718226
0.190940248948812
-0.353588093385488
-0.259186690916023
-1.8844541236997
-0.171761369967824
-0.515258683969434
-0.095911160703434
1.86174875348595
0.425724430988754
0.280951828552281
-0.386571136247759
-1.63523302794919
-2.21257443743439
0.349449862764827
-1.83636631093449
-1.09374501980408
-1.2966979537969
-1.81862096137172
-0.272989841051944
-2.27891525106588
-1.73482499891199
-1.64643380428803
-1.55275251537302
-0.204763246869214
-1.68323753667997
-0.234771785759607
