0.582926263325802
0.406512741098442
1.64762806282731
0.257429849132877
2.49829002072801
-0.706568457997516
-0.83643958790884
-1.25082909916399
-0.663514993445762
-0.567885408392658
1.940515102796
1.18300835650198
0.492627610426042
0.412509255788108
1.6624519827475
-1.0169304579088
1.70626265854485
-0.654207069302355
0.385445164585612
-0.591627163118289
-0.424473743467913
0.156258544871325
0.0839020192294503
0.082692045556471
0.220351569434987
1.52342737504778
1.98056888374464
-0.940782904393315
0.984180805034436
0.63255921660319
-0.800830220248152
0.744511635387672
-1.96222304971659
-1.57569982128768
-0.573751762918279
-1.41031052722335
-1.39574903089145
-0.749349779872272
0.903529028734076
1.4409712841808
-1.60927697656132
-0.513136058732927
1.42859878059057
0.166634910052876
-0.920091650843365
-2.05743879336399
0.906092240981041
-1.59532591412353
1.37254571950055
0.115903971406255
0.640271912717797
1.50809929445927
1.5249154911476
-0.547985068080951
-1.00912435044276
-0.467930588751051
-0.748221200220063
-0.376473962763719
-1.29748604025643
-0.704371140181036
-0.701637847891451
-0.537216777259832
2.87743838431786
2.31499119647326
-0.398406207969708
-0.64181184211412
0.38576602044751
0.473704777918438
2.61332966780377
0.561194199363367
2.49177829025465
-0.110417189222315
-0.333856380181733
0.777568116870892
0.972021047764939
0.803725214447923
1.05265666998505
1.87831013181478
1.54327042761419
-0.0379266291002376
0.248672154517395
-1.49610452110662
0.725812123381721
-0.734263447790149
1.02615261988901
0.994085295464567
1.33182309734091
1.55018229738638
-0.0916590198568832
0.130695090063984
0.504315471446203
0.940751933753807
-0.702861283364074
0.20621838294774
1.39275680399791
1.27016906514018
0.0881211795398156
1.27607706701351
1.52455962462304
0.360962237332234
0.305461312440624
-1.12821958675307
0.154290775978493
2.80620156873745
-0.599045595559426
-0.0434764614930726
-1.02331933779553
0.0865757156770658
-0.140212459173861
0.995727284960019
-0.387975389139601
-0.500956482984729
0.139525601994002
-0.0104866540338565
-0.033310570870768
-0.145708003620827
-1.4350968850579
0.266044573850164
0.290406781747392
-0.243066669249262
0.161018015714372
-0.475596793133491
0.50055863646781
1.44553555837376
1.23070713805524
-0.130903234373818
0.491028740580872
1.18459903690838
0.0579329918502312
0.325627045206453
0.560550601401636
-0.585037737678178
-1.76651181072722
0.389161789088442
-0.288533645615245
0.144629334502104
-2.28237204998053
0.63516730055524
-0.0323782065485815
0.370957746508892
-0.648458692834003
0.381618890206975
-0.591595047533678
-0.0883021203614716
-1.23992315863592
-0.0970884052816999
-2.17547026530258
-0.940481606945077
-1.35942058721903
-0.750591088069576
-0.641542778126558
-0.880535989757155
-0.185118189472362
-1.03271328857408
-0.724744778222198
-1.30622146548131
0.386634202904715
-0.453787873118163
-1.17416519888803
0.199314449418773
-0.739587922672979
-0.185824866817868
0.0284515573939715
-0.429373866059403
-2.62968245875246
-0.0921978999217129
-0.99256256895607
-0.989119093151618
-0.597739986971993
-0.174454866142576
-0.44907490058789
-0.654792437289714
0.389026578359751
-0.328556841927694
0.338382442810562
1.27900187406188
0.276196923868231
-0.0179770382924495
-0.684240277290811
0.0981099648701086
-0.504317440096131
0.0150947097838497
-0.43174356779306
1.15786094996419
-1.52379102203475
-0.981592758344946
-0.0808450254433042
-0.291641760094751
-0.573972922681043
-1.43344142356459
-0.0364858489241405
-0.486338572571515
-1.08382308495124
0.525136302192053
-1.26876396827892
-0.598980924476909
-0.578380234546704
0.161922523453856
-0.787490637172492
1.40783179065776
0.559917727606785
-0.769481631903206
-0.215879013596669
-0.960711481477273
-0.140106559327332
1.12235633718604
-0.570187838972043
-0.588964800819704
-0.994693527022029
-0.711851645290405
0.174519728687877
0.476658962946157
0.446760936195226
