-0.448106471888539
-0.515530239929125
-0.9090572463962
-2.09699880319448
-1.55613104686837
-1.45448005040844
-1.65640495905347
-1.99873538445425
0.901254994071925
0.0349740213076544
-0.686186136773616
-0.890600782106845
0.232793239433292
0.262108914052785
-1.14490081433257
-1.37649083462655
-1.47361996677664
-1.6279408026726
-0.8361843567781
-0.464481019336605
0.328143214731934
0.808305453523192
0.962499702485886
-0.166372352118518
0.0262220989518104
-0.00927206857156485
-0.547528674222991
0.185967169240853
0.353964786105531
-1.39126569766188
0.268052597198855
-2.02359456466563
-0.519393117025557
-0.103439918165718
-0.729057707632331
-0.0467100136844406
0.0358923336446622
0.449740539384304
1.62725967531219
-0.209123117482999
-0.230559212201779
0.215570514173059
-0.542521730479992
1.53851040751779
-0.301619510763213
-0.624275865912494
-0.359268975124896
-1.40757583724412
-0.718479156311321
0.208982592917708
-0.447015510717421
-0.628935041570473
0.184605587634847
0.716125025985953
0.762216215069174
0.857462058842322
-0.318540633821137
0.101509954836135
0.235184555769971
0.482985600462108
-1.17115684425158
-1.01910005101592
-0.961344881542674
-1.11841879675514
-0.83816037615085
-0.34672861740574
0.830444296271286
0.1368038286479
-1.37471299626175
-1.25281687798532
-0.739880949245341
-0.995003885241326
-1.06245077475277
-0.326353988770958
-2.11369208587353
-1.75216655075242
-0.747769290673522
-0.309096601244106
0.767782257473355
-1.87387548526558
-0.128470926975665
-0.128632805357355
0.566851834305589
-2.43935316897042
-0.2068301234183
-0.540425650418456
0.443728387470049
1.42416133578811
0.361269029482186
-0.10685812611726
1.05471588874227
0.432050372370994
0.340500449098628
0.0776527027650403
0.81497724112384
0.657615560257119
-0.459596174698214
1.39669624050925
-0.104356785196374
0.836894793140039
-0.487892367773014
0.431548012352517
-0.403054452166067
2.20980559025646
-0.234436234349034
0.393085969026965
-0.0444453409709517
0.0421722364837974
0.617624148517172
0.46864794339335
-0.0710346401140881
0.420498947939023
0.79104758314968
0.338063997436633
-1.35499972365574
-0.488154601330456
0.149696004854456
1.11352334088997
-0.0396443473752116
1.40561504678455
1.37084807671463
0.463313397055468
-0.825169668934604
-1.38271197944534
-1.74557008467179
-1.10663951496363
-0.990440353031078
-1.43044494650063
-0.505848226926115
-1.79978396301163
-1.266952491087
-0.997175162784679
-1.5358571955222
-0.919779277830132
-2.0705787761332
-2.42545703816233
-1.48418491623631
-0.568439828789821
-0.382482613995616
-0.512110514847231
-1.52101170323076
-2.16831747263031
0.164254964168808
-0.0873796969659184
0.59715240497908
-0.186072104144766
0.675133785492291
0.980606151450802
0.669159589712134
-0.476799629832375
0.153790747023893
0.240031055462035
0.22442569001053
0.111868867154306
-0.0212506126875356
-0.107647953765337
1.76506348469072
0.398705732653058
0.401968438130321
0.853481934240549
0.296721538032901
0.0218979356890476
0.180905447473806
0.0886936703727637
-0.233847213552586
0.763333931012637
0.383449721825214
0.535583765808964
1.25581589028281
1.20725131540192
0.536560490253783
1.23462425915901
-0.225796728309757
0.210514511532657
1.56086876499076
1.14974164822911
0.992463250964646
1.30636937499598
1.15900447448084
1.53416793118191
0.886824191179379
1.78696573225401
0.928144807750399
1.19583923195512
1.05122554529257
1.43500215836944
1.82051403307682
1.063645049195
1.26971139612034
1.12638849328106
0.318716498687859
1.12866417851405
1.55821787521922
1.78605628372737
1.31250116252584
1.62891112137491
1.42458218722025
1.42739086115179
1.28984172891949
-0.032202450010301
1.02634502098702
-0.588023623176746
-0.545951424085537
0.126491851439353
-0.38611371088816
1.43710708398513
-1.19711604156207
-0.270513729244793
0.431847197594395
-0.258413131591842
1.81052727145301
1.55618119266625
1.3381772358505
