0.00573558063615055
-0.234807666646351
0.334497836690641
-1.23812846673572
-1.16741151811451
-0.571311813132331
-0.130651748757582
0.507709137425026
-0.148858577865466
0.87895952809939
-1.64874738063971
-1.20655506287535
-0.485171048144211
-0.561965529971648
1.12043373927533
-1.15763701294535
0.879414462495194
0.0675610031991258
-0.518821209031831
1.42935168572103
0.286347497242042
0.891615119845854
0.493226779721036
-0.835014733722645
-1.07256493420532
-0.724287694174921
-1.47309939668727
-0.346730213751273
-1.16404291343433
0.44239456791468
-0.323821201223236
-1.59380508060313
-0.307133527562286
-0.130793326250281
-0.470883590343493
-0.142910856658471
-0.945368428072434
0.208239632088389
1.53040968184279
1.08827021365087
-0.852117970641139
-0.774543863010641
-0.0888270802782156
0.443334841162273
0.10353284711681
-0.231236782128791
-0.600303111062281
-1.05130742988176
0.0256682720184883
0.709772769003087
0.368066153722558
0.727557374270425
0.222351495572963
-0.545192680587431
-0.0577099017909293
0.0407772634657489
0.0798505527394661
-0.0464322530019603
0.0516435478508126
-1.18396019409719
-0.514854296739736
-1.05497704860676
-1.37500674379028
-1.17036821466128
-1.51298817812686
1.41132872538485
-0.609404033780551
-0.440530982740173
-1.32059822472887
-1.04740438686065
-0.329525415785288
-1.84805207902195
0.743093285215386
-0.287937333549491
-0.900907038032992
-1.66618373568189
0.874464773995408
-0.526624222062413
0.387604346165405
-0.731516935143347
-0.974378784842834
-1.10183533513965
-0.327304433777981
-2.30956910641156
0.571221177540048
-1.64485644525842
-0.835328384479536
0.265041930864286
-0.322043036195881
0.43397049932944
-0.666991085401405
1.03027163466622
1.15014510707313
1.05302822351551
0.483553325551039
1.52614374442559
0.755558902231008
0.721750854405544
0.944562322944815
0.95171421720563
-0.994913818898327
-1.72776565190335
-1.03135285110978
1.50911541432022
0.283452016134268
1.03630851813918
-2.17306827036488
-0.983967241267973
-1.19559026363466
0.528633725277773
1.10945319762194
1.59087730506294
-0.568220892260757
2.59875784554323
-0.629947323286079
0.0628385446413822
-1.18060098465854
0.745719309653337
1.58353770632153
-0.597449998123053
0.453787390506028
0.292885707912849
0.128926095844162
1.13925968469707
-0.85971709098115
-0.630806276185664
-0.68553982299644
0.252916385473302
0.135733144738193
1.81963609489715
0.891328478004124
-0.893238846051487
-1.73649401249621
0.572994007978456
-0.258533833819225
1.39779055860707
-1.05115810359885
-0.112427446183451
-0.639402932064552
-0.767504329840923
0.444026353775556
-0.954581871761668
-0.85807288681885
-0.179663474693531
-0.488107736280489
-1.25910579720989
-0.865197350711486
1.33068640062504
0.258571848849181
-0.460264453981009
-1.02222670277959
-1.52501138789512
-0.218427308748402
-0.836583909499355
-1.18897209815372
-1.41713558921636
-0.995674403730602
-0.738734037477569
-0.487417292758678
1.36747315862061
-1.75654523355506
-1.02451282754988
-1.720772468901
-0.0136784610378741
-1.52603768105986
0.0030659076719956
-0.177083582870623
-0.208930767678789
-0.533300030383227
0.199168155764443
-0.842074209578238
0.79646322101074
0.609778146476143
0.175740866235222
0.168154123330973
2.16390255364158
-0.176386185251219
1.0801129414592
0.677464430484857
0.212420004396625
0.224808471424891
1.62443157367114
0.579632578992701
0.661690253291746
1.14294866635482
-0.0373542840795722
1.63229929922822
1.06634391522091
0.134737836601352
0.413833027477223
0.712838329647652
1.67476464529616
-0.40190799921541
2.04816574591878
0.318941180302118
0.140417279463523
1.12582442089573
1.44584991485391
0.605910883585752
2.33417908515145
1.28090020299866
1.06693952878416
0.0429661655276596
0.76155339641125
1.3411725452488
2.15689872169317
1.04128110269429
1.14938455474185
1.5929061657745
0.856763955809254
1.9264734861203
1.81420105540675
1.40258781586301
