-0.495801515117632
-0.196557683585264
-1.0107288223757
-0.906435501694696
-0.588396903158856
-0.420690145381004
-0.2996145952524
-0.491686207402001
-0.468732892496625
-0.0789413449444229
-0.580025195237627
-1.02756360984906
0.0705186744046374
-0.369961563009542
-0.84953581004006
-0.677341838177248
-0.866908641245632
-0.318661813321508
-1.03616890984625
0.282834323060839
-0.602843638395095
0.227618648941012
-0.110222889146941
-0.391496009010333
0.341713774241822
1.39348678748176
-0.477361495080102
-0.297046583010101
0.721421158489081
-0.0767050702755023
-0.91715726162187
-0.747626259328767
-0.969795227516803
-1.10182272151919
-1.18538994338871
-0.802203331390884
-0.896862291372833
-0.463301123959867
1.39516542290669
-0.852064888873861
-0.75613416246877
-0.39178523380909
-1.22796206711864
-0.396368668253807
-0.153242195545266
0.00267897467868045
-0.226454488177837
-1.03422377690695
-0.912188676178016
-0.91677800861861
-1.06649491596948
0.0451398559147959
0.0594151713455935
-0.497728657209842
-0.784931853647998
0.0595124186926218
-0.122233014495703
0.153582539204198
-0.427704626781828
-0.148397768633947
-0.255399411810302
0.11634274632902
0.0393574922979917
-0.814623160921384
-0.168846784459968
-0.763669395582764
-0.371804515037319
-0.809984518028269
-0.725609330404965
-1.04216332574696
-0.842964238485091
-1.18858296081262
-0.240240305735051
1.04723984873317
-0.163267754021668
-0.642319173179459
-0.213642552301523
-1.03436475641051
0.180734082275758
0.884586098691818
-1.04521812345773
-1.33376867082093
0.496595668971184
0.620142242771789
0.326187226465209
-0.875342151995944
0.981419654596973
-0.0347514412506013
-0.723834089602321
-0.508066832731494
-0.459183073015122
-0.189097529028978
-1.35822556257526
-0.722952426330767
-0.754822488850562
-0.387707744546489
1.62111799224118
-0.166724160142143
-0.545586204703483
-0.0388683493736237
-0.625224506298926
-0.520841018163544
-0.396661598844861
0.0946409591985549
-0.499110980421858
-1.2623726951734
-0.108544526623186
0.170997141699221
0.736512298667983
1.6935014415496
0.202057721068764
-0.80618170082764
-0.769623666301372
-1.00020753800107
-1.27931513959512
-1.33236603485448
-0.104376953083072
-1.30043049087653
-1.1417882702865
-0.519977449315516
-0.925197916320691
-1.32747913970351
0.679426808231871
0.574721254779824
-0.409239382688821
-0.14354484166562
0.436078496076413
0.0752634804036837
-1.16335076167844
1.77162368319372
1.52281715243511
0.291799361026426
-1.29877054773668
1.12535702207408
-2.03987961724639
1.44384336037008
0.300004091857744
0.634142539386962
-1.19553734622917
-0.0491185180662713
0.173159665854348
0.983859494636407
-0.568435696743889
2.11125835847965
-0.571678978066174
3.73764674204701
-0.754065148026604
-0.175567887683045
0.350108453207108
0.299171078859829
1.19974547447915
1.18561706515315
-0.260962061512856
-0.33268780831798
1.69966557750008
2.13762109068529
0.424587256460133
0.491414104565449
0.516716411210466
0.796071419925003
0.922535272794196
1.01179961291121
0.632531296058938
2.11824406096764
1.68398453613311
0.785922210772937
1.86509603789446
3.2399456388724
0.492791278074728
1.68840731441121
1.62006541452774
0.260022317405846
0.273784308260687
2.50464327135833
2.25367583583568
1.54730406331493
0.849405177581495
-2.01571072048147
-0.501808525691429
0.695776522326965
0.517817524550714
2.40861028683788
0.85596945093797
0.181179393431997
0.781062289093873
1.01144429417162
3.03101393126294
1.01742642897049
1.61119751995443
0.250393603685893
-0.734562293652617
-0.338474443448777
0.394055507592153
0.157000790598459
-0.0244381172620526
-0.575322843288889
-0.267421648362511
1.74639858708354
-1.07335434198435
1.61588712224397
0.654499436630388
-0.915230844049196
-0.341017866844351
1.1432117697006
-0.867070535810041
-0.0930179320600311
-1.26325099951069
0.343261744187299
-0.173403252568007
-0.639354823365886
-1.7201150887088
-0.746096158515527
2.13949586890755
