-0.697131915726065
-0.248830383490064
-2.06203187280692
-0.997030008295719
-2.0643367957411
-1.21357427123161
-1.12070062957433
-1.17061324389938
-1.19709057549305
0.765769754158609
-1.72886057805471
-0.165073700341334
-1.48141990943891
-1.27808861437529
-1.66546239064415
-0.814364211170393
-0.806382903428273
-0.940362767295004
-0.481783398794727
-1.30541299263088
-1.74604544625218
-0.847474531009983
-0.284102811571722
-1.62665644843652
-0.952388456022391
-2.06576738841936
-2.16531705142415
-0.887514126030407
-1.80585229551767
-1.67264288835741
-1.19321429093285
-1.04368244210297
-1.65933714625173
-1.3630882211461
-2.18737161943047
-1.82427286462649
-1.89302082973516
-0.893017207418149
2.11675296653897
0.830652951377404
-0.0276122193764285
0.177472289926378
0.383605738581184
1.93184044596571
0.837543044556944
-0.297086218443364
-1.02607619371028
-0.197986967084768
0.545583690848298
-0.739481703408449
-0.990165711463508
0.337192623443101
0.479360672580459
-0.849487201083445
-0.683945526976814
-0.537929604430548
0.0134263964135753
-0.42449339993031
-0.82595667627384
-0.726013558602802
0.273309217479957
1.04110310968564
-1.67332606945243
-0.975616034443663
0.0566915000764714
-0.127474582764005
0.994474423297756
0.425943877727413
0.249475593548329
0.899372437190092
-0.376143976774352
-0.638088809045296
0.8981487953931
0.350502202991451
0.844013331182869
1.6500009285406
1.21209182884991
-0.660863650256474
0.740267236929785
1.13332737692678
0.0769931258341226
-0.643354036136853
-0.310708500087663
-0.213388169138039
0.304840922892176
-0.0894632790539894
0.470120370647615
1.71657558428583
-0.117122992609407
0.63551365095614
0.778011194059377
-0.773212920453391
-0.462050853745448
-0.151070845209157
-0.427102490552139
-0.408323547391955
-0.042459928651524
1.49421127399993
0.00309596038442048
-0.476963724345527
0.0280095835452675
-0.963558560479836
-0.441972560303097
2.37862490662396
-0.370028502791552
-1.58264858709053
-0.349388996899309
0.711603495999898
0.793593334507282
1.38753657779361
0.938990029754911
-0.595744496721372
0.46416063159953
-0.628955972096292
-0.296182390818766
-0.147504075544203
-0.172841528796759
-0.532673412699672
-0.50165376920251
-0.803657952376965
-0.849974220222868
-1.19159556807995
2.07836950353628
2.26009604997218
1.95495112600604
1.30747262253405
0.599530762124596
0.562877010220661
1.10439909317513
1.81590898622282
1.39395886432991
1.37190803306893
1.31427052387137
1.91035694576015
2.13910656525832
1.94685416284252
1.60107068165681
2.41518164672497
0.648165786964566
0.592583282349613
1.21767383582285
2.01811815462199
-0.112753699866418
-0.349463762876327
0.159250218346981
1.35509207704238
-0.384303118177858
0.0586313719625734
-0.485606587957532
1.26046880803642
1.17051867987186
-0.308430725963933
0.365829652784167
0.261235076550764
0.756142454808338
-0.552551790454039
-0.472488351834476
-0.693148638900159
0.0398013524121023
0.823249984623329
0.33614378293947
0.206999519770728
0.154691634435742
0.551350651719129
0.226171550880514
0.110371065633753
0.446829433210616
0.459501563332827
0.325776027283204
-0.395334285130282
-0.669469429917441
-0.682756499288174
-0.70351682151824
-0.195912884130036
0.595227235054688
-0.425735920165256
0.762778582835605
-0.604373085569302
-0.0344311207886755
0.604253381127097
0.483662737667838
-0.7055231491529
0.64663980116425
0.249663079987379
0.0668305844074227
-0.163067500631905
0.787463769826115
1.60903252621669
0.352490739439714
-0.0510666235115654
0.411501534652722
0.939418738785002
-0.63557879851689
0.876614655223199
0.243665809606288
0.757100988033574
-0.0300896149559849
-0.165337669836237
-1.71999429691412
0.618912313313932
1.21399577915658
0.495288714939693
-0.860508845353164
-0.148188227066354
-0.249859998336001
1.26821827198763
-0.538440864833416
0.652619240043874
0.303531595499053
-0.124877995018589
-0.184879212172254
0.710291835547698
0.178443196655136
