1.67003757507663
1.47201558171087
1.44462813622677
1.32694217555666
1.30861166251977
1.65804836580051
1.66761578590455
1.56321108788025
1.2546866196785
-0.312727471276876
1.27080681848646
1.26855089503705
1.40865762363348
1.38062180574962
1.46241728447082
1.56633387665128
1.52183020234361
1.38544436596623
1.56282021808719
1.71998353852525
1.51607560208231
1.53333113892406
1.51580553864346
1.54980899482813
1.47503371690159
1.35886204320167
1.45598269673889
1.44446521682178
1.36468474643093
1.48180181035614
1.5289930440969
1.37118178289617
1.60427853147476
1.64957916795473
1.69052095267175
1.51808968506974
1.54951755559986
1.25133028565881
0.941052985648465
0.681976781163034
-0.0233317656965426
0.966840643508526
1.2301122015212
0.394176893083152
0.895940800585624
0.161043631275294
1.48462972346528
0.862952082366692
0.946386642776125
0.195955560838673
-0.124471200632973
0.212341329911769
0.853248270927514
1.16261188416996
0.793208583267856
0.92788663533583
1.25980472538196
1.03193799785435
0.756660611262007
0.687262551109841
1.26576636664899
1.16362057033425
0.511780716896634
0.928822428770179
0.973679404913218
1.51924470579824
1.34174436829294
0.663588707507764
0.609800507625367
0.357296313235821
0.431941119819988
0.348997960302309
0.614270657703031
0.0474174716446354
0.135371373284216
0.666816480975818
0.582838388538852
0.68344042450299
-0.80501958485758
0.0218777822399869
-1.11803063988262
-2.34685252210419
0.70725165251171
-0.122762801325635
0.0837260189040948
0.228071843359884
-0.697537090314807
-0.706768270443054
-1.25411356794565
-0.956637887254722
-1.68241123553044
-1.41308320605527
-1.41134531832957
-0.468925733897325
-1.31452100051431
0.388885127916785
0.190762900285812
-0.0848235458361142
0.176176527993722
-1.46809064820053
0.314853794699344
-0.25177588783993
0.173976440500468
0.682441836751092
0.404934766771285
-0.492823245281001
-0.546598179357393
-0.0828831968763745
-0.531576590839106
-0.569557858368557
-0.355216782018196
-0.925523380021671
-1.72776080806427
-0.994163808104784
0.303427819792355
0.159001897440836
-0.0242416029263143
-1.90884965876072
-0.888248395148094
-1.3227721607743
-0.763567885044676
0.0031701600908817
-0.975308756732705
-1.00569811907066
-0.93178922523485
-0.652247510233917
-0.0466222588155973
0.0099976673597125
0.100989222336323
-0.260031619923382
-0.0309403047776075
0.389411632031062
0.963273630840204
-0.589422927057125
0.203243851521766
-0.673735858171422
-1.68035574937954
-1.27938650578331
-0.0346984998805132
-0.0694895235778842
-1.37354232972698
-0.692579235608933
-0.377258924975712
-0.919697946978071
-0.670585820864758
-0.301491325401483
-1.51466265143316
-0.707613533174388
-1.24085439932234
-0.269573860806516
0.328381665471164
-0.814551876707291
-0.437224969111621
-0.0670998020123678
-0.285701068463387
-1.11969251324374
-0.774257883510624
-0.908208916131405
-0.62973581062662
0.38606292987586
-0.341912587525689
-0.818355811185088
-0.298201815229621
-0.535885048537874
-0.904385244805292
-1.09697972346341
-0.482897901227682
-0.641055199594293
-1.14841592345826
-1.0319022133549
-1.42688022965722
-1.17981021386617
-1.17164803132663
-0.832339048488121
-0.587101345358497
-0.447538814152153
-0.0466317375396211
-0.277166658221966
-0.965470377152476
-0.793921929922489
-0.613148403134547
-1.55082670116787
-0.987639985249416
-0.548747602892327
-0.189334756310319
-0.563976846902042
-0.911519582088909
-0.11846810666008
-0.573181745922229
-1.72458222433862
-0.860764869667645
-1.15401531131391
-0.992983502233422
-0.76013056874623
0.117805968045705
0.209066916228884
-0.665930471023584
-1.21503684979891
-0.872324637169518
-0.557171021790167
-1.05085970805355
-0.742895005177241
-1.13425370698199
-1.44398760586803
0.185833080555309
-0.0513099054094912
-0.25295053030961
-0.694913667630315
-1.38131952997766
-1.29782078824128
-0.906878475877559
-1.32118265845116
-1.59997248671322
