1.46620545139064
0.697836803468813
1.58746659270531
0.894376835381145
0.931836648452663
1.04581511642401
0.174756711094343
-0.874952307253893
0.617897157146163
2.09206790686645
0.822092260128047
0.422677227560161
1.8001629902762
1.83126810041064
1.75052846489292
1.21211782133658
1.72852812589941
0.899257559784806
1.01041890801678
1.70524059040511
1.31247330082096
0.875043082938359
0.479400931089044
1.3035386642176
1.94330562006754
0.873786549001718
0.482314894973779
1.71442295356135
1.51702697747107
0.192498747274192
1.58371078021108
-0.0540567255354519
1.82877933258281
1.89257964600749
1.8867221761673
1.81248136202956
1.90283243448525
1.60767984058048
2.33666917398783
2.13069146317538
-0.0780231161291511
0.187925360008101
0.816137740835326
2.15429943126221
-0.0170328303584718
1.59595499829693
1.67443266130577
0.513664402008641
1.17235360629407
1.19578846748946
1.10392136530897
1.1778752709966
1.30646929754628
0.771172508815589
-0.268481475730707
-0.386278579093919
0.878122942449817
0.12202931345078
-0.0121613122930043
0.620678808245522
0.136766608793664
0.487064042852304
-1.08587345168437
0.101367769609814
0.352804133426093
0.486917653723907
0.517985466474545
0.119321423433692
-1.04101068960597
-0.238165385514812
-0.856740916455957
-1.42569098777523
0.41568475463092
-0.366485162207932
-1.24436624647526
-1.32687192239132
-0.0086367474006569
-0.424774651604564
-0.0697794681408688
-0.277430860846512
-1.34128036035988
-1.79996884620878
0.358356750072286
-1.71901000778472
-0.788133216105712
-1.14015366844339
-0.701536160556997
-0.435679362190572
-2.18007788446068
-1.69392915957064
-1.29372810118893
-1.38257384935422
-1.58299277289842
-1.55784500327296
0.589235981686661
0.109800971104236
0.0869875115390825
-0.4825289637949
0.393332478666828
-1.64413970658403
-0.242797623306035
0.179411020921277
0.183768663109975
-0.0996305205727896
-1.81226506954601
-1.57594184854921
-0.3033613308117
0.586517675499139
-1.8329811923401
-1.10434467178449
-1.16777352487279
-1.70683035623763
-1.52355854165644
-1.86665904049322
-2.21958340795056
-1.3500817648228
0.0772184781527486
-1.57953784918075
-1.73176100079437
-1.47639018568935
-1.77989096379627
-1.96351773856333
-0.51429259265523
0.0368479155304271
-0.579467846505774
-0.445089065507574
-0.936751803806252
-1.22545960377799
0.577283779504144
-0.921878850382903
-0.883062278115289
-0.29267021382206
0.075995421520826
-0.447852875953806
-0.558024470442367
-0.328990421416042
-0.217880900208571
-0.547757042475684
-0.774041243709976
0.126080422540534
-0.0346465193150968
-0.228997195448078
0.113096766548071
-0.899519413557267
-0.667488195264605
-0.894327894924799
-0.148437456239743
0.248542591439787
0.236966665321288
0.0170635559899127
-0.598900209921682
-0.601298392578276
0.32501741320136
-1.16391116274107
-0.785155353822033
-0.578902689286161
-0.513852839755095
-0.156578094822989
-0.0428620110294563
0.341022316415526
-0.322464424282024
0.0948820818834238
-0.852582172698785
-1.09327143258216
-1.37784742175448
0.515629555921747
-0.0234104012102154
-0.434327703477745
0.273404923452492
-0.227292378367439
-0.32435870937495
0.567920687689287
-0.287256187981467
-1.11927523428272
-0.0395751932385202
0.83034055333746
0.0807832490201314
0.385113983939023
-0.381934229513773
-0.113475976021989
0.0405862131368428
0.198401583877717
0.447563527667699
-0.257172520068909
-1.05437607886712
-0.932753531089022
-0.189826536710552
-0.570653284436935
0.139092529044998
-0.711788301446882
0.362115986646472
-0.113913317282709
-0.106618497737376
-0.0371435856397564
-0.198361280875627
0.196794979805683
0.673033216820122
0.416752641644663
-0.6979304062926
1.10066443860118
0.754145767136229
-0.152717809959441
-0.218088307677656
-0.183174745721175
1.01665642158536
0.513734385684663
0.89367756205406
-0.0828315332280937
-0.153578121595005
0.0788078446050445
0.61801575322946
-0.257415572541714
0.504896568593581
