0.530209995786837
0.59710518524541
1.0075875341215
1.306563195835
1.04965421114306
1.33634526148812
1.2840293939296
1.14118391966023
1.60564594424467
-0.261816139135839
1.18554989198222
0.478587901231617
0.851978545461512
0.778158106329684
0.994987517282727
0.675924827844783
0.668288748866561
1.43052137630916
0.760940987888645
1.05504287493074
0.881672945422234
1.42725856399216
0.604306304006987
1.00318350762851
0.557805425951087
1.21881053417681
1.09622085682386
0.659525437695058
0.855358650498626
1.10687125107892
1.520997484479
1.04399522310926
0.9522382938674
1.02635240521079
1.22990852464576
0.877971607759714
1.08866689696654
1.46256481545134
1.7063806381974
0.338950574878258
-2.0641616309463
-2.42839454616374
0.47492756903197
0.50845566513154
-1.64463153520614
-0.896267582940845
0.555564639938182
0.290763974546047
0.39957113116669
0.218826444727326
0.216861015542268
0.757735877814939
1.21617781033209
1.33537103723842
0.882063087295355
0.12114789932172
0.625414122661387
0.648311405012962
0.257101599952925
0.271988454527335
0.660065130509507
-0.0809749683195449
0.767506564033203
0.843893539315405
0.632649159381491
1.14503918134968
0.979098156657939
0.106965692568362
0.97995475796526
0.253057111688971
0.545375186791334
-0.202820721634332
-0.730789654503529
0.338679563834508
0.319535950806404
-0.926155358439898
-0.179284010785337
-0.0812814122943949
-0.063991208243161
0.372189203275976
-1.68328334337159
-2.51424656358431
0.871832435780778
0.145808101522664
0.596241287211323
0.1078900514183
-0.669020778389096
-0.737931178979476
-0.268526661456384
-0.176407445173652
0.188500048285417
-0.463413929549606
0.037341933708888
-0.0129960206035922
-0.276852258355407
0.434452445792744
-0.120967372537774
1.60364604450782
0.402830964463337
0.196773529622587
-0.150450817992415
-0.29189370865234
-0.0497282979071287
1.37497567399832
-0.159237901918153
-0.47250789761205
-0.412980761669861
-0.14630974421952
0.66765804830471
0.214999835545705
-0.00547564207723885
0.365288295613451
-0.0203824579762771
0.438863764249999
-0.573751616659694
0.0965993931639861
-0.31989612230533
-0.196554813398583
-0.57667301337795
-0.448154503495898
-0.182103817877304
-0.986027733440181
0.616321404800817
0.183664585314075
-0.305692376703692
0.15884853385849
0.246189621878125
-0.134052702782118
0.229371305095724
0.986421483896886
0.000476406670965734
-0.0210598770326857
0.139709087206332
-0.0663932280496235
1.13178189012676
0.501114114805608
-0.717404777457089
0.492914909910281
0.334984895595863
0.125099017411885
-1.19566585869798
0.224488280148417
0.129369744734183
-1.32644540521836
-0.603636440652419
0.485961723973757
0.562234996639411
0.154256966096197
-0.228659728002117
-0.316549956851283
-1.23449773708205
-0.803642543410766
1.12269060428545
-0.217040877796136
-0.0641817830721586
-0.942774736378565
-1.5994163413259
-1.01024835468548
0.118186077127583
0.887433846285525
-0.591784567876539
-0.834207644076871
-0.474613252628455
0.12855925748977
-0.344549081121636
-1.27736172306914
-0.0368667479907565
-0.0289164490418968
-2.67814484575739
-1.51216812905624
-1.02198191600216
-1.81985209170922
-2.60173021793897
-0.253567334098636
-0.324355923474338
-1.65062887654979
-0.403433198222386
-0.243309351010936
-2.33213018271222
-2.07209173579034
-1.16212829095707
-1.10891060220035
-2.15927150134721
-2.13412876345941
0.0987260488698126
-1.27190299935583
-0.626924901477451
-0.175836360658571
-1.04262577171906
-2.35659733327627
-2.31887434733623
-0.759655954116807
-1.84151836582137
-1.22768697168977
-0.713623058878132
-1.46621860993086
-1.18192055954188
-0.588383636588801
-2.57358748723284
-2.12461842545536
-1.73751895420332
2.4842275266702
0.515508049094487
1.06317848941338
0.644658133067041
0.111530680373086
0.35702583706784
1.96408083580505
0.46116221649048
1.94061826728842
-0.242104551174728
-0.645896543121389
-0.240799830460093
