-0.314092020245708
-0.406036194656438
1.15276471011838
1.284529741732
0.798554024523293
1.36596559812184
1.36446892732436
1.37086151112347
1.20227139854558
0.746639824459379
1.12795238954185
-0.793419728510672
1.09932499402462
0.723467584446552
0.577155175454814
-0.995778146780405
-0.182676648708868
1.33644751810286
-0.894621982183908
1.07759971606658
0.338669080852114
0.551668192900001
0.392827676327854
1.11123009746686
1.23448105958595
1.09550999120785
1.30925723130235
1.10469002992297
1.1944813947202
1.34426962120506
1.22067896238063
1.22516229947109
1.23738531581556
0.85042250940524
1.10691934223087
0.996501281648313
0.495580570795762
0.688043524884074
0.600976571411838
0.226639342647041
0.43361000777909
0.0939308375349926
-1.04728980709265
0.618636140130861
0.988659695389564
0.287026492613132
0.948316774087465
1.03462789053704
-0.545867196582884
1.03285570089908
0.927111079708582
1.0756029597447
1.08958449768459
1.21653881827418
0.532403998917595
0.394820949353849
0.859279277983666
0.767202345067415
0.779952635557712
0.867269246730008
0.302755632982261
0.442777900679622
0.807038846933294
0.80708793320862
0.672683192207991
0.837039199689008
0.614995447279865
0.968791427582366
-0.0552818945328509
0.424581282456998
0.77452890581344
0.844591443782265
0.361013789413976
-0.0798617547283231
-1.63589657054131
-1.67738797742547
0.613177164750099
0.431885690772497
0.273105525542419
-1.41882370737511
0.714353045046998
1.05781103373178
0.392508599877613
-1.98399874059206
-0.970035264472106
0.359970804685826
-1.39437786520027
0.47225394014117
-1.78363288438496
-1.72725419018003
-0.121619120663094
-1.21666291028835
-1.98651481946504
-1.97139269885086
0.790166619667446
1.32423595807607
0.514030588676728
-0.556532062756386
0.452205164349534
-1.43220318369575
0.817464969294043
0.3586713214264
0.501490939769629
-1.60680062223251
-0.76967257780786
-0.34322830689586
-0.684174970046479
0.9005819873094
-1.9400043230905
-1.72287165258157
-1.85581697770278
-1.98613364481442
0.880652421583953
-1.85927863217533
-1.98798379402427
-1.66429175568829
-0.00813114385624145
-1.09696864447126
-1.28607951006748
1.00341868509031
0.45914070144275
-1.47180099564817
-1.95998182683541
-0.776345021218237
-1.66345034047783
-1.12513937922613
-1.70929518066059
-1.96528126731909
-0.162150868058706
-1.96904137567156
-1.74704915268912
-1.35756297887404
-0.803278784007437
-1.9859097505387
-1.58984148597619
-1.98782686347814
-0.899872874934019
-1.96283088854605
0.047220332718153
0.0841011455296326
-0.176003940341561
-1.18362745387869
-0.720730190268596
-1.89800710348061
0.674145897462701
-1.91752943072447
1.0120521885811
0.892583780175228
0.713858163501705
-0.0950396875025894
-0.183351865340929
-0.560906044237546
-0.580861937810172
-0.764139384329758
-0.659359293774593
-0.52848630858808
-0.085895227009175
-0.00190112507097046
0.339895886312939
0.320181563857109
-0.159209567179484
0.0902462704195486
-0.16200666940727
-1.86869110763686
-1.38181097706847
0.341050422537541
0.17370240746487
-0.143492442067813
0.444338101962986
0.0470889035808936
-0.141706676997911
0.365869129750885
0.0398982838686749
-0.378248119297599
-0.00671988939394938
0.249462596221891
-0.217841247640348
0.801529809227616
-0.0173983215324119
0.485774675327662
0.149745132458138
0.63832124184352
0.459036566136453
0.413673408325741
-0.224693717475328
0.317276959490829
0.249749135557612
0.0743199716423334
0.38512036074992
-1.31724243771141
0.831792804765643
-0.86953654097117
-1.95132810870117
0.686797940983766
0.53037082825712
0.543887318598413
0.374606536398633
0.593223407063392
0.375729492501087
0.500868941058032
-1.46078278059157
0.760676234298873
0.5833876285505
0.369452197161733
0.358052762801195
0.238968241132611
0.69393242063077
0.711516189466983
0.121186970061708
0.907108747809258
1.04159440328188
0.402060907447281
0.684607527558601
