-0.0490846730948011
-1.14787030617559
1.14115866885455
-0.0771215397058786
-0.188500262130052
0.152387896007498
0.6464097532598
0.110173214918738
0.736442145919928
2.39985789282821
0.0249873958865554
-0.692578213231545
-0.0300340366147827
0.833623440570635
1.96372135565969
2.16244957130154
2.57807305005242
0.608268367002897
0.779256416549131
-0.635570330202257
0.273934355683306
0.519816177005275
0.648815616079149
-0.116981880382692
-0.686252257438704
0.028527143279465
-0.5356215584687
0.94198496998209
-0.356154309168428
-0.675347962958744
-0.235520633204421
-0.653153084684329
-0.663645651212761
-0.290423516913314
0.0197257665694831
-0.314743018158272
-0.873972883897769
0.0236651035524156
2.62962539787204
2.69293074342273
0.193476497224748
-0.892052567928362
0.0011611726324581
2.27428275585699
-1.08155524156584
0.350438006331829
0.0065125848895588
-0.10834912615461
1.50360045645635
0.5929553561608
-0.0644457561392112
0.888231809311215
1.78176939917936
0.719948663444676
0.903259662212465
0.323170586622909
-0.0584675186770958
0.238206614706369
-0.224092815260922
0.325651756726038
0.137741212084267
-0.316867849675489
-0.0478048540637765
0.129536877041346
0.239856211806509
-0.404445199443626
-0.0667832299250976
-1.46840034747342
1.55672978513355
0.0705887614634562
0.67394731371451
-1.26497037469638
0.302559236836069
0.882158150075907
1.74747159299028
0.703575290805609
-0.794259048378043
0.38689440676152
-0.15732491489691
1.91223305198156
-0.923783364170783
-0.736608260249302
-1.15418516537698
-0.608124774857486
0.0416186398076561
-0.712654150653856
-1.04490860285147
1.17057233541685
-0.520404137388108
-1.04524836428065
1.01177962370578
0.0561739441253364
-1.45799334340572
-0.81652891234301
0.142452384855561
-0.0340241079295634
-1.00664444992214
0.612129146083056
0.753098248077953
-0.0338514901142089
0.121796784420698
0.106572040049885
0.31792204219311
1.77493591732235
-0.471229382453585
-1.48215399542718
-1.07740728528983
0.403644911285801
-0.903505812312965
0.0356539611820276
-1.41483096738709
-1.60382295677258
0.161972933680046
-1.91733943433741
-0.106691013046898
0.999549224669481
1.18069216698745
-1.25503316002115
-0.505938785681094
-1.23935807549745
-1.76669214762928
0.922742150650916
-1.45379988066905
-0.188216987490126
-1.6452389551083
-1.28550225674125
0.440141645244138
-0.763024524556461
-2.22404734097734
-0.590783750725175
-0.573335492554812
-0.174338150909323
-2.1570155338328
-1.16143233369939
-0.857711769277823
-2.19365904711246
-1.65945970480804
-2.17856531802
-2.20853870069523
-2.1401411751169
-1.0106708899626
-1.65626818443157
-0.802460382601705
0.168861930319536
-0.416967595515956
-0.67723561306146
0.0245970832002365
-0.0108376745096219
-0.0788085612979305
-0.454550886522571
-0.550060479557248
-0.492745652141701
-0.904372374181729
-1.19210505477995
-0.116180906471013
-1.65842494644023
0.958192411684564
0.27335149894167
-0.708708282640181
0.24689050505171
0.769064468677483
0.613123759128261
0.537743694881304
1.39721575486181
-0.594968739682035
-0.157522766329924
-0.23465583148457
-0.588871812506217
1.65348183763792
1.74519335935096
-0.456413690689929
0.268738780059897
1.42677811821266
-0.163975075744591
0.597560618034988
-0.0675749307195773
0.467204610034859
0.773858777101125
-0.527594712083517
0.871424205528558
0.336011397791706
-1.17185229622656
1.17929338883559
0.436223128475654
-0.0511836591230972
0.679351007190507
-0.00225905489489495
-0.712218206042888
-0.791656748613707
-0.849363532678482
1.3344945875722
0.66977736482429
2.3013094341229
-0.0300973298566556
1.33666250920584
-0.532997055275126
-0.0934156938662931
-1.1687294159998
1.24534688211873
0.68487963881571
-0.15720622293893
0.545748736060593
0.0491815783514326
0.498316310783983
0.977800985214204
1.87125704036978
1.10335210014637
0.799721203775644
0.28764512269178
1.2272171605184
0.08351767038202
0.402457763559744
-0.308963895492238
