1.2093805265398
1.10800639723453
1.12588669140111
1.40319302157884
1.18323236092253
1.19826961845046
1.14155646326948
0.997312238049145
1.05198905656575
1.14420242724113
0.857394028454052
1.56480530587612
1.09412250937176
1.17503414956019
1.18667043918157
0.917010432872837
1.23200357861599
0.572212618292405
0.960655360995843
1.11482687453501
0.848027176352927
0.895466745498075
0.94788913896581
0.740328245742741
1.06568244530725
0.743897140913485
0.371105417964559
1.00479293686883
0.90306012441769
0.787355457722182
1.16171611581583
0.74522391064364
0.98203602903347
1.15346455731424
1.05529732213382
0.653878638842356
0.70537149208826
0.814901582771895
1.97668115207448
1.51129950203223
0.675535342661095
0.977053323855736
1.76098888978054
1.63621122570391
0.66441672665308
0.3614608039331
1.31733421183452
1.52451761796018
1.59024531215859
1.6875529211243
1.80565624960034
1.99833475523046
2.05704535569054
1.53807548686511
0.772310465700141
0.700164273694146
0.920670727510897
0.554573063891949
1.58591310909318
1.63979750626483
1.16589317956625
1.30959652698043
0.472264198357632
0.977111425853827
1.38822651100132
1.0653964622923
1.54130442157769
0.87228587777301
0.637764578114498
0.522338520944528
-0.0388906710463139
0.338936533731886
0.793868427268257
1.25739718385867
0.551212396826837
-0.238089464384576
0.539541197039787
-0.0143265974779615
0.406720125078476
-0.378404952687391
0.0980553571679156
0.010359489955137
0.819801159123489
-0.0388105390344709
0.248322743783507
0.192948225834642
-0.41367373244619
-0.601492610215842
-1.50201950735777
-1.50340565484946
-1.12692307282155
-0.822294383234987
-1.81801607247135
-1.75554166121389
1.035150546968
1.40179563177718
0.637618415358959
-0.0989765305519093
1.1777161302173
-1.9330842877042
0.176900595693204
-0.864917174631105
-0.303557605290192
-0.919226029021908
-1.61439532672247
-1.16119516181145
-0.113889639180315
0.174316940593205
-1.40702040579314
-1.34586176269415
-1.07901641548105
-1.9523134833573
-0.16810474778915
-1.29102417843325
-1.32248039413077
-1.25172675970934
-0.86496837724746
-1.36903312163915
-1.41825169057213
-1.16595326013951
-0.958832151855834
-2.02547839063811
-0.731179492605102
-0.571096148598385
-0.913144360959589
-0.550133271881402
0.300617390331284
-0.543953866017222
-0.781960550026211
-0.118422214839747
-0.273493173767592
-1.12915104286877
-0.993878396722187
-0.414758547018615
-0.651099399627607
-0.550622269808566
-1.42301449854118
-1.09388175949361
-1.53995703982671
-1.16746321667566
-1.17838225964017
-0.754144145364728
0.440452744204908
-0.986694722182936
-0.803204689652899
-0.803105911710244
0.123405247875905
0.186008722369184
0.0415822049338597
0.527223014545497
-0.799404220109272
-0.755442529184831
0.911713216677077
-1.31982189184537
-0.727333424041621
-1.07918203079155
-1.79067653032809
-1.05643758734669
0.169061067518329
1.04680586716119
-0.867973262896938
-0.603945307061507
-0.487554528095483
-0.488299655502206
-0.371492912288861
-1.02739853711638
-0.59625576066086
-0.342041287210519
-1.00102920443149
-1.25709575085388
-0.988707597556438
-0.959691279968989
-1.43230985752449
-0.814321879578858
-1.38133784492247
-1.45926225278849
-0.916810201236295
0.20659972063617
-0.125379312747717
-1.72280376108469
0.0734419400907691
-0.18711657308799
-0.519001949324771
-0.540344355190164
-0.192569373057765
0.457390424389882
-0.213840496412547
-0.00509303910066457
-0.715067526259964
-0.673479175057779
-1.12879147241877
-0.536130140272046
-1.90264514142866
-0.214802890812962
0.362109916685249
-0.345232646157814
-1.28592828334307
-0.1669528454017
-0.995312236573699
-1.17823578604499
-0.60695718324248
-0.146700497273683
-0.370939184224749
-0.116494832645794
-0.413352744345641
-0.143473540688723
-0.248940911035851
-0.288910383116221
-0.179589124482704
-0.257101130761048
-0.2719751434086
-0.565875934285537
-0.0955511427811121
