0.0222833363413984
0.51153931042971
0.848927613139163
-0.282774516102426
-0.788925651742239
-0.598498430500095
0.592309212520571
-0.0440053782493569
-0.237975291285006
0.123274267592555
-0.869566313953132
1.71983844867574
-0.0413322482473929
0.13007426406433
1.82675182836887
1.69040151784745
1.80326732812041
-0.39766525330207
1.26115697024629
-0.707363635448104
-0.506546774154612
-0.309051560258072
-0.41332523380714
-0.420772124765226
0.1488807396422
-0.857717013952668
-0.840219404609553
0.232033117111048
-0.559718428354426
-0.64621568136192
-0.604312042546495
-0.516158812172421
-0.714988973217684
-0.596708322934225
-0.696914527256001
-0.268579611968161
-0.436976664027903
0.0711585379444062
0.336468886020227
0.461675525467393
-0.0838605961679606
-0.823542698679126
1.85100935082111
-0.269390729103859
-0.22425151389106
-0.397389960692493
-0.355761372659016
-0.943002544878538
1.81324291227028
-0.614871263064626
-0.876373367669648
-0.447421162054985
0.0334087780592433
-0.658112417190685
-0.62599745517639
-0.404053854739596
-0.339123266885364
-0.537660094147278
-0.696592056429385
-0.746361690973183
-0.683191917784906
0.721028004406646
-0.678830988091985
-0.854247534091348
-0.73308975558016
-0.574468550653499
-0.506071999878797
0.171874557836235
-0.747939835583166
-0.598830786655752
-0.658830791556273
-1.21376421370723
0.489770893755953
-0.108445674375181
-0.016885129436243
-0.579921809864814
0.0596973009550263
-0.741802170575261
-0.813767099340908
-0.879204088170097
-0.789127704805932
-1.22411645042285
-0.514942729579373
-0.465025718103078
1.36192538390577
-0.801210208878436
-0.860085298343239
-0.185036086868399
-0.461415678734342
-0.065465021553172
-0.65858107473343
-0.657285257512483
-0.877180710336651
-0.197119989239254
-0.897901909033294
-0.424384915196498
-0.716899928043378
-0.483235484707856
-0.13863760931349
-0.564970129154064
-0.431602408475404
-1.05309061196206
-0.708260044020314
0.082326574655061
-0.61028851604211
-0.857439963368695
-1.09911250707335
-0.937136950598885
0.827829304475854
-0.0910898092119468
-0.378834510328675
-1.12514767517926
-1.04781703434661
-0.816850378295219
-0.829234510295258
-0.755146571417163
-0.985043758569743
-0.832765631331359
-0.861974336535343
-0.681323940019099
-0.594206141674373
-0.608499793633319
-0.905841001340925
-0.519826210404163
-0.509324093253662
-0.552271002900689
-0.146930909739506
0.222057432407877
-0.647059756445896
-1.15371363917936
-0.625088351420937
-0.347181772933067
-1.12875699641888
-0.794332269361605
-0.979464902166406
-1.06684440030777
-0.56851843703662
-0.684617280084816
-0.440371662981764
-0.560970968998552
0.272869186015435
-0.208637815941423
-0.864042866661422
1.76508117146248
-0.519445566186037
4.50067516968505
-0.128149253777209
0.569109790976195
-0.191033761613071
3.00700551033355
-0.162524709080657
1.02370420906627
-0.549237683041251
-0.95232787717894
2.70987271568962
1.62142533312767
0.0908756624576166
1.26847125434831
-0.59487944357152
0.18532469292521
0.340398178239413
0.221186569789834
0.854829375038542
3.4248902431465
2.09695531415263
-0.348117634325452
0.0887103038254579
2.02236345152318
1.5453349675513
1.45628657839623
1.93952827139189
-0.805592336351183
0.722724103772883
-0.0963948703798092
2.94293715588212
-0.270689487205219
1.6375506982011
0.172016177167346
1.87004211128522
1.73711271668553
0.408391796466816
-0.518805776843324
1.02631493540554
3.15378380193423
-0.323002524623585
1.37680187721564
0.46072982767341
0.411492385666528
0.302278101021671
-0.54927127729172
2.70519429189645
0.000860730300225276
2.5060579333384
0.0290055461651093
-0.298528161374006
0.324657704117923
0.530232934982273
-0.538199312059565
-0.222989894845811
1.66107390700665
1.76798185877014
-0.216281683355395
0.0133943676638463
0.0152127832088364
0.127325303366973
0.34411800715108
-0.32120861064847
-0.0852940008675238
-0.550595950965363
-0.190066879698886
1.34279875262631
0.682923291251494
0.521165867317066
