0.437933703372431
0.088403945020136
0.954351835241878
1.08183999415249
1.08735807259743
1.17132600170383
0.576897737620636
1.06783482105306
1.10052006168978
-0.173334956514071
1.17904502564816
0.329579981105277
1.41400686301388
0.957916546469478
0.575435038093871
0.686405563189627
0.294501957519405
0.955849246176601
0.588116247422261
1.40391621601273
1.0154144387215
0.965601816969855
-0.0735591197771739
1.09460098122295
1.59389685125853
1.24098106344276
0.967907989687813
1.21992144591973
1.32652460271081
1.23097533832498
1.11435196478862
1.12020123148362
0.844361318043087
1.50632661223295
1.1923613326239
0.668988785206749
0.363625879504454
1.16120258448692
1.02897090593297
-0.552399201932234
0.109827399985407
0.577496699949369
0.748119800374006
-1.2276522846102
0.660805145917643
0.380073523525439
0.597017509765478
1.04393044061717
-0.103816593907595
0.244896384755727
0.162745602106148
0.984732817143475
1.75144595027406
1.45057893791712
0.925096012326091
0.468490258782942
0.555588443927251
0.429246352416544
0.470502398617778
0.641216550646555
0.771456730387483
0.978890584832791
0.803131585477543
0.573689394121217
0.477022977215919
0.936539056001572
1.30015485151422
0.559100800694628
0.834749498730781
0.912447753484226
0.697625974123799
0.658562950193612
0.691471195631437
-1.10038540034898
0.0755228447331779
-0.0152871872257021
0.861160541189363
-0.356399909196772
-0.835083055749138
0.29510470987248
-0.505339295093175
-2.20894703828649
0.776012622384228
-0.311830536409071
0.269384918627248
0.296037753431632
-1.38706470111103
-1.68511722058837
-0.00702161059805977
-0.00311351898195285
-0.447374334158178
0.833928265597948
1.03990191425346
0.95905755014906
-0.13787836631212
0.299786298342286
0.0212079180444028
0.335950195776025
0.715658829486987
0.789947690052488
-0.0790045079722703
-0.936935897193344
-0.800058125993358
-0.315413969311776
0.566130292549616
0.414142926051016
-0.191644169345725
0.424288868878634
-0.701849416560296
0.694533330778917
-0.381483091457497
0.877528651289475
-0.439597913076684
0.482090356900818
-0.0137491077503403
-0.310052511187462
-0.0801347278483924
0.551076371806496
0.34180900659054
-0.102096180944668
0.145938489777139
0.234748138758708
0.0218282862062517
-2.59728603467842
-1.49409297898384
-0.00633028877926186
0.240857254873182
-0.814249308123127
-0.120560742841237
-0.164897554488155
-0.166473390268439
-0.613889163599816
-0.110193370179261
-1.24464653415087
-1.37589474963469
-0.664523533364082
-0.688247384965076
-1.21853453601025
-0.583494334565213
-0.0250113636368523
-1.4683531390893
-0.635579960619729
0.882948117765907
-2.4190871570092
0.0101900523273635
0.571466124240608
0.746227328190442
0.147883604544147
-0.0310404302690461
-1.39925530340382
-0.177299285222259
-0.125983774504392
1.203153969597
0.713963096618457
-0.127921454890802
-0.115933421015699
-0.726552760651549
-0.416569153143566
0.365751028266441
0.530074700540679
-0.10225253939072
-0.476248237177911
-0.210280044612175
-1.12340606596979
-1.04128868350671
-1.91621414302943
-0.451409279234123
-0.294888161070502
-3.1237789839203
-0.119077388079432
-1.13824387829631
-2.60985074052713
-3.0599732166363
-0.575076098961128
-0.600511805732932
-2.11503004885292
-0.910780416595738
-1.15437508950906
-0.920961766157109
-2.07964845186939
-0.497173176230717
-0.299431427633627
-1.96284344774981
-1.11286770787216
0.577989868928559
0.00313695950501225
0.0441148897991916
-0.490436997957652
-0.502588973736524
-1.83349497719223
-1.48720949345818
-1.38542385059973
-0.325007883180432
-0.229972206361611
-0.576156680679932
-1.64387884719407
-0.373073023370587
0.210400706206375
-3.52231895194855
-2.4758217612234
-0.611539603906246
1.70765926067517
-0.82032906567566
-0.339653483039826
-0.778418618425168
-1.1197922750676
1.71204687336928
1.06522162828296
-1.01066641422502
0.504313367004524
-1.13409870092731
1.18783931412057
0.818895166808248
