1.85926724776784
1.14598990030123
1.1468967209618
-0.1288118543154
-0.239227645698476
0.874864076759849
0.783605621752532
0.967373552757788
1.30057382624865
2.21552259750902
0.612977648350502
0.279683604376303
1.57263729067546
2.07002780563189
0.249141297509322
2.00185283995044
1.13163599449543
1.53360375153505
2.1943518662257
0.938321328294964
0.818824435492091
1.10222197382679
1.11853447720561
-0.146703400989585
0.782643748546982
0.0387101356686943
-0.0228036404793455
0.436050302666566
0.188133278027678
-0.0404343903757577
1.24632398579318
0.42541659120369
0.221387405181479
0.627305612862713
0.358720605129455
-0.45615284831543
-0.0627714560376531
0.174810359545799
1.06453060542672
-0.297744530282998
-1.09492951728888
-1.2136422267213
-0.254568673493187
1.45217528777896
-1.10838314130283
-1.37920472172469
0.21848897639015
-0.434911352085084
-0.168100335583738
-0.295287105633215
-1.74287388312903
-0.997227941786581
-0.582230577690795
0.864921226826763
-0.446322259609654
0.697631833483326
0.223406061527373
0.176679203595027
0.953114456992122
0.695292120185642
1.5414194389399
0.0926233870333284
-0.749281949465326
0.0278460696734125
1.22942528186006
0.883106927770165
-0.352168950586819
-0.0190818732942312
-0.520436161485736
1.06594280521001
-1.10993181171396
-0.685173087245774
0.84012001137433
0.880066740891305
0.530747678611441
-1.51692573292545
-0.364570732852372
-1.58707437887279
-0.201431095229669
-0.450180194011548
-0.574991635365472
-1.49977224036507
-1.8598966402407
-0.638462185327889
-1.09313007490988
-1.19447343295222
-0.197894416724623
-0.682379521154896
-1.36937708772238
-2.63379031917986
-1.93535130662606
-0.864202949694767
0.283781131267681
1.09009732848229
-2.64915989365741
-1.54637910706485
-0.598886426338181
0.228645520106843
-0.0764098028343783
0.546977974056836
-0.00714931289852202
0.51544675707524
-0.389579217826105
-0.391928466413472
1.05090851587176
-0.905026888615987
0.591276317975599
0.103774940500146
0.517345048919721
0.800211306759463
-0.372079559221006
-0.0728925433516768
-1.1559536355738
-0.364557397384329
1.43024634419148
1.5822886923457
0.487074053674905
-3.03403620513871
-0.31309070135052
-2.41548073547561
-2.71859567921149
1.52278242389203
-0.21358197647985
-1.28271530605445
0.105959045457985
-0.107238351865764
-1.10402025759435
-1.32384070049837
0.141171405197998
-1.63437268266052
-1.23280268089444
0.593456592562221
1.00989925830653
0.0800302903229812
-1.0637048243308
-1.99940227385537
-0.661012726431892
-1.12736916838426
-1.44615677305401
-0.114712207525752
0.559543364857162
0.593811878426713
0.0940083845018145
-0.896093675290676
0.926948987413863
0.51704940146521
-0.0904666426758897
-0.219578258440384
-0.0822816606731533
-0.889183437442295
0.848614117737175
0.0522030391906169
-0.403325417770983
0.139704468206158
0.734826437758194
1.45065854862447
-0.838835130188671
-0.443935758879924
0.693917535077414
1.6023978746908
-1.21092610320673
-2.06118561814182
-1.33744634184721
-0.579694041643268
1.03334315619289
0.356685722273953
1.05436537946663
0.67498272436996
2.46271304006323
-0.368311963883219
-0.366095250825704
0.620717831060688
-1.00564727176577
0.510337425180256
1.79251278071799
0.0938468807961819
1.25329269730408
0.219793061340155
-0.106782886312158
-0.512284757100986
0.126659700568018
-0.207460126402582
1.18440385141861
0.202161554576927
-0.573151500916761
0.561526265465724
1.22213951481788
0.418573017607535
-0.500869802601743
0.268362951593778
0.101850671995104
1.35729979393589
-0.53816867865368
1.36969666172917
-0.607412062500192
0.121874892872508
-0.780440657284104
0.142647710076285
-1.30733313258512
-0.242010322453593
0.228438435402927
-0.394806369881599
-0.0621096566171217
-0.300575704549948
-0.507035085874946
0.876422235164239
-0.870540129902751
-0.690770422317238
-0.143497202450544
-0.377447517550946
0.0787931424404156
-0.598425771749933
0.565127063686072
