-0.588542070187212
-0.341961119928591
-0.260230037453828
0.219448535168835
0.104113141687331
-0.415321122699014
-0.273131211142082
-0.0598084758755654
0.0949261676925355
0.14639492524202
-0.158572900803771
-0.256260774954152
-0.168377262807527
-0.267268907325376
-0.0494692411084378
-0.307736606071539
0.147048714030902
0.176189176298502
-0.552620847015169
-0.37733506101869
-0.527998310830728
-0.55998475550354
-0.68837063120156
-0.532206362846789
-0.262697405194343
-0.158694107061424
-0.266304560544539
-0.781717644316511
-0.0615764857729657
0.0235345311486164
-0.265047219787534
0.0189504092351676
-0.511452085015042
-0.190816474155206
-0.472244833461932
-0.665357662582252
-0.393213487364108
0.00745738016603368
1.21620108946178
0.463058080719341
1.03719528556672
-0.45518730684869
-0.0612168950012055
1.13433688948047
0.827906907050015
-0.22251066343948
0.195258524790753
-0.791176560742252
-0.131618328260695
-0.635727363771647
-0.820783302439213
-1.35291275190445
-1.19507070836474
0.0399810567580682
0.0833125459122319
0.0365420746404552
-0.0125582791788875
0.0743931041426549
-0.375430617325465
-0.0701849500156828
-0.254465756752018
0.87027345306878
0.501242292044139
0.714362261170194
0.494681729173869
-0.527232697843046
-1.17435866891099
0.547717152847718
-0.93145742283078
-0.114824959553976
-0.678190877926226
-0.999908836298671
0.905318747597234
-0.907162166339182
-1.16391656822738
-1.43767070121005
0.562778893925313
-0.419539547338528
-1.63507589192457
-1.04502019841747
-0.90660628373258
0.254773005383552
-0.149946119574682
-0.745746306915474
-0.0950108250564892
-0.357645430539522
-0.781699212443881
-2.45465366205358
-1.92109792728882
-1.3051586808628
-2.48074069094503
-1.82358610778936
-2.051450931296
-1.44281119432214
-2.46379786986454
-0.774674884347248
-1.00245609937091
-0.895246255245721
-1.90855439445716
-2.06885572570851
-1.43515771255502
-1.02570912202183
-1.095422429368
0.121559594648486
-0.686529101221041
-1.92158076619403
-0.717146467326163
-0.740780558597762
-2.13018589655186
-1.53972507383724
-0.400522285492347
-2.28844265501713
-1.28116143411568
-0.907150816667054
0.0641405819036785
0.407957927351512
-1.04416469598403
-2.01137245088632
-0.81136142340731
-1.83986960694069
-2.10355008660346
-1.18509239266696
-0.00542655711786616
-0.761181923407452
0.669228879332244
0.761713192906668
0.0214076052594482
0.978506284956891
1.65818790830345
-0.142254588280521
0.33682892763848
1.02465586419473
1.20266433679542
0.503778287421983
0.746609191172031
-0.0857322083593909
-0.074402820779171
-0.503519570659652
1.07940087714588
1.32721018570881
-0.0476582490239911
-0.663766882020242
-1.78989182293316
0.278181524240042
0.790267991006408
1.62328942832698
0.909545549366135
1.26892880179272
1.03461752484137
0.582733005987391
-0.95137147233013
0.214114481566367
-1.28298728320998
-0.898522917925215
0.795880044534746
1.00030960395198
0.594175448932483
0.294411184104437
-0.158593646090922
-0.205865529629254
-0.179279907170386
-0.425130579091324
0.487040387410627
0.811862159698085
0.931181897661721
0.396019281545673
1.41402080646775
1.40881915800616
0.27817094859487
0.760194779074944
0.277271339447223
0.587789165604353
-0.00272815413715939
1.26292062667058
0.334025631658448
1.10946896598502
1.51687539201286
1.33652658564889
1.47067559799804
1.08541864946284
1.26455273862586
1.01054537485375
1.35004867662141
1.36542170993257
1.27996696161174
1.14424468606247
1.41789417153563
1.36408598789782
1.07772330128581
1.1183650399015
1.39457223004524
1.47516647141874
1.25227147407269
1.20707548688232
1.00861400960437
1.00364099392464
0.991783996154549
1.12119490436056
1.07647118007271
1.13318568242204
1.29125720976184
1.25564562871254
0.772196666818303
0.938708845762804
1.12966606090904
1.31464691931756
1.38924930036648
1.07518547145292
0.965242054366481
1.20220946523298
1.78430596252497
1.36928330510602
1.60009372596851
