-0.301964277530531
0.324068456284425
1.20261587810039
-0.259162790739759
-0.324632843801711
-0.711611497545452
-0.704063181623381
-0.453304437951865
-0.31718776896756
3.99544561188721
-0.258435556636556
1.29766989921649
-0.154309498512664
1.59640195269736
2.38921778240446
2.9284713362732
2.99921506405305
-0.365079779661816
1.58828703185727
-0.354395756123719
-0.185163917233823
0.210752711583544
0.305979106862283
0.0617887599582142
0.513746039848547
-0.214448510481087
-0.498520346574419
-0.297180901461059
-0.242325041752055
-0.339388367185521
-0.165292894320813
-0.461660795632044
-0.796680042077345
-0.162106262528117
0.0970161453063691
-0.110082849888712
-0.110800728159387
-0.143765023128342
2.55082414326825
2.54254788353256
-0.0962943970556749
-0.309441883763815
1.7544935625748
3.90179022822388
0.390799987342772
0.35115471506813
-0.0776274476205487
-0.29471197315315
2.51900310137928
0.127033925790563
0.222630043025023
0.0483197973714094
1.05010549839239
0.216550022680341
-0.234272850275698
-0.489081491246455
0.216627353943188
-0.337532514514547
0.00927110859178411
0.0630651814377113
-0.807145925132895
-0.566092470499939
-0.326682866798852
-0.232206539615389
-0.243959746216329
-0.49459747763478
-1.0926358281095
-0.0240537545295063
0.078407114150042
-0.877417447999263
-0.0749621852742915
-0.477996535964646
-0.694953878557907
1.08533305703336
0.955383570815949
1.49724839235043
-0.303140159714853
0.15337768569362
3.14244358063186
0.157485575495102
-0.563014112601054
-1.49980039058153
-0.116198997071609
0.162472322036924
0.467468820418974
-0.328509412186452
3.17565258740939
0.0927518236831382
1.12175482941162
1.23091568855312
-0.127657721243092
-0.763500426233849
0.318273387835941
-0.95974937741558
-0.526845772109358
-0.848135132164368
-0.890797938423572
-0.552709858762304
-0.364426038622848
-0.700808396769623
-0.260773273311851
-1.11853675437503
-0.338897721938307
-0.0564452282862012
-1.23916929751953
-0.790748713742345
-1.29651676727657
-0.86907887092062
1.17744312436513
1.53263597376149
0.16865793047708
1.02987639916393
-0.504982962498426
0.695626855331608
-1.03519868103624
-0.45165747559228
-0.54709988777199
-0.593395881011546
-0.0205034040652042
-0.576482164319154
-0.523726940707107
-0.496587850833852
-0.16243644387168
-1.23920756650681
-1.24664678687791
-0.601831828883986
0.188657237198487
0.671056318394682
-0.770521234942225
1.36543087805254
0.864799940536619
-0.778450200732847
-0.578386637054598
-0.0971827636159019
-0.992142962885158
1.08637828822791
-0.477058781428627
-0.536693266173349
-1.24053954475537
-0.824099463975499
-1.03110299854003
-1.09836415382864
-0.882140773890255
-0.51074609921289
-0.78790621359018
-0.197190271205266
-0.456408943255144
-0.158854657828643
-0.304998169309772
-1.21725313937811
-1.04277346679619
-0.754646860687177
-1.18769941140381
-1.47071962554429
-0.0305140373338075
-0.917696771548659
-0.845524415357215
-0.874971158856529
0.108044973863982
0.138448080780736
-1.08360070889673
-1.22136171252346
-0.71662875223697
-1.00578042247726
-0.0200860242418465
-0.835112937360604
-0.0664567109650365
0.605813089351947
0.323700166209132
-0.943332594804132
-0.92068155809967
-0.0201941764503994
-1.12084363518641
-0.352401650188641
-0.97940028149538
-0.12561196308021
-0.989840793807528
2.26634760462759
-0.824039312254546
-1.07766046384473
-0.847946850685233
-0.203750650715383
-0.551583772256922
-0.345422131821469
0.0217801130332453
-0.963315948991574
1.10364775550554
0.102889873621968
-0.672958292370593
-0.223787582741832
-0.301924541683606
0.988601336702324
-0.90123386442148
1.47478815859933
0.136087352085291
-0.145491954134441
-0.404789713773271
0.0459698200703362
1.42785495140689
-0.699731494579075
0.278857398981326
0.402941074757651
0.61168593410978
0.655915607189859
1.66533027189959
2.54440412800313
1.12760064399903
0.216928878983957
1.05019583382955
0.407752066285348
0.398927767129687
0.367790353330318
0.461278093604786
