-0.797579053098933
-1.5037464500612
-0.0120867008027095
-0.315137531237122
-0.484551889229443
0.366350178568887
0.496291686588422
0.531824932174328
0.885669612133882
0.718018464863759
-0.674486628196079
-1.58535053829538
0.617933095064272
0.12876316949618
0.455459806472737
-0.539839050465729
0.476036373395307
0.31500651112016
-0.82386985654784
0.423893585789655
-0.220771009051544
0.282247132978503
-0.16744727975753
0.350518728125563
0.561954648857393
0.090489520891489
0.0203125490160388
0.595482045220845
0.820634221811199
0.234232448904459
0.55701161954108
-0.0381094147464531
0.226791432440768
0.304710141495411
0.0692912447785609
0.27609600451546
0.19782768018625
0.875406072672145
0.650062659442461
-0.242192105778858
0.572668075258893
-1.04090570541962
-2.31983871652406
0.391576558669275
0.244008801212646
-1.93607237736428
-0.328172182870365
-1.13788995960753
-1.1812742533887
-0.248287098191925
-0.278942366453357
-0.0748702614998486
0.356547587515463
0.308122760095606
-0.0458307198023452
-0.651209809352689
0.926655864677583
0.614752887239476
0.462352230059545
0.569615151451108
-0.208949241387073
-0.240595296120015
-0.926367968883434
-0.860777238063
-0.516827382270627
-1.46448724655685
0.309995902761493
1.30063397487875
-0.819006566336003
-0.073784115926857
-1.03561238035718
-0.0602461543051319
-1.28763725055739
0.0887784926873636
-0.379821789407197
0.279128984863384
-0.412292966377286
-0.885006539332428
2.16819403547175
-1.25222679886265
-0.011230320723494
0.0501392275990707
0.843339253504626
-1.12634775154318
0.0844014552448595
-0.251708867311645
1.9432624740747
-1.17291149580855
0.218493963877547
0.505103333401707
-0.217094415102351
0.256146707918302
-0.571235574133553
-0.922168907327816
-0.142678992327572
0.421119247197778
0.352555658512905
1.57637828421691
0.418584542455389
0.242394773787483
-0.489323617226349
-1.61568046031457
0.36895071257424
2.35208775991208
0.161184534339097
0.75304292934814
-0.519979346175215
0.627982899570989
0.73521302163817
0.0270459359253623
-0.644983975844212
-0.141549597043555
0.650240608394434
0.331075477298064
-0.415421989224318
0.477804573661596
-0.176602846996164
1.97208384446459
1.91981597285968
1.07353757863761
0.763479898353872
0.292306164767751
-0.646994066235702
0.101599959327459
-0.339639651760581
1.09145641696895
0.58964368074304
-1.8461393473952
-1.23460510016501
-1.11593888401377
-1.09183322580074
0.178654673950168
-0.109874116932189
-1.02735972504315
-2.71581453402006
-2.64695671414309
0.522964480821225
-3.37163177874269
1.48532085349143
-0.230435406530904
0.0363782138184846
1.12286195321024
0.812401480981236
-1.63557070425589
0.561589665266729
0.591642058915199
0.526997270911411
-0.720309727982025
0.559772708324535
0.439773076096113
0.191700497197933
0.75141536399084
1.7322835352842
0.627063256305287
-0.0179328741339948
1.05467507986861
-0.418355873164147
0.675823563305574
0.583381360929033
0.0140861011207171
1.56971177206698
1.6861713440166
0.695287968678997
-0.213606301459094
-0.472874979428966
0.504972728353166
0.977082335798683
-0.446672019388413
-0.00162421410830613
0.586904042247835
1.2627665175902
0.504112357142468
-1.07725845061349
1.39527875475663
0.572033284943785
1.25477384730923
1.31855080189773
0.469883000416941
0.0535398391588759
-2.12889860394517
1.00750412774222
1.43401334264205
-1.22135531497364
0.0777911003784227
0.905946739324912
-0.510363360519788
0.884149606249054
0.639391060196787
1.16401312226727
-0.596965599189557
0.056315576323131
-0.448628765772636
0.381858698173113
1.63276635946776
-0.456012998162822
0.475420840472764
0.739844218120583
1.41977668326269
-1.30643000296857
1.12121878659274
-1.21411275556272
-1.37739886554062
-0.812318110795284
-0.348110656707933
-2.11445580832842
-0.439169295783629
-3.86290494836028
-2.0642144399075
-3.64823860368479
-0.321856372326549
0.757489709630655
-0.0848699959680559
0.489578720429367
