1.35224952101171
0.220624308073287
1.14759779464455
1.09022394343939
0.399870930895135
1.29967513837752
1.65854105599669
1.56326922350087
1.28143131589504
-1.81338810647296
0.586334034471046
1.31823932094213
0.981612941523665
1.09215806524851
1.22771481578224
1.6228594316136
0.92997403399103
1.84145905847895
2.13045977837018
1.07706480458044
0.873629271514669
0.869809814203891
-0.351201886881374
1.10723279200531
0.193039707356156
0.599715943467806
0.824853362711268
0.922294102125218
0.706330752974771
1.20355702433967
1.55809467372489
0.889392227632669
1.55102992723896
0.852289949791945
1.56150820518534
1.60865276272566
2.06348777945977
0.500425057421757
1.73738160577538
0.583613291837653
0.245113014650453
-0.231303778336336
0.430987609154769
0.931213522082387
1.74667228643922
0.210927889198016
0.649397730201178
0.300274017418175
0.120551863373046
-0.20104393281911
0.123476057849153
0.374892652638732
1.22887106469919
1.17197364632117
0.68092418177199
0.378596623849111
-1.36063020694122
-0.343018848416957
-0.108817146085163
0.260905398699041
1.6229687365745
1.18317669028166
0.13043807990281
0.303075175433862
1.09548947179103
1.3645896147234
1.16915742931523
1.46624041815439
0.226323883468259
0.822586471467303
0.0335090560727826
0.4974278946329
0.819856276701488
-0.795922525604852
-1.00580301635612
-1.47565666581832
0.439343704642899
-0.425723416835077
-0.852281896617575
-0.67303287973268
-0.011540881221013
-1.20760923526534
0.852745757942812
-1.9648116458099
0.31732669295155
0.132539864236645
-2.37307065160978
0.628581194867976
-0.0913133419493351
0.1362378525524
-0.859627977257512
0.402224314489672
0.78322807060632
0.765053534781991
-0.493330140464293
0.864079442387202
-0.314935404646706
0.956917891343354
0.275790470103117
0.653388417439491
0.142810006219009
-0.0679460978870043
-0.0592871346822823
1.29379317197436
0.805068507592442
0.0915931048172182
-0.853044948127054
0.352714182351634
-0.852644405215455
0.0201708090061962
-0.861421760114891
0.265020702859325
-0.244630947010488
0.35952085636072
-0.112399753016919
0.363202398325481
0.270286310521179
-0.123859708824057
0.40985313912189
0.700180291349377
0.687991839136931
0.665774577051506
0.282637826687873
-0.954676576691628
0.302985583871345
-0.0126498256320747
0.0396712939433105
-1.44795388346495
-0.0112133266655546
-0.352051913910542
-0.210010209430509
-0.394724562326292
0.423376187500614
-1.91430018260203
0.416880792420213
-1.77157717608982
-0.566663803149735
-0.539783810568206
-0.378884808357696
0.0516333758868366
-1.69897411399133
0.247743950773488
0.307439123117215
-0.466167753682089
-0.605446689506435
0.414647702819948
0.345250840698364
0.550889198698666
-0.668836414216164
-0.952557398484646
1.43559545512276
-0.470359483562279
0.952829509285887
0.47612212979411
-0.150456187410359
-0.0241950388937182
-0.92412075040853
-0.564462256997376
-0.080948623929411
0.0019813747749897
-0.145550137912006
-0.0845717009522177
-0.238399300243334
-0.50869675158573
-1.29125903462063
-0.994790397190293
0.0333108365590731
0.103639117725621
-3.02462739998194
-0.566356718078785
-0.498979808265798
-0.514853637435072
-2.09787813123936
-0.0742072695948263
-1.52701043453751
-0.869793657597068
0.0696843988130815
-1.33111830809289
-1.25468582541478
-1.83255503452087
-0.654263007706685
-0.24018573821477
-0.438090206118084
-1.81947582228297
-0.285711417628127
-0.954780606737874
-0.0251319595755577
-0.417857751506763
-0.765075154078659
-1.71024645327617
-1.05038399109
-1.13136327326831
-1.30837525433384
-0.19048241838892
0.0135390254142967
-0.403123277025425
-0.582531295954878
0.225931994580073
-1.99842541211566
-1.6215153408263
-1.20303075431443
0.384816441905483
-0.847046549094879
-1.51560774032214
-1.15210101682079
-2.54670128614919
0.620757824216113
-0.755655925670667
-3.27318251694131
-0.823350708038881
-0.90540848405144
-1.52043607721458
-1.66892949883409
