-1.66638472260616
-1.54300658705566
-1.29065979659102
0.244028968120252
-0.291494878253607
-1.00854198253004
-1.03633646552032
-0.709304226480589
-0.201136733035594
-1.77980116938092
-0.812514570601131
-0.739927324144253
-1.39988144668446
-1.47344720947809
-1.15699830352108
-1.53150110219544
-1.23441135165172
0.29826054172476
-1.28404673857971
-1.5504150182073
-2.07505822925742
-1.09489117133648
-0.660738935325193
-1.0534577886337
-1.45798342873117
-1.35754569619029
-1.19752903776563
-1.5551315436775
-1.29582707709186
-0.898792994366746
-0.651484159528119
-0.736621647608298
-1.41864909567929
-1.80715238430713
-1.36470834428089
-1.63325302657938
-1.45465582516155
-1.0960603322585
0.670606877797213
0.101792510657012
-0.273339906843349
-1.6546544434567
-0.475114165162745
0.932273743975866
0.420751915264897
0.271147273719636
0.952525002690138
-0.5765149471388
0.187024809185592
-1.41518077627272
-1.0682381881352
-0.321196923308015
-0.154191020085733
0.377273410936302
0.192965906982251
-0.389675201877378
0.194430230995231
0.0272506342285362
-1.63015088588352
-1.11380491635383
-0.264848368363908
-0.078603105383459
0.0975785735850845
0.593720891668103
0.474141843568306
-0.293037908180401
-1.45759447513062
0.800408386194571
-0.221031515006861
0.124995247672735
-0.520332555096196
0.836744864978548
0.468484039905254
-1.59949346797054
-0.682908547254884
-0.778168293336501
-0.310870664425215
-0.138536033708706
-0.969495138970242
-0.161861964360935
0.208612265012549
0.0423018090471212
1.17376222116491
0.354156495678566
0.332863129338825
0.488134098717359
-0.872681276609926
2.13338855091196
1.99954284334033
1.90630412271771
1.88409640834391
1.95843950114718
2.14638115377553
1.95575555303001
1.94031531780935
1.96962020566059
0.791304264439665
1.5482976469682
1.41592037281214
2.08063300383577
1.40458666185257
1.71038203445751
1.82192300134334
1.47342065647798
1.38108052744366
1.7594159045405
0.769816493343577
1.11573969119744
2.10279785335222
2.15446024634623
1.76976475189757
2.12025139330177
1.11284682215698
1.8022417794719
0.695518097685167
0.870391400444224
0.882359129502544
2.02808908904304
1.53105329210116
1.78502727197768
2.0031918098843
1.58972604673966
-0.408331246114743
0.0882969405695766
0.0398998849699453
-0.482207640842529
0.0222532438851352
-0.714375027826581
-1.08734204630401
-0.0913698793193213
-0.348164312583487
-0.615719987758841
-0.509791732236383
0.549759821804225
0.451426602146263
-0.349132935923683
-0.71115277357396
-0.599877454705128
-0.97094742608433
-0.966717609103082
-0.239534988956549
-0.0245923169454937
0.192739111781219
-0.558218305021154
0.387100590831664
-0.293751498828286
0.34764520781436
0.363996431550878
0.219564835407807
-0.357898573354062
-0.276431063704942
-0.369208327632086
0.180593012100621
0.167151743942952
0.174578871176037
-0.00860636840560706
-0.192842612704985
-0.374863183988853
0.256686607307642
1.01341986407787
-0.452265814363799
-0.417308811947172
-0.513939961006296
-0.454646559407152
0.0160734970571625
-0.0503031151973548
0.4196112131367
0.270090416143517
-2.36438186701447
0.220914960661882
-0.176455222292715
-0.300167387376505
0.278280291301157
0.208526268917359
-0.465202249730643
0.74829615099548
-0.213964867868555
1.17068666668915
-0.573618026004376
-0.237626826300482
-0.408541764528194
0.304469708592104
-0.958769879636841
-0.560051061134519
-0.589982097753935
-0.393377323228643
0.467192060434016
0.295895263019263
-0.226705672711163
-0.200854272266632
-0.493821795165542
0.395786693219688
-0.122666451673059
0.853290288260833
-0.71733483424668
-0.636551494119252
0.0933930374759297
0.402627079291087
-0.0488472607139983
0.72441652256718
0.25531360345642
0.0488935355133533
0.179092545116383
0.0938383854990017
0.589766084139739
0.686629837663992
-0.29617572906206
-0.134429873320017
0.647415444270882
0.160363259820191
0.870699891229718
-0.0808361616381312
0.24378465823755
