0.471118778665368
-0.689544037795768
1.23905644917302
1.4844505517903
0.959674182266291
0.57559165880999
0.60496745025261
0.776130756690574
1.50078924125768
1.19548632929911
1.09057875940025
0.295861419989202
1.33043134373561
1.45224693659964
1.14856099585565
1.32939937179192
1.37079390332304
0.299209879650254
0.566742581332944
1.3974889718921
1.44776363037062
0.756411119779669
0.0414087858239069
1.38166553194838
1.29995812268056
1.46074785704491
1.22467559032612
1.52051712842107
1.41458964531883
0.621267588090837
1.51792793470544
0.881117715498482
1.74631640377917
1.56800648751766
1.86519084133905
1.85180158166868
1.81463752534122
1.78541381146697
0.0624508009600812
-0.043213206978916
0.56024727527402
-0.0869487321892106
-0.160415994776665
0.496526057562442
1.39972553690451
0.515846692784687
1.07652164583101
-0.0577153057840887
-0.355894651776478
-1.26293959305148
-0.995481143097185
-0.57574872095697
-0.481644462142398
0.904600715651599
1.14780725740679
0.926710244733911
0.924930494158643
0.869706989164371
-1.23357600556846
-0.668011083908096
0.476794911487333
0.738069171170802
-0.0694916361272812
0.579973768176408
0.360939608321147
1.62832959988097
0.293539551542018
0.908400663855181
-0.24738861315549
-0.0559622544495841
-0.964186946249229
0.518253775924279
0.367321669434493
-1.25754194680144
-1.42009460957709
-0.978836879373696
0.343384881368413
0.815091732898801
-0.752191426675129
-1.00863131841088
-0.595256209850942
-0.0611273238921824
0.289697643189969
-1.49770722143467
0.245960375462693
0.132411297869959
-0.981131288804508
-1.3618968280563
-0.000788034076643297
-0.387778378795335
-0.936889990543836
0.744545903225966
0.562083035494294
-0.127709898075487
0.465149491167634
1.14240868624668
-0.192818646049815
0.369815900188852
0.825848757606097
0.79215255193149
1.15162290733283
0.824462465237816
1.07794675103764
-0.881009020069369
0.76144750085178
1.26575767570589
0.533292507179046
0.237891104772165
0.0172360291498549
0.114056576829946
0.275203682338931
0.935582340935332
0.258165991237363
0.732902468380901
-1.53883307056865
0.0822759269194619
0.579420106263777
0.590546664863978
0.380768440625992
1.21271096699814
1.4515587480344
0.739366408650168
-0.637410199294366
-3.20386268307025
-1.37751681924442
-0.384437269551922
0.302325512111156
-2.09290681707278
0.206709345377226
-0.269123920269178
-0.590447823586955
-0.511771727521585
-0.462679855387679
-2.60120505577228
-2.08559674524177
-3.13619289364515
-0.40264645194964
-3.33111635950539
-0.252224612400109
-0.0894462228678042
-0.488994267597747
-0.697364810131348
0.713657099565664
-1.52133381521442
-0.861920382593002
-0.253919774845072
0.409736164086767
0.208855423104852
0.168604855565744
0.203209477201401
-0.406480228516717
-0.145371713759901
0.344240477412672
0.322515961476975
-0.569766137082792
-0.261691746778119
-0.402860058303016
-0.296031479688366
-0.0227530090307345
0.255447489011874
-0.198033499747694
-0.190166236645501
0.0571944681419734
-0.547111897791764
-0.94867469236603
-0.892891312718557
-0.252664148402492
-0.293056420761535
-1.10613227698464
-0.669657151191586
-0.820095752425249
-0.629821151013145
-2.14835929684422
-0.148573229805076
-2.13241566118005
-0.33495923429865
-0.468136985410983
-0.520381928766892
-0.529954943806254
-0.838360893796432
-0.502967498772156
-0.0621278710294314
-0.807899062116752
-0.872063955053721
-0.0470184705521285
-0.603577693384923
0.169333114615644
-0.111955405950891
-0.445116885314185
-1.11322343197634
-0.85780681710707
-0.688285728247923
-2.34405987784942
0.121814025335553
-0.0559127583496236
-0.134062934533198
-0.57104902259996
0.108373541083941
-2.91767062844342
-0.568636114187232
-1.96796979286877
0.579887269880162
-1.06074132728278
-0.269338798966169
-0.791065790093505
0.0715286161261102
-0.0767182912042947
0.231356135765532
-0.921516634068857
0.313381367777921
-0.757054939367006
-0.665884988686355
-0.61498036581048
