1.04436255325418
1.06700881609071
0.582033321452075
-0.350837019207466
0.0161146449645051
1.07571931116419
0.939198352575114
0.764489232354742
1.56255583606077
1.28767573414046
0.215581998793806
0.492487684999325
1.22760106801915
1.18168580417432
0.862330032185158
0.572957580047827
0.764140279570625
1.15254564705503
0.362721570097428
1.18022784451189
0.894804557539842
1.23222393942208
1.28035170315839
1.53366160101025
1.32643201349458
1.48231013903212
1.44214087058476
1.3680432397904
1.44769776319673
1.26842017654309
0.915165945205502
0.638072575899577
1.21567325628087
1.04255268972429
1.06128589928808
1.1059982778428
1.06935918101691
1.02193200565694
1.78715875403195
0.331824489069335
-0.462407327354984
0.186305170766884
-0.0726127147444246
1.1403274139455
-1.25152355507396
0.782342773659136
-0.14691893354002
-1.05074019941405
0.00304974526288305
0.372169848262428
-0.0240430869870279
0.104090026318322
0.170084401541606
1.27510657751026
1.58021973270343
0.911403994116528
0.867992175029181
0.938512145310158
1.0008259457377
0.807984561326693
0.746639542269665
1.75844140395652
-0.60263931039135
-0.579574678584586
-0.219762569882465
-0.368373596966516
0.00417132266223062
-0.584563172445772
-0.74681595940054
-0.0958270990140726
-0.438822227379612
-1.26550066140266
1.37472619230015
-0.202498633077502
-0.81463064533812
-1.5907382632785
0.499500777292438
0.285065234299665
0.00453059609005254
-1.54352845246255
-0.323197341673219
0.389480448577882
-0.499165741790341
-1.64117325059604
-0.926034533008925
-0.596520955759055
-0.522503930810822
-0.29438211109006
-0.546966604146859
-0.431397943372802
-0.707239702004245
0.271741148220521
-1.51269592697208
-1.38618846988833
-0.487408668097031
-0.23056921327912
0.104242698041645
0.153594874961897
-0.571161987270039
-0.504719196225877
-0.691586778578548
-0.867392582551432
-0.128761882691188
1.06506643913827
-1.24583528595061
-0.843156028625221
-1.2177797865479
-0.105202215694865
-0.896633097662105
-0.935145223693229
-1.08214595624535
-0.490917211312411
-1.04461153493293
-0.512555043756302
-1.81761536749193
-1.76155038077986
-1.01361649385529
-0.987391180046675
-0.725894802362555
-1.33378695233982
-0.83918976084792
-1.72065090680619
-1.43069137066184
-0.717506305277326
-1.11114832962867
-1.14193117362138
-1.24335610139005
-0.971335982915869
-0.789915529584863
-1.52207048892342
-1.08785880822101
-0.494312590864204
-0.784455160608109
-1.26783749678861
-1.69215601326483
-1.31601952791032
-0.681980732550373
-1.67022802393339
-1.49801527750393
-0.526506799209626
-0.336344357256403
-0.901491193830709
-0.947755619324493
-1.00889197167873
0.568042953041062
-0.769477050364309
-0.448984397602636
0.375736699901117
0.558015555556004
-1.13713509464088
0.6974134622802
-0.956657739400009
0.0708817707171593
0.202389760203906
0.121021121188154
-0.876359140703794
-0.644298189037476
-0.764515273039454
0.470661201576513
0.846155955212429
-0.954488151600059
-0.703002120758739
-1.26972637992265
-0.798978288217459
-1.04965846282057
-0.0687156150508976
0.826677484112597
0.323746675020774
-0.63297175272496
-1.08414588173325
-1.23875827705104
0.0315952110497611
-1.27809711900369
-0.233408394382588
-0.925702162661271
-0.477440855705968
0.0758243100954551
1.27417232616667
-0.601177154879958
0.249082920961473
-0.528527403242066
-0.588433283143159
0.25317548896116
0.871475290326589
-0.312311247891147
-0.0604398509493862
0.334062520307728
-0.235324704654409
-1.00183165328096
-1.00522133592696
0.237769677649251
0.0177518893044696
-0.335855449798903
0.641275034597917
0.36774390972216
-0.622212808575708
-0.634281883246072
-0.0168143068028476
0.920261167910683
-0.663592596600892
-0.230260024209668
2.09028713270994
1.88795195251389
2.00778065568697
2.1584090457353
2.5355464584106
1.92071213987522
2.06633101122946
2.47375268105105
1.87726224941518
1.58285038117953
1.41812389044043
1.17761349656308
