0.319520427888756
-0.190230705439636
-0.0538944844497304
-0.456231639117329
-0.575024855673539
-0.0102906725071052
-0.647327428020242
-0.239485257509205
0.93611787233964
0.109990215021033
-0.0757969351140105
-0.284631276313996
0.530882389083366
0.356760270203884
0.453592115179428
-0.278436667771016
0.366559971811183
-0.624699940854215
-0.418538621892489
0.319714857108619
0.483650228796756
0.977914765176827
0.808442735289119
0.846211392352759
0.648513008450927
0.768815316644137
0.832875037275247
0.658673233435325
0.760069821765172
0.685994645295938
0.303977913079457
-0.0114094373041449
0.208701590586044
0.241429970683674
0.246568837153515
0.162298862024441
-0.248455676170938
0.375104244026837
0.670711895806577
-0.348471639922907
-1.6791784516636
-1.19068841264971
-0.0723608977393998
0.93674894239037
-0.0996415216135652
-0.614401065402534
0.0701513030461921
-0.206778072405433
-0.427415468617287
-0.197292387289757
-0.213440335012937
0.0166844855079233
-0.239576296517957
0.667386892027577
0.556516461634648
-0.0735163724216528
0.279083493048397
0.109234799461454
0.284631585372909
0.116108351854033
-0.645690180953134
-1.12745383648446
-0.560665271864966
-0.427590572804288
-0.516678037057998
-0.622088197649824
-1.20204390269031
0.992671675031845
-0.684084453863112
-0.73446782037579
-0.677110517711516
-0.318081785050241
-2.01229543751113
-1.38484163514708
-0.847944639497282
-1.75739384802898
-1.21930580522291
0.135639850335463
-1.22029971322273
-2.07562730294892
0.972325617191841
0.0182719304451387
0.934292372077699
0.598943247730335
0.492781695667346
0.198732438609617
-1.5624120543659
1.54182642525786
-0.704048639466705
-1.13320924073427
0.522400629917056
0.64837193153764
-0.336278932233627
-0.693417621607722
0.467389003569685
0.28797680957558
0.348082717093795
0.287587823640401
-0.274589568313222
0.251804955248469
-0.645712138351012
-0.361296546137474
-0.628875715914507
-0.423977955151293
-0.471686231276742
0.379982041470665
-0.683034357255263
-0.0615618085643691
-0.99169672351412
-0.667730771376554
-1.3815177984777
-0.646034239757317
0.568604843866752
-0.530358070699326
-2.20576749021924
-1.20460667823555
0.213028807905348
0.178550688949921
-0.568168280225877
0.742797057760848
0.872888796419652
-0.0124026591191799
-2.42182076582729
-2.36331818519329
-2.6790137947444
-1.15939329604696
-0.154721098559645
-1.59103533217999
-1.02959323417029
-1.94352293431728
-1.03461376472667
-2.08242287137806
-2.17237954642676
-1.60891814134979
-2.85380276122683
-2.03660486575686
-2.81989588950379
-3.3574945702174
-0.159803262896671
-1.1432677220752
-1.75277367285554
-1.78958004176146
0.140162624699383
-1.25421590041844
0.702371170974054
-0.261910312336981
0.590796288333724
0.070854445735284
0.820854434546342
0.0668147281195201
-1.02438243723748
0.465883928616837
0.208351035687561
-0.288595004105212
-0.0576672517884721
0.16292803178292
1.06492035506398
0.735138166965121
0.217068275043352
0.134430580673055
0.155164147423962
0.585907708588464
-0.428634646256231
0.293292266339658
0.519838332303805
0.401505258486257
0.149228350360412
0.571313348252514
-0.230079571772088
1.00357061942586
0.547977364063011
0.759985058336222
0.830891088748489
0.00673057950223441
1.02821406567996
0.427125523347866
1.15437569937516
1.13306228352888
1.10205370115838
0.281145955593363
0.915089637052379
1.42412147458039
0.480711738382133
1.10332983714394
1.09636945137773
1.07857808679059
1.19411403083492
1.1628111863247
0.8621481933223
0.900607641055416
1.04347450249541
0.93767640555586
1.16865106315496
1.73495420591307
1.46346102871227
1.15819008357248
1.37006188776946
0.587138340773999
0.371028978047821
1.05680326022748
1.19514357462477
1.67100860761412
1.47221445340318
1.70695956192127
1.13750302546854
1.35268169247443
0.714174526541694
1.57136039992199
1.66677482916066
1.69126455956524
1.41206834048656
1.23398345368384
1.3677191087707
