-1.20836394853907
-1.26443892520181
-0.604925801842792
-0.841992685314828
-0.961574340842109
-1.39384868213249
-1.30084019922178
-1.20645396595548
-1.3709415313597
0.799870658785353
-0.966969342350539
-0.834050234272113
-1.3424478712675
-1.25068251881213
-0.358753579072518
-0.797623499867927
-0.311944670136809
-1.25986761373061
-1.09028710825691
-1.36958055170693
-1.5548293665866
-1.60546977861604
-1.53424377532907
-1.63639704301376
-1.48580808695259
-1.15969551041008
-1.06886337316074
-1.49074795037289
-1.47095634556516
-1.19216530151078
-1.11775672724586
-1.12607110809326
-1.49173141184272
-1.1134668475187
-1.05816572202652
-1.38872455992995
-1.96141317933899
-0.627782992952506
1.47043566239733
0.648477570961738
0.69552698828645
0.452191481381934
-0.638794799337183
1.24723919738088
0.57705566848404
0.374565036083689
-0.923302342677912
0.575560218282529
-0.347889722230642
-1.66928155544439
-1.97666029922298
-0.725354481559209
-0.221429948903659
-0.695151025490219
-0.519880904343075
-0.685650924104443
-0.858311953290581
-1.11252785951467
-1.67282351836137
-0.653254457048227
0.0474091653802017
0.84634518646375
-1.63013231361876
-1.17075476103279
-0.202834288648301
-0.65390326211054
0.607447571441414
-0.010611765000245
-0.596702010577345
-0.655590093499669
-2.03166587281239
-1.58063196660985
-0.39239999378066
-0.319715322502497
-0.383001245991062
0.420655372493674
0.726849008552691
-1.1607739054166
0.826313622052371
0.102431179392046
-2.44057321091667
-2.8066585207282
-0.868950337033243
0.282209367464609
-0.225962668001687
-1.28812739782669
1.49400167248585
-0.326421331300451
0.394942165905239
0.72944455383749
-0.639486799892435
1.01957866579633
0.506655270862543
1.02400808256212
0.573960950746214
-1.0602999710897
-0.134641089526916
1.3741756316995
0.630489447080253
0.899678429486565
0.660326106064514
-0.0657227026226558
0.271337260977678
1.68980301720245
0.444246454178748
-0.118093971496917
0.454301945103202
1.27186699681042
1.34269928845897
1.74477346243547
1.32213608202022
0.120819326036915
-1.01699359321858
-0.228009964118512
1.36037323276129
0.948502603463133
0.387380801817504
-1.37031076737944
-0.665265920708038
-2.0005979405537
-2.0390882291975
-0.531815085013494
1.24154720341413
1.19429932015378
1.16882725830305
0.816360573243393
0.089052870392227
1.52444183333602
0.592409225568641
1.10639755086989
0.907028348589724
1.37331377836538
1.20658195840228
1.86908017734428
0.819778681692005
1.47108627682944
1.16597875722032
1.22052426578367
-0.435592608526101
1.09863091737588
1.1936105195704
1.14904376406406
0.295134405060728
0.733327247776651
0.432796685367984
0.206775383086626
0.175947353422549
0.63401207908369
0.0841863532359263
0.832222633145402
1.00529086625073
0.379468272463517
0.0613462368020803
0.550354249618218
0.845340255621492
0.095680026449835
-0.0633245079586747
0.234119181779881
0.543879254004157
-0.33267920444701
0.525970742847005
0.439015222166705
0.682232546972353
0.266853898994094
0.559263229938477
-0.491088744070528
0.827194855674694
0.570367471483843
0.825745002297253
0.298994365941309
0.307729939761776
-0.0756498876435975
0.738697390660249
0.892446298643717
0.86250110065946
0.375423422794795
-0.147706811663587
0.215045361400906
0.0488323339084938
0.576252225654432
0.319022015031094
0.507474931994658
-0.00492402434816609
0.0420139090254387
0.390157397217669
0.328566269634163
0.815712344639121
0.549553309899012
0.625581099370453
-0.0928233643113041
-0.483904105732478
0.259338870271635
-0.63842344102983
0.111722626638283
-0.275459985033537
-0.347967365406591
0.278323052755912
0.949602031652498
-0.214789096381745
0.0530995258308553
0.50546791460397
1.96609566427364
1.18724133771249
1.67751463602197
1.22089051775399
0.105139380519134
1.75668060835659
2.02664905202662
1.61847412224103
1.89938970174349
0.325645195835097
0.00453926319025333
0.519841035853573
