1.36246223607692
1.32097517989245
0.558040554630858
-0.164298305049288
0.473957354980117
1.54532423021796
1.56065560271676
1.41877198341651
1.01031494038167
-0.0736236178784996
0.318648095173332
0.676971952528351
1.30527652227575
1.19372198243711
1.11233806191668
1.19714602059656
0.84179845340394
0.577841793863963
1.1557754587621
1.42041703215582
1.27035374904752
1.30384624637311
0.966230358505067
1.47852178728971
1.73291285228454
1.37297156462396
1.35797555388851
1.63532741332811
1.63400019483277
1.44855875216373
1.2241622249834
0.829298066883274
1.46682357059403
1.44096785157146
1.39773672718533
1.45052328294615
1.43498711597816
1.54132938719251
-0.136197169558022
0.0696666674115991
-1.39131546558447
-1.13706835304182
-0.403437860522757
-0.543758704110655
-1.6883830439318
-1.25815595439915
-0.323221677444396
-0.870071865281466
-0.159418450876152
1.52106565757801
0.855734226196447
0.367809521016252
0.309301378402044
0.0969471437429861
-0.273636913270946
0.314183562311448
0.653297281406987
0.7028515523468
1.34856936085424
1.17306988853194
-0.671673111267714
-0.830981713423488
1.51347742502238
0.911882824903754
-0.547656851653163
0.870488879347833
0.213342453335329
-0.212021569097593
2.00948582708569
-0.101388858896377
2.40164994226286
0.495965890216914
-0.996001181995868
0.268175379671243
0.480264207642664
-0.864986335855815
-0.964712184334643
1.54975336219949
-0.224914125562946
-0.282085724005508
1.05140548424562
-1.27187472717886
-0.157933153046892
-0.328591150368694
-0.062146858708768
0.698216391167392
-0.705394511347492
0.439823762832686
1.36007759778773
0.742672500151781
-0.0911702649339315
0.0265501833514075
1.27868331912808
1.72077049284432
-0.936924263390848
-0.57840349997829
-0.715990877267254
0.331161346634599
-0.584214144468122
0.642465257376366
-0.633904431648102
-1.69145688209365
-0.527004519450671
0.708989548859445
1.939984744345
-0.157051577404264
-1.6541796093823
-0.0567576412364454
0.941682116062462
1.42842953461145
0.715581139009874
1.49783493493083
-0.937199228241771
1.01119295124268
1.99535241541875
1.4556744324478
0.136856159596973
-0.337591505932242
0.195459020604349
-1.59676299904405
-0.872063629278242
1.45618829332283
-2.03332828593696
-0.187816312494036
-0.905681372770224
-1.2017832210426
-0.533833459928265
-0.751116974206215
0.0359655395200841
-0.477455257678123
-0.854486725461601
-0.564235730324427
-0.171696260462146
-0.946318697946397
0.584758000466444
-0.619501185704275
-2.03358005428219
-1.23566823934305
-0.0589599578842879
0.105196890447382
-1.24228961905596
-1.34177506638122
-0.7481051762628
-0.567973159137211
-1.18685502124256
-0.913089715456428
-1.34815923865668
0.166496397726958
-0.685429503479428
-0.0529823463521945
0.29832007854091
-1.06782194497921
-1.00848102101052
1.45867802994186
-0.233360688903664
-1.4591896509024
-0.540905411054479
-1.0622946247629
-0.662145566525579
0.473400346062366
-0.491809936576065
-0.393783597184252
-0.705918366611122
-0.257270269741322
-1.36062727836396
0.0546315868321589
-1.16017402867444
-0.994397118371533
-0.79355970897627
-1.63525648276913
-0.980211608244891
-1.87414904636569
-0.579605866089255
-1.51542290958933
-0.601365703474786
-1.80684392539864
-0.650375625450714
-0.0566054233828032
-0.751497530003898
1.11595743974387
-1.10146873780137
-0.471971625141577
-0.177281202143666
0.891769716410903
-1.48354524507533
-0.243381733760323
-0.0635565279342416
-0.400765901913086
-1.27589402834702
-0.864780528047261
-0.159375981059416
0.0629531982519931
-0.795586029368986
-0.582474368083844
-1.48144586132062
-1.22727801476014
-1.74586039113087
-0.673731300684616
-0.821047729473318
-0.412093844121997
-0.489872002521546
-0.380787660761756
-0.520896047825726
-0.475970827874834
0.209227234076416
-0.106086870872457
-0.258489492112414
-0.39447566568066
-0.542724323350301
-0.354735659156079
-0.326176098603002
0.0507109330598486
-0.294491478372713
