-0.707876916740585
-0.59854222116912
-0.250475752465509
-0.534403990736799
-0.143813319837797
-0.746404732326463
-1.11763972496806
-0.529698163912969
-0.469009657697828
0.267757245718073
-0.446395751259989
-0.795732741195059
-0.871629242720321
-0.519745323356824
-0.67432997372735
0.0730838892686638
-0.880486761351867
-0.751946701756793
0.159674386404835
-0.668230395541847
-0.870461027027336
-0.367755644450086
-0.254894340913571
-0.437141957911907
-0.888627729849647
-1.10430213111828
-0.812148123015252
-1.16418686808682
-0.789970583778349
-0.125084542864258
-0.661286905334952
-0.751359879865857
-0.08693178985282
-0.195283435740919
-1.18851256806222
-0.626321391010281
-0.170722518793769
-0.131363519373362
-0.29049033527712
-0.935963591694349
-1.1156027414328
-0.686006863879854
-0.373318587032677
-0.79502408083705
-1.15224599852324
-1.06646247151923
-0.533292037580076
-0.945765595400911
-0.579006458596659
-0.362128122561079
-0.601957035570241
-0.263253329211668
0.302112588529635
-0.773064089406759
-0.149209076670973
0.721720545535712
0.996727543238711
1.24901770050703
-0.39493924331194
-0.810748248787026
-0.462315201686678
-1.00305583126801
-1.04478390424878
-0.475038659065613
-0.140375451698152
-0.11377323638047
-0.543991059900357
-0.0928051497654185
-0.230634063439978
-0.0307905594822217
-0.576321029354105
0.177124712854255
-0.459234852419189
-0.562736336978205
-0.703953221558177
-0.487452658426619
-0.619415554820163
0.331172565677887
-0.256837124610414
0.954732101300584
-0.145217105410042
0.39349737363823
0.0907427399835126
-0.252118882436097
0.22195216658859
0.51449460161777
-0.326380257838116
0.389702696663907
2.15213966790107
1.67421181226993
0.309398772861161
0.858978208217698
2.57695861529214
2.48207509093908
-0.536668483845765
0.308191610455219
-0.600862236605844
0.981094227840688
1.20664206589675
2.33084153580762
1.6602517723307
1.81109625965315
2.21384605584011
-0.43121815542145
0.550193218891005
0.85647985572437
1.05072552857135
2.18567536433221
3.5782762655619
3.43453869288756
3.24032823544633
2.81543040071436
-0.246896555875879
1.87631981199612
2.51257097412142
2.18359851285698
1.16437658698266
0.130219565333956
1.09711148554919
-0.182506204834366
0.500475592811499
0.528480980616654
1.79272970627254
-1.01572052530769
0.434252827965866
0.0963517815629853
-0.44448097599481
0.745965486330811
-0.73104676925222
0.772964158087692
1.75590127791076
0.736441001162395
-1.05224488237562
3.86544414280455
-1.51345546929663
1.68529920700389
0.542258378884366
2.28338225492435
-0.732006519040967
-1.26193338503355
-0.868612716861792
-0.598326527795296
0.106665611880341
-1.45153168448097
-0.821205607661791
-0.650042117546868
-0.214396623438216
0.409552527501631
0.146597145179525
1.54957380927068
0.932478316493952
-0.187834361748258
0.0963094318217549
-0.76786468352327
-0.023825008503539
-0.264969124945345
-1.3147406455105
-0.858857731801281
-0.355619628057792
0.343223905922774
0.4321261517183
-0.178799576289868
0.433205163881491
-1.08806985509016
-0.223114776983634
-0.720446592629278
-0.41843761240052
-0.549458578027897
0.106654327458434
-0.0884772602695619
-0.386640039117907
-0.203908080039655
0.550800747030419
-0.263204283078378
-0.79936755015407
-0.118420541633949
-0.338657294569738
-0.178265358404549
-0.250342021108306
-1.11931670763717
-0.584779417727851
-0.0507089683583651
-0.338785768771573
-1.04359304131794
1.03724223842532
-0.337914483900348
-0.454354841104997
0.367953597520013
-0.177746432634739
-0.386957254234915
-0.557449803664549
-0.466415233228783
-1.12052266207798
0.245795046323634
0.214262230009035
0.119100541328775
-0.721410981971176
-0.418380312854587
-0.475691537062736
-1.22013691959593
-0.516016265107112
-0.247760831674398
-0.15523552529463
-0.157995497712974
1.49974755630795
0.0918281328635631
-0.495753385941112
-0.0601397950480444
-0.278883420139931
-0.534312046791027
-0.896196805458961
-0.650851214361536
-0.419936754952195
