0.783234992828815
0.148986705669117
-0.0335327500072603
-0.746722148104835
-0.979501301352068
0.668050138701787
0.464365887890862
0.425652358697667
-0.617588925710159
1.0203550136089
-0.358972350088418
-0.278231216680875
0.918679296549048
0.806275789404189
0.43607017414593
0.605232283982959
0.399684063639512
-0.0402308641863051
0.432044281401106
0.886915615078948
0.37774273486958
0.446960545909993
0.824516246464365
0.159200932976011
0.68314732722556
0.40220645293776
-0.135486612821291
0.859166312174202
0.428601099720076
0.110124228391008
-0.159000809162684
-0.384072704942458
0.766027619657913
1.36805219732514
-0.89472543310098
-0.394486623294694
-2.363292803603
-1.52019145059227
3.12552892929825
1.19301305976423
-2.51400131089886
-0.626745787907451
-0.541148357669252
2.83636514823977
-0.610525852993146
-0.872724430932667
-0.32597465187801
-1.07136656498745
-0.0819087656382175
0.811569141263342
1.35654227037328
1.24622937991631
-0.154504848047139
-1.08504250016081
-2.113916748876
-0.0640517213556008
-0.460328202528325
-0.572234295127635
-0.150723763377786
-0.704566542711787
0.637973774323201
0.476962861795934
-1.05945041305063
-0.34083239925236
0.551664145449658
0.0778993011449945
1.43881817947307
0.8068569820111
-1.42510444541034
-0.343096332581201
-2.05772471846353
-0.144660469632574
-0.825038063636904
-3.04479896054742
-1.66781379727431
-0.227319474527548
-0.400254345964323
-3.43717482999549
-2.36758303672918
-0.681783702976821
-0.662851412527907
-1.50999852545998
1.10266759101302
0.422552286001286
0.0985292327136093
-0.552096108802072
-1.50005830712042
1.14480364016703
-0.261699321635676
-0.0508180091994575
-0.170081353359693
0.235536907509266
0.537991591905121
0.53627975594806
-0.0122831460749207
0.803406515904081
0.667085448233229
1.25557090368062
0.235598313758908
0.493149354407112
0.000981025371720754
-0.178089896809493
0.0724643602244218
1.77420226294531
0.349457760108412
-0.144042037556399
0.295131237766566
-0.264615587499828
0.382461322874948
1.20460813347688
-0.242282454234244
-0.250685715141672
-0.199390869527056
-0.108626481792992
0.412018579913203
0.332377675535236
0.417513249284163
-0.493139091713192
-0.49654981583073
-0.149008360993134
-0.0744091418871859
-0.721618124900267
0.333816463782345
0.856207650038496
1.45670855627593
0.487736457053913
0.602091686232776
0.229043570040385
2.08772736596518
1.48857392360234
0.722187049194699
1.4713533727091
2.02970610648877
0.0192837509076425
2.49049575227773
1.46319806105255
-0.788181939957134
0.979010790748235
0.757698854009776
2.46187175043453
-0.497715561641742
1.28625419109
0.869691228027506
-0.872938580753246
0.442693696840302
1.05418510740999
-0.509270286847635
-0.513206874845944
-1.03637710309634
0.44255847504633
2.35641904035983
-0.166377327256893
0.205282591423971
1.54471666501085
0.965484087301537
-0.125063204462424
0.168589172422533
-0.582737946599329
-0.186169090347626
0.547546799175496
0.201262140072071
0.146872386182213
0.667834656298851
0.100205790035402
-0.118281537049571
-0.471803204999185
0.882123602508257
0.871605911880349
-1.09868969557348
0.350640524732539
-0.600387146666151
-0.471786725955943
-0.0566906740509426
0.808377105317856
0.0642492958392896
0.263886644938975
-0.277273482531137
-0.0725378830782278
-0.646192156054284
0.337574479967397
-0.527297251915417
-0.501182828663257
-1.29888841860572
-0.432785697606559
-0.208177008152204
-0.290655443573515
1.10134824723339
0.783841334554491
-0.856852649599817
-0.920243092941546
-2.02369391560935
0.598345011266641
-0.340863611433802
0.112077162663091
-1.10661493914598
-0.835711266990053
-0.834446373255562
0.0638932024042324
-1.14166891572876
-2.07036399298458
-0.358013371043931
-1.74353213308128
-1.0482420617436
-1.25045910898153
0.339986411451864
0.368219592848414
-1.76037387236068
-2.19991679458553
-0.644916802340918
-1.15249103339273
0.344580036168044
-0.418559518764378
-0.00374875721743448
