-0.652097136547833
-0.147787303600893
-0.254694828342979
0.366894060088816
-0.210605046855284
-0.492469717368266
-0.543026053037167
-0.360203651705773
-0.711107003222088
0.184741220023915
0.0280861064327991
-1.38603592108007
-0.364052796738535
0.10565822766581
0.505663953213961
0.355605273435321
0.490480933634052
-0.691272365351478
-0.710826242653147
-0.723221795747187
-0.0918754272287446
-0.068362388259164
-0.396052438845506
-0.338118788342183
-0.181209046887117
-0.208992343174466
0.463723631298382
-0.829287380789886
-0.0131586922616564
0.176209087538889
-0.417868437921245
0.308269732950462
-0.672045983371599
-1.36316764340273
-1.15989798870604
-0.769031759134548
0.152580292584759
0.0460333768118896
-0.189578946166019
-0.152820375134578
0.321907504722973
-0.938569940777472
-0.900118127376531
-0.820057521907758
1.09706827889102
-1.0627609311532
-0.0462890849385584
-0.871267090077773
-0.4115005896711
-0.994781775324436
-1.30192332988188
-0.565806885750791
0.0719341459727213
-0.590047607935158
-0.321398485294124
-0.483395039186019
-0.209226498232567
-1.00898837665417
0.562223017298558
-1.11162671443508
-0.508565265732518
-0.145083856987717
0.937138019646592
0.633079686307063
0.511664598314383
-0.181321192386866
-0.962057397667971
1.6854361507378
1.239148794206
1.47766045771577
1.18977197452403
1.44292421217539
0.285948134242627
-0.0868821609682289
0.855787613676944
0.844825263477248
0.86694905185174
1.05774220498298
-0.0168221065617059
0.374088274826107
1.12151300738552
1.4841952399751
1.87929594050815
1.86499559512778
1.973409927549
1.44041252669474
-0.301637590329033
0.0253083407782968
-1.34816397080169
-0.991548249285112
-0.734097508684655
-0.717325037025044
-1.85849148376705
-1.03698764579417
-1.033474753015
-1.39755115975046
-1.06862930924806
1.60337908843591
-1.01309053583447
0.0835606470732679
0.0201867761285915
-0.347191446724863
-0.772951662232602
2.57054023193412
-1.09602250040654
-1.52921530077807
-0.390794573924487
-0.596024129009546
-1.10085316653826
1.16468209106425
-1.40978719276318
-1.63986661190911
-0.519527033986487
-1.31158591097591
-1.36286385590969
-1.70181533059313
-0.525493681101626
-1.0917386939927
-1.1113452138233
-1.13899503351061
-1.24727313795725
-1.58754093500959
-0.976164093057336
0.0195556421856631
-1.40183102343027
0.756831905165743
1.6161020046503
1.68044533033569
-0.620890065758588
-0.288639388741423
1.02990970403136
-1.64592986915842
-1.50428773187553
-1.4178727620943
-0.583923478278854
-0.678860488395655
-0.631681381482666
-1.76464685163813
-0.7438253463416
-0.600882315171384
-0.689192685826739
-1.10954010034214
-0.668519212323924
0.655936081542195
0.255114787883953
1.57136339036723
-0.403226991601877
0.325370901299912
-0.213668041326966
0.0909272435871524
-0.0754462172844717
0.382552119522235
0.687014538647629
-1.281181011737
0.576585738794158
1.95137067152729
0.558911016923824
0.127741348590232
-0.252707988457454
0.349934496886109
-0.138433031269278
-0.22698601006678
-0.743343913407966
-0.593068811548082
0.312712506345435
0.558370711248858
1.64184788481326
1.78730101477507
-0.307401335432348
0.875672952219598
-0.0398257457388027
1.54983649037845
0.662785340704129
1.91082237062697
-0.501090042665548
2.51519606616544
2.06833049501372
-0.770636137032722
0.719752090786375
1.04139273046436
1.65831950672107
0.28415909937374
1.00287483689551
0.436530294028904
0.357646424862238
1.00546217039928
0.785969693642263
2.216298546333
1.75583455525091
0.837901227482123
2.17857890893361
1.2053709070354
-1.52346968981166
0.841081135765997
-0.14833276175592
0.735784632062808
1.50083908695655
0.715604842905691
-0.540611412855317
2.74620793917362
2.21498083767626
-0.121812581653943
0.052838416334097
0.0566693821677461
-0.452120922409105
0.97994111238206
-0.40630735913676
0.0116939746917266
-0.0700335384808126
-0.395363822031861
-1.12133081469558
0.00281151011935102
-0.461484198803232
