0.0571562107056008
0.942640668724005
-0.805235964544745
0.49524819405247
-1.15659563183294
-0.329308841028187
-0.72596288154764
-0.844929288590144
-1.04766919425103
-1.16493687716604
-1.45462583236142
-1.08879801455217
-1.05596468952308
-0.613663859202806
0.355251379604678
-1.2343717280493
-1.20496179461063
-1.41771358894773
-0.406455099886423
-1.38987415977464
-0.441878886889296
0.791940437022139
1.51089254939223
0.0672298143306784
-0.75483801608007
-0.845530349987505
-0.940642463248621
-0.304630937992575
-0.859971211470672
-1.34751448851131
-1.39363090816493
-1.45982258180885
-1.0950831643248
-1.20079276285268
-1.27828447612223
-0.922687313867444
-1.51315924880344
0.439785780680768
-1.38152743318759
-0.801451089484111
-1.31393114490007
-0.994748473499684
-1.36380446414238
0.612141098389557
-1.01656730682907
-0.773173052284673
-0.580327821066207
-1.13179563146561
-0.551320660931741
-0.598707065146277
1.21609710349626
-0.364963361678838
1.45922146904855
-0.443838431854292
0.442006404457003
0.636311730455116
1.53639531426496
0.973047306653049
0.40596761721081
0.18430209258391
-0.0553233356370361
-0.787528159123901
-0.904875198884175
-1.0138872309379
-0.599533438079737
0.0415148916617815
-0.76909557922599
-1.52403054639618
-1.33402350821381
0.0752158994903821
-0.305069964222892
-1.56768772833138
-0.326435476916659
-0.602759890416289
-0.723747389357746
-0.906803129071431
0.323152325299903
-0.462361551711201
0.494116006312362
0.0781811924629721
-0.726039691473138
-1.45874480716191
-1.18793262674225
-0.523704041445484
0.633161958127509
-1.07725093805294
0.0516404523796835
-1.16993096980811
-1.14774426206749
-1.54819052754773
0.376375794124136
-0.853759122306834
0.484918134277229
1.14384548558834
-0.781476459747616
-0.984398706289514
0.0727083208704617
1.43258039348288
0.418703811024848
0.511465545847757
2.01847199615992
1.73157751625301
0.830818483063572
1.32712686099817
0.892727893255186
-1.1301194457956
0.642694411550251
1.65523503545664
-1.22110228760105
0.473170693097682
-0.414396093435764
0.512926005881378
-1.02342400180956
-0.100578192889473
1.08440010238399
1.12631612193215
1.40951685481535
-1.16754996854804
-0.612071553303774
-0.936498669884965
-0.924737635799781
0.521319328256138
-0.13138360728705
0.664741438866433
-1.26039303420385
-0.0617810157639165
-0.457258671902116
-0.658692628787367
-1.04312613487069
-1.38271402837942
-0.782210157776798
-0.140015489441286
-1.35629920395414
-1.13836482488467
-1.0459162168008
-1.41829688220029
0.508303056035481
0.172742070046405
-0.537468742356217
-0.397209327135494
1.27183282768434
-0.354851720083432
0.907445563480272
0.303409738584329
1.88759603129026
2.2056875241935
1.60896331498796
2.02067887045305
1.65375751246816
0.0735674383628405
1.49267771410526
1.3579287800696
1.47434403944022
0.658283279848083
1.43962182485909
0.776316012410459
0.366827439637787
0.914648763956593
1.20062936737292
2.90706886596423
1.19335313971519
1.08803813041917
0.564561578122048
0.84404149223532
2.3185849905989
-0.00944359759294007
0.396646311742497
1.23420817732743
0.651556199317787
0.240494180527515
0.536798491780727
0.120481845658156
0.316601402065173
-0.445071895061445
-0.676553614659296
-0.803514832233547
1.04177718422117
0.15360959438255
0.721813384161179
1.96478928184156
0.629213224318222
0.298142781117179
1.1831549595068
1.89192282400969
0.158681725045954
1.33357842786728
0.260970589038316
-0.753098146268826
-0.375130883619668
0.0828556266291642
2.11395966188466
0.410300778867553
0.867605118603662
1.05925730450097
0.76287349998709
0.632867146060166
0.476864546273663
-0.42710269664952
0.554659292330838
1.34482460338895
0.641980356669599
1.13126594593539
0.698074063027641
0.440165006533424
-0.586695363208817
0.749890809905736
0.849922096134097
0.196110108039854
-0.161171331433841
0.509414222121977
-1.32962766267702
0.325381083402905
-1.12598531462647
