0.474776010567356
0.438591614222579
1.48149642509145
1.47686023725951
1.61660981705012
0.379164761317466
0.426953690448003
1.03543286321865
1.15013933866067
0.0459253923256026
1.56563066627224
1.26559429494543
1.57526046925898
1.00407081060142
1.37494648929433
1.00664071548479
1.27310957022909
1.27629864133434
0.717870174420152
1.31239614661438
1.52285664448665
1.13369010676629
0.309127221053295
1.23677917017475
1.50886353744286
1.3796382878303
1.42942525456158
1.27470467504407
1.40478263806256
1.39172900369428
1.67071033913419
1.39885096011757
1.30535408110167
1.62132971755463
1.57066763496487
1.45944984820034
1.75856597441066
1.20603550545757
0.957630570779446
1.48116236304553
-0.206614665457042
0.881712903152546
1.77119391478142
0.0320778089989737
0.0956754144713324
0.777855179511073
1.1747901885129
0.870145036346927
1.4513021064622
0.618562762012126
0.547627559432878
1.07310214751455
1.28106384951868
1.03366832278386
0.673654237615164
0.483417192698481
0.777483995541448
0.468361929818226
0.766468915903337
1.16982361072842
1.61987915541673
1.43573717556258
1.09833463189006
1.04280677028756
1.05421575329242
1.06663236579914
1.83792216126019
0.509239587253253
1.26038729136203
0.968334841236585
0.925634908001927
0.598851902126244
0.766232638191215
0.671164007739024
0.548847886285909
0.390450495408564
0.673122702902015
0.445551110384709
-0.218025437806039
0.0664179978819822
-0.886619414472413
-1.92636898867962
0.193689343837373
-0.463766556765802
-0.0580534565414536
0.0627401122311744
-1.78777464775935
-0.855409575633986
-0.93546095531557
-0.347754553344346
-0.221913000113842
0.253061932822084
-1.3872062363471
-1.25828768384911
0.670995298008928
0.625010672824257
0.0984275723373902
-0.418960708412271
-0.0656575039006968
-0.2871641747394
0.00980083963734156
0.346477589241251
-0.270305774981553
-1.6373699380776
0.302800160060732
0.739698171826061
-0.445248362288002
-0.410898408875274
-1.21891498940221
-1.37918322681813
-1.92167723008331
-1.99109148803984
0.450570325407508
-1.55478987222568
-2.16766093951885
-0.781471236650702
0.029519366934132
0.322547132017506
-0.387530891757866
0.92894421431219
1.19629129572467
0.211935256286239
-0.194955869719573
-2.28631934032685
-0.598155441772315
-0.368659881246381
-0.480678273221545
-2.18698599168348
-2.31889865007476
-0.749445414030092
-0.700663240079307
-1.00128487545067
-0.360467855296842
-0.799740753300236
-1.89003939142985
-0.345564256945927
-1.57174212061656
-0.871117890177206
-0.597044575114289
-0.766008417286762
-1.77629872366152
0.0517556001021346
-0.0724364506427191
-2.39690166922289
-0.395571888464388
-1.23796377918783
0.0638134547207696
-0.0516228672580007
0.0500424125734788
-0.629081967889592
-0.453435860539415
-0.586497159475001
-0.0138642637632036
-0.755826234803236
-0.886113730593876
-0.435556547759781
-0.948038373383913
-0.553387102979318
-0.31746601409455
-0.129166760761874
-0.498157133562126
-1.26349413320265
-0.520216457952552
-0.730409187210313
-0.952515119033734
-0.848768970561108
-0.472888605814738
-1.04270433863141
-2.19434820576599
-0.448138421464518
-0.739101581798536
-1.19848600310255
-2.12039589300896
-0.599005570681113
-0.468668809604899
-0.508829355979718
-0.242644507102641
-0.407025359605181
-0.503399034249685
-1.20111045896744
-0.340250976319058
-0.225438929118626
-0.892814203314443
-0.440183731793138
-0.151469463895312
-0.347181184114085
-0.186785043473716
-0.343805387654378
-0.283241036278867
-0.973792619164449
-0.678742168558625
-1.01239931281969
-0.736535889251181
-0.162280783561282
-0.231418597454827
-0.409655775450752
-0.191534993936784
-0.460123837423846
-0.373730449729653
-0.930531641392646
-0.745910551443143
0.167387959947765
-0.154867037983997
0.0677276328766368
-0.722002333815302
-0.50937972028846
-1.12619135083558
-0.14729059739165
-0.315285025063683
0.120854955331642
-0.64823775201324
-0.926037677448692
-0.965356651247586
