-0.109725240542296
0.632789308509023
-0.67258401778422
-1.4269051712373
-1.06502026304435
-1.52288727358379
-1.32402957763114
-1.27491704598515
-0.813652936613879
-0.41652172493496
-1.41421030731451
-0.830063074774156
-0.440244121227347
-0.304356335514417
-0.689423172746091
-1.03633757741799
-0.961706311100003
-0.95111907335055
-0.986242068808095
-0.43193686258179
0.482331651826417
1.2262352741085
1.55960878041918
-1.56903103212996
-1.48854330735221
-1.68556955485928
-1.55824784912567
-0.986120925565185
-1.99824874012996
-1.69695559687672
-0.876068239592831
-1.5521379293622
-1.49874611748093
-0.187567350054505
-0.566104545641547
-1.22963048643002
-0.29448886981761
-0.926213466540371
-0.75697748136907
-0.541087292275505
-0.793842214780978
0.114525287464756
-0.900172845518975
-0.187861411616997
0.68391116087098
-1.3484085872383
-0.859312275624737
-0.292502971487912
-0.644658305677509
0.819633012667178
1.06455600345086
2.21731264490597
3.00238594329443
-0.647169793138053
0.379741890014171
1.8284139824739
0.780287886255924
1.31867826075612
0.72466494650045
1.06766833471914
0.194453956079293
0.170430104340278
-0.791975077672115
-1.25602073046507
-0.594249615138839
0.601452949693302
1.08931079740365
0.994707687630412
-1.28788226062216
-0.758325044418668
-1.17382967376831
-1.28737212460309
-1.05723646308178
-1.1225701544127
-0.964555638056249
-1.92976168963899
-0.110843694638454
-0.994660098592983
0.795520837266077
-0.304065911403622
0.00476197571719893
-0.396113727422225
0.86932615039475
0.532976332042113
0.726839888669622
-0.646693911333422
-0.368365718574219
2.94681097641254
-0.0844209875633985
-0.801302393552028
1.84599726329071
0.22607006335828
-1.22941475543422
-1.77223891284267
1.34589407687021
1.27191437517734
-0.377200937549701
0.84999602761541
1.9071269704289
-0.259828746967626
1.92170366325576
0.887100000099085
1.86214280197506
1.07657349378508
0.0593223316774718
0.0943083741497352
1.53508370604098
1.25040738454481
0.0418044653829041
-0.230230487195722
0.330481381215475
-1.11187347844698
-0.959445991166195
-0.633257754592883
-2.42846974224844
-1.00051237808898
-0.0734696709227448
-0.636365860202586
0.0573550250634615
-1.08197343672507
-0.800547861575693
-1.15623763015844
1.07976883301719
1.20720032332491
0.98566503612079
0.643262493906681
0.138090839917578
-0.0262326030692712
-0.578416867809056
1.60333508516461
0.680318570996076
0.21667893761847
-0.336640356570223
0.906949470009759
0.115045726402015
1.76148056569141
-0.101790135517532
0.602833520046605
-0.0514128722317475
0.106403129080305
0.571891169090751
1.47560050890108
2.07165191573137
2.02563463503785
0.485841734291655
1.85228154708099
-1.17772895748439
-0.69788485469592
-0.39402089851937
0.048307458426279
0.299862396249146
1.42630649167983
1.10153012524226
1.31792384147803
0.828596906094064
-0.0401447086757133
2.46975018976721
1.82974941569392
0.354242680319717
0.670310091508262
0.814912835044158
0.342299431487444
1.2628691057665
0.223393413575038
1.03417167328009
0.338792551312275
-0.240597510124512
0.48211039170767
-0.73326036200679
0.402875320462098
0.576218917898571
-0.779498538997326
-1.00044383756427
0.455829119909363
-0.626656971632772
0.504344145192392
0.56041512332293
-0.33793447282447
0.716471996272343
0.866734815961873
-0.20027316781428
-0.0511310735546767
0.497334111267758
1.24299946825378
-0.720051164115511
0.109389980753708
0.443469124029862
-0.140262517639549
-0.0414483568498658
-0.234937278509129
0.681675338165836
0.646135725828098
0.196275698945226
0.45651746531078
-0.354537309031812
-0.102943119861813
-0.149204885746059
0.237466462634013
-0.90036585509735
-0.232918827368158
-0.263715128757582
-0.61052544154096
-0.5408203263975
-0.436984124037916
-0.18884160303789
0.632118376380787
-0.162298430491056
-0.327213926120266
-0.891357315358254
-0.734929104715669
-0.146866855065814
0.0152148147772609
-0.0160148094557224
