1.12670243102666
1.61335830789313
0.421938914677167
1.30665722880109
0.556252093926707
0.357090484203815
0.523943970455258
0.854009405428466
1.03046838868306
0.520310397131886
0.995539386096286
1.09081288842024
0.456172540182963
0.41888840416266
0.615176168963617
0.391167164658095
0.447651844471452
1.2218462950689
0.875159730078799
0.30617355144902
0.989055376243389
1.01637446596233
1.12863216842082
0.072902008630747
0.821903352927804
-0.012201758496452
-0.279252759621862
0.119278248663953
0.413955738086926
0.819998433913867
1.08801609867818
1.21691168148708
-0.0547981709678589
0.508583857110902
0.247920077874262
-0.450315125514777
-0.402455141069621
-0.45654114326964
0.933878215770172
0.436114414205815
-1.32986518309165
0.233116283359569
1.30193646626765
-0.393861943392847
-1.54186391841354
-0.357189624133945
0.574890092143964
1.2179199620525
0.938810888094439
0.587728212672104
1.07716295610376
0.966507271769474
1.06989168532172
1.35832831693769
0.182872951488515
-0.159015075038168
-0.599581692163038
-0.0771109996103734
-0.174315073937176
0.354493632682818
0.589677649242549
0.779351557319819
0.738040778106264
0.649309513208018
0.273915144825841
0.452181349335731
1.18509228289036
0.228858030938869
1.01122660562639
0.442094192977345
1.07767069408914
0.576907032172325
0.0224434083528702
1.20509004728323
0.600007459312742
0.749009744209232
-1.20084883015542
0.23752138203674
-0.513609075362046
1.16133466265204
-0.103032409940855
-2.01872813640002
0.78758512186579
0.709324133909235
0.509000307919173
0.496955508113775
-1.05789282918195
1.85210745830283
0.142979270011845
-0.67767711467352
0.859868023597716
0.417210905100759
-0.515381478989256
0.363542482504753
1.09716103125077
0.41105912990356
-0.227252655791929
0.892840959862218
-0.477946450721756
0.471283365775757
0.510534388775683
-0.974757119474535
-0.718347146118781
-1.16796821113501
1.61989868147736
-0.161587739887105
-0.233503711518854
-0.596103385104668
-0.208813409213697
-0.342872045939447
-0.0725085557800411
-1.52723539688968
-1.09566270351635
-0.433681037260305
2.15763877954792
1.78569804469126
0.376090779159333
0.820671382116362
0.675711399215517
0.326963370344194
0.562486392407769
1.51545367182186
1.5484364660356
0.368358725166645
0.352832434241183
0.218384776074958
0.939384441397832
0.828295940335399
-0.0891874701972036
1.19330591738243
1.13247700844251
0.599935851584942
0.980048325446531
0.348186728959316
1.3794080218397
0.690224574183693
0.801133033040683
1.05583506271175
-0.392015589835554
-0.45775352484813
-0.739784601006773
0.21184923772025
-0.488825795036781
-1.85261285311949
-0.468174364939797
0.147563509449951
0.60510683301822
-0.0818854215973316
-0.00160921351278229
-0.562597988450634
-0.706419772562655
-0.22559458079917
-0.568728342327333
0.259608835969078
0.646080378699925
-1.13719622340761
-0.144342321730186
-1.17560981941138
-0.125829742547219
0.327029236897634
-0.251654472527447
-0.190052217115718
-0.521831818086465
-0.443144084882311
-0.623605410525538
-1.36791430348376
0.209937354002608
-0.170342896686199
-2.02451691447541
-0.541430877707753
-0.912128297066529
-1.16885060979586
-2.17151617282674
0.775232457753051
-1.11210733779359
0.432334779609333
-1.41334060159744
-1.19595987170678
-0.850050362582781
-0.943892609356619
-0.564991171993114
0.419418033048243
-1.65883213076383
-1.03769050084527
-0.871557582542186
-1.01286394528927
0.278518701859923
0.609258362768166
0.0678071063477876
-0.385565068194493
-0.751383409897773
0.380830745599628
-1.12693995977277
-0.288363908459213
-1.36985466374096
-0.481719757185052
0.872181744933797
-0.08100786755012
-2.96231391416401
0.503049735183518
-0.718307728626068
-2.2828600208799
-2.20388991466764
-2.20308967008403
-2.50721267126194
-1.77025229105647
-2.69711209197534
-2.70432037905633
-2.69221159510846
-2.08920848201096
-1.05010148188734
-2.35990187793399
-1.7245173143393
