-0.398704991922506
-0.265585045595737
-0.864739865909473
-1.72326303510114
-1.20020879675193
-1.0985699437538
-1.60634059406098
-0.514827434700712
-0.999416009959702
-1.46310056031308
-0.607444407761578
-0.389242333913401
-0.641121729117831
-0.311307808941332
-1.39635916813455
-0.439693105240386
-0.789974799216238
-1.63359706525904
-0.566649790841494
-0.628448628873354
-0.179542965169868
-0.21699158600179
-0.424604376272062
-0.559606613150162
-0.362013782676106
-0.482325795506544
-0.442964645426502
-0.885022648830163
-0.184050356952364
-0.944276482897215
-0.933920816143287
-1.07900923439694
-0.659727096482211
-0.206530125447262
-0.54660334116245
-1.1491734414723
-0.871572977425368
-0.364791409948819
-0.856476000589804
0.10763365417275
-1.53847971831592
-1.66400049527381
0.0879860662509499
0.191325498148017
-1.86045266910501
-1.44542901398031
-0.474992718689503
-1.91710038285684
0.561871828998126
-1.11081061588444
-1.46336557125422
-0.355504428899665
0.302587663298621
-0.418746617849046
0.157869534816245
-0.176665018123665
-0.652471312712069
-1.22675642298376
-1.43674189744327
-1.19935314586296
-1.53356254481008
-0.668139445743814
-0.714186460551468
-0.469496814743588
-0.797753479282543
-1.46605052227824
-0.903300106910732
-0.556411290791971
0.734699855506571
-0.839213177197278
0.021827106407585
0.0631352712928838
-0.406312373016798
-0.315445440003799
0.126117677867909
-0.0288484649574965
-0.240976979216107
1.30572239958768
0.708516228889283
-0.583207340754867
-0.786538292502062
-0.928306181646096
0.440625856875835
0.371676676101287
0.0960669754233482
0.449243113873779
-0.182576363786284
2.75724992424713
0.480366082347204
0.504303744189724
2.67366105407226
2.31344904122334
0.592316518413225
1.47131402702339
2.79862157131705
-0.0964457739424456
-0.367758377546941
2.29338150268797
1.07417708999675
1.97081979215002
-0.492205968986681
-0.108770710533856
-0.257031361909743
3.11278868698917
2.97444214667519
1.34292468829035
0.444139447334088
-0.533867905139026
-0.0549967189936864
1.53765474648961
-0.344052753019413
0.0580123284125986
0.704767685420434
0.0379834257387935
0.821471835512467
1.50588788071496
0.737060729228193
0.848268326257786
0.415858213007384
0.117612055008134
-0.131166105697444
2.20438030752966
0.807302090992112
2.18655571254073
1.0647976758336
-0.214678728108698
-1.24171762392869
-1.00666449944706
2.34594930270469
-1.16792865364087
-1.31519277916625
-0.126637668043136
0.689017367216915
-1.32727339971136
1.60284540628237
-0.862972916686071
0.283949903072157
0.818461458300938
0.0469381767942576
1.34290216970972
0.0972181133538735
1.55007348249137
1.27315542654344
-1.2969399053161
-0.410407536748138
-0.0590998105370893
-0.677551476862658
-0.18846905207784
-0.137929161570012
1.06375427048518
0.0375593148622595
-0.102694855935995
1.0417918006608
1.18031142859255
0.382338960831788
1.40832269850041
0.0294603705228137
0.29391562907816
1.0019353682728
1.60201446166218
-0.378026686976024
-0.591880009831533
-0.390998109879488
0.844390730268279
-0.329021678612526
0.0794233317151477
0.436677874582069
0.853923564949172
-0.869533672362121
-0.280142740880241
-0.0341288872297613
-0.765561681387027
0.270545115991875
-0.482000081487296
-0.385005811920244
-0.673131663778237
-0.306264730114876
0.672385975123203
-0.487180071317792
0.743071832485247
-1.07537868196259
0.507045876987388
-0.309879701948681
0.625839015586554
-0.842874070984553
-0.224796601558231
0.90220506905156
1.19553665925604
-0.940375755208177
-1.06775611910094
0.379844973594222
0.22988802681673
-1.00910946077519
0.14824651352978
-0.569725358855623
-0.852712051180014
-0.904583353926286
0.659067827367357
-0.180826088280109
-0.688265014511747
0.214568597153967
1.17520009659797
0.819653729011015
0.956279573380293
0.902460154957056
0.983692487276229
0.738535394429085
0.89166023919751
1.22146502053924
1.25382465699995
1.0077811389965
1.08564123213407
0.941362391295266
