0.516090969294985
0.25285487766058
-0.100223927435558
0.311590557875734
0.476981697074318
0.852803689643474
1.18466200333536
1.12663825822962
1.35524796586629
0.763880572473214
0.0602168077356426
1.19066358071445
0.427774847139184
0.445688924220652
0.376646185117254
1.11367128324852
1.11914849339032
0.849987659567208
0.579974530329841
0.287337254358829
-0.277464480468595
-0.0396809564782072
0.0942009777460701
0.725471555313374
0.0433535053035797
0.31476637419983
0.697991017943282
0.261675184566377
0.164606260965672
0.774789128914919
0.947987760560167
0.326346748234204
0.553749573294977
-0.480614369842922
0.624945238833424
0.227951330606274
0.504750789659553
0.0096807796410481
1.4384072940678
1.4959220922415
-0.327992007521952
0.68559102521097
0.299329454315168
0.789362483804698
-2.39921997106592
0.911296471413571
0.891221327922993
1.14839122112589
0.356936487430564
1.28945095169332
0.870298930482861
1.32559709230893
1.03227333236599
2.02834221420333
1.69060659658342
1.65234399148185
-0.868571501468788
0.632402959181627
0.328379440819603
1.68257801320897
1.85827128601906
1.51666992058975
0.335847713438436
0.631770148365697
0.887871495360326
0.154000739910999
1.0232304456069
-1.23351517336677
-0.512317434762752
1.12225678324162
1.02941494201973
-0.388895875948002
1.72226868764884
-0.503425861534217
-0.889288661827845
-1.35121804277943
-0.968437155419912
-0.290424491489626
-0.688580398207898
-0.979283637450833
0.459540552929691
-1.88317016024396
-0.0901753355600125
-0.0147999803899711
-0.380868666986301
-0.480904504680453
-0.134808074635994
-0.593922662330156
-1.10505246317865
-1.45792196538315
-0.347533526953383
-1.17675633073809
-1.33457190039119
-1.65161895941333
0.372427807155646
1.18403148391919
0.895677130469388
-1.16233754510555
-0.398210770114327
-1.23877983510849
-0.8881886521293
-1.54295668702685
0.347130000004315
-0.339782801360464
-1.25160588538417
-1.03453336762758
-2.21630920369507
0.60014962280461
-0.0679272911802423
-0.272023856789454
-1.61077254294992
-2.02659108533863
-0.606858855433047
-2.25897573531797
-1.56333251515467
-2.33306878481543
-1.55467671820163
-0.748680565645992
-1.9880170323859
-0.839875081645995
-1.10658154340009
-2.23826019484671
-0.607201056056141
-1.41459916004262
0.370448029242538
-0.639445138981223
-0.363022407576046
0.32885710585853
-0.370867357093358
-1.67045972990553
-1.35608557920411
-0.539421075905054
-0.127197839188402
-0.917563684882134
-0.698667352412204
-1.83647455300993
-0.053083225026221
-1.49796354591354
-1.61679168011006
-0.477002982405781
0.629789317175291
-0.47523034274048
-1.86217680534134
-0.611255127411711
-0.717833101933443
0.782892251826146
-0.160806959052497
0.851469605934749
-0.490894130689657
-0.790441721271951
0.121569107472219
-1.25639944473415
0.0265428702401295
-1.7143246432343
0.442363032121792
-0.850340772442805
-1.15675922124834
-1.40650937964642
0.102785173886865
1.0247239475836
-1.09079156956869
-0.501225875149987
-1.00504041076626
-0.230686887015944
0.58904751271232
-1.20514958111188
-0.434694471364707
0.606745926870221
-1.00986104233237
0.613127404221514
-0.426938294308659
-1.61166211492073
-1.71287102504816
0.0446751946128666
0.60298435119487
0.670044571181135
1.60685755218703
1.16839855309755
0.886988668602824
0.615602934938274
0.442625522310205
1.24720003758144
0.531336904735365
-0.0238852158027111
-0.332169348166427
0.426282657303354
0.999843559819402
1.1400018140642
1.10344387780999
0.635304505475746
0.822052365888406
0.745999952548515
0.934741167615229
1.57157439763628
-0.644236179729268
-0.259137760135296
-0.509939511811783
0.173443362197248
0.382585872246554
0.442694258058086
1.13771400864357
1.08658206658286
0.43243984344136
0.277515435026114
1.80437941202902
1.13052363089201
1.00890936089073
0.992414539550016
0.115119137447145
0.545167495641977
1.35777014673278
0.830913052418746
0.258804315351422
