1.04455213350374
0.530054349265484
1.11980747020583
0.860703031378869
0.305029850911713
1.18121277418629
0.743144734556405
0.807213797335579
1.30809708491418
1.4437911697371
0.177449728361173
-0.0449343285915685
1.200702980475
1.38869242792116
1.74502396448983
1.15015179016953
1.52231466764161
0.612516268506422
1.46369267105333
0.813420015192489
0.572315554978949
0.466528046776673
-0.00714788066723213
0.679817821569921
1.61090703542489
0.210338338619512
0.701588837903412
0.658791686614947
0.563010056757454
0.824062422404475
1.32258210504765
0.582988523579876
1.55313287492996
1.16302302317775
1.45207555327588
-0.146092062823516
0.504353996755276
0.489098737667911
1.0157569155083
0.225562543262964
0.113876919377786
0.350066237397267
-0.204589323218215
0.0552999604253452
0.972970070814471
1.17241926417591
0.61565918689514
1.74218335962389
0.301820424804091
0.893137353432346
0.624188582468548
1.02317816505465
0.732711407154033
1.90686837238804
0.961936009337865
-0.20196891019637
-0.588255882293872
-1.27256747588782
0.704958221473259
1.20308604019455
0.93283955826941
0.909034471968923
-0.0686740311775185
0.135594390366908
0.721876483828927
0.873757016798139
0.589805512430076
0.626482632067918
-0.0769760490358553
-0.373623191135757
0.05726264479548
-0.756461817138096
-0.427861083879616
-0.128610310907086
-1.04113999083883
-1.58351153727118
0.346333765650883
0.272617465042646
-1.09792769755624
-1.96484623865559
-0.288876121375474
-0.797961097514527
0.21437680648867
-2.23906089335772
-0.760111026865751
-0.249102797462857
-1.69467822658636
0.107637266235738
-1.28052822681336
-1.29444633871208
0.388778426257298
-0.740744555714934
-1.58165088681942
-3.02112461392048
0.686329792524886
-0.240084174966855
-0.482613380124239
0.608177583043745
-0.840297351105333
0.286243229831965
-1.62051603481476
-1.14757139605679
-1.41223842707194
-0.837474021252099
0.437079472861363
0.383186115018497
-1.06154882578828
0.34055298866673
-0.00990507610243487
-1.71788516319723
-1.17262251154123
-1.99750136928867
0.193048971701476
-0.568230944561948
-3.08689143337375
-0.176521649267666
-0.119995947816991
-0.169569395570649
-1.21435743843903
0.969279333569744
1.23015053209482
-0.22012688518495
-0.526230010953221
0.0337210252727488
-0.0544867434655888
-0.263518798540165
-0.840661032414196
-2.6511320551553
-0.409582077711292
-0.536111791639941
-1.21105570717522
-0.0534632320200406
0.794032278629031
-2.06570003639431
-0.26180874996252
-2.23098658536455
-0.673425652454733
-2.41209796813866
0.702762667971297
0.464835805307443
-0.723460046036088
-0.229015526235219
-0.437813614270771
-3.44610412729368
0.00723858050245671
-0.245576828131789
0.257246889817874
0.410247376105539
0.201965511029242
-1.60874768968614
0.133449019979324
0.0581736115903667
0.731114226961716
0.516574903425301
0.363650193672901
-0.475014465629791
0.214573854655881
0.11850573296053
0.302394353081957
0.184394280894775
-0.458173244313834
-0.213268430696962
0.0146154951699579
-2.62972842193553
-0.666184860386995
-0.710472213281566
0.300208026084665
0.518492795330819
-1.2695126023798
-0.0933110359791621
-0.586780630809632
-0.229594819063534
-0.0171333088947696
0.74861388478116
-0.333768784934
0.444362309970567
1.5247295295397
-0.550232312431024
0.0271821136335529
-0.473021894944914
0.504403283596336
1.48568941846985
0.196318847085159
0.166208249535422
1.21388674732379
0.440688846081673
1.16218374059943
0.941646845206363
0.815765622085297
-0.702147525322435
0.582450722493057
0.215651440151869
-1.77958804518847
1.60076042563813
1.41250913562816
0.60848451676552
0.765006961177646
1.12850109947623
-1.7194933748204
-0.632792728255318
0.0991395107668629
-0.24590662425542
-0.702902188933392
-0.505137735072842
-1.02915273991787
0.720846147375121
-0.394482784039381
-1.14559724842897
-1.48749998080569
-0.223262496409072
0.305106982744259
-0.0120481174299575
0.0599688823843279
