1.28747017246264
0.978901108920931
1.47140941190927
1.74778033108501
1.4126458685541
1.44105171646097
1.5029837646219
1.63753640475026
0.798032109198159
1.43203740845902
1.57997383120246
1.2919520006278
1.25761601858472
0.98179623365823
1.31454597382331
1.28222784049647
1.51867383820511
-0.0883713769780087
1.39443064607627
1.19143653344946
0.790983539342576
0.786814078600093
0.626815048777728
1.43477680680997
1.32968000323246
1.39950529017593
1.39758371298126
1.4757606942587
1.51669446353323
1.55038167537389
1.2095221986187
1.55831151424449
1.2371620300549
1.12678138037747
1.25654491400191
1.00423166407872
1.2161626351668
0.911218151300718
2.26194451675186
1.71053015169234
0.15161674161239
0.220702494529779
1.14745038782445
1.6842513671736
1.11731306240663
0.18390790182057
0.944237336963318
1.35580418225366
1.60274346355731
1.59642847855144
1.69614404172111
1.7736764806104
1.93791174515428
1.18820098898993
0.651853412062435
0.703471066758563
0.438290419403733
0.0861318490509239
1.49277739153959
1.34743023407872
1.6962849401861
0.313515391412009
0.715730361838005
1.16787019044478
1.06771936637685
1.34678600683465
1.11713113371217
-0.289533694933474
0.683362990254028
-0.579327635019304
0.0945997163007864
-0.7018103728778
-0.145550244920571
1.00394697478038
0.586041407110473
-0.70650502176666
-0.471199758882662
-1.61892015813751
0.239006335292084
-0.285289789823544
-0.180470819405931
0.0138742989783114
-1.21825701664378
-0.756037148146958
-0.731209216347495
-0.817346778046182
-0.173343765716871
0.929377714216147
-0.690341281739188
-1.07635438291474
0.672979191982168
-0.321462506347468
-1.57454181292379
-1.79610477199566
0.196154750099351
-0.278451041092775
-0.297220940881037
0.310515237660469
0.929931720914176
-0.834830872649416
-1.20928291917118
-0.787512568900746
-1.23621232391062
-0.224370508463839
-1.19596409437527
-1.2629021932986
-1.2343056128629
-0.0680184574549475
-0.259937902960119
-1.35682950665747
-1.01860553627512
-1.46218674859366
-0.00144936478780121
-0.560867760077341
-1.48204260064674
-1.5383749770923
-0.769125376541196
-0.122670570470649
-0.286746683255105
-0.295775191421208
-0.730921374731851
-1.20659025144427
-0.404610236761965
-0.660644218077668
-0.872348463373319
-0.554697277105794
-0.83062502667558
-0.470512555870014
-0.588912447325504
-0.0107010608150362
-0.38809135642175
-0.675808321238845
-0.751490067106269
-0.600364377076896
-0.947484030618886
-0.794837972533327
-1.13514535956818
-1.71861682226961
-0.455881022577953
-0.455764111380564
-0.930546219087351
-0.617224912764943
0.477443978838073
0.381383942989189
-0.583931685341209
-0.340504542239831
0.167783317250725
0.0300308735512454
-0.332525291278844
0.278098691869243
0.360976846643617
-0.69024322084622
1.3522055270936
-1.12302705822664
-0.75269284123407
-0.529642564925064
-0.428174567803332
-0.49231688251716
0.0132143761277562
0.657867686430128
-0.545485223719552
-0.0756711496596828
-0.354235378571503
0.169231116352501
-0.320209754273258
-0.661362809678679
-0.428823371935342
-0.301856752266551
-0.80961555049744
-0.351440797036275
-0.203261056222713
-0.591836182047469
-3.04202615840008
-0.468375346011732
-0.166778953575986
-0.701228296974896
-1.06725797573008
-0.819426479397925
-0.292567396137946
-2.00839314427343
-0.695205643021821
-0.856433881893097
-1.72965275829224
-1.07511397856329
-0.510482279683963
-0.552656306913225
-0.108261292750875
-0.446094045389946
-0.786345886185359
-0.392691327485475
-1.70055155430701
-0.225013158013342
0.0846256945314173
-0.989492580131041
-0.568107539039167
-0.764765740513767
-0.781405950095212
-0.492954760621998
-0.796418806931368
-1.39601767692565
-0.184091023434356
-0.250932501675496
-0.506841316194412
-0.557623739958229
-1.8180942403207
-0.428838463948421
-1.7972410695565
-0.465556567051895
-0.685975092731532
-0.501162288401436
-0.681272257940866
-0.230776085548639
-0.435479473476648
