1.58783692403721
1.84067489965561
0.601861050894352
0.634400500216149
0.66472119990628
1.87544857195718
1.89315031674664
1.93144225313045
1.67292199926484
-0.251092868794984
0.957470228513956
1.06116942215006
1.33985506358709
1.0706825635121
0.745563794487271
0.662379953937274
0.705737588511346
1.44266586871887
1.20585963867263
1.85738815688866
1.91937553232759
2.13471609618949
2.00852659938133
1.78664668573584
1.73053286556091
1.50721604158302
1.60386039580659
1.95547812483823
1.63095999444183
1.73221935902356
1.7886803527105
1.38157457354844
1.78531106674078
1.78946780522832
1.80013733748706
1.79958322254546
1.91492920073244
1.87463560335686
0.58534018139887
0.0137945875466593
-0.389882006869457
0.219837989468769
0.690238959421079
0.0747235786677058
-0.421336052245762
-0.256167816790402
0.331262962863804
0.126217711897688
0.366152500412345
0.393425372324133
0.369290253405536
0.550801088908996
0.579407160634607
1.32894713788035
1.53529409940751
1.85064671556575
1.68662562281701
1.69192901134777
1.21945705139799
1.07134842183772
0.916881576447555
0.690010348670281
0.413867428751046
1.04741911767891
0.582464264827521
1.38513987526183
0.843035644362572
0.299865410984336
-1.14114326189873
0.119775155722412
-1.10367527376355
-0.698731911032882
0.650049908855832
-0.94464455941796
-0.690867766918744
-0.584804466706951
0.306950076404239
-1.18446113464941
-0.901274555258142
-0.53955723115924
-1.30199081161165
-1.21007480751741
0.831086253329939
1.19954791522723
0.804424375243247
-0.688465524880782
-1.54876952156856
0.0264506198069367
-0.178840784078135
-0.532971212892887
-0.236310450044824
-0.570172493560531
-0.128377261190992
-0.10700000539791
-0.452123147418676
0.211695260233026
-0.703979100893848
-0.503276185739599
-0.145510874886304
-0.352694283642975
-0.00209113016147729
-0.217883352856293
-0.136113602528806
-0.202543206207893
-0.219791193969794
-0.782651290398937
-0.238342596567629
-0.654731865792245
-0.342898793014637
-0.326488901195678
-0.617279497583785
-0.234218270706702
-1.29946158501293
-0.815684002853555
0.201952273540237
0.258600386403329
-0.440624837015724
-0.556457368865723
-0.570087435964223
-0.854552893730557
-0.708355123478049
-0.304697992247048
-0.960212257427142
0.828819352464638
-0.145785768767832
-0.659709025991283
-0.235456994502395
-0.708866527605394
0.447859635566941
-1.08985552089387
-1.03202087329537
0.601213126423269
-0.00166808487779015
-0.547336853523718
0.309331147773074
-1.2696388805729
-1.13625508622173
-1.02955394093119
-0.441030447783592
0.635064051440065
-0.250916487551528
-0.485153664339205
-0.513883657442146
-0.442953966379341
-1.14143144668915
0.324765441085912
-1.90021370146319
-1.73498017476451
-1.1835832974293
-0.617468527259656
-0.253289132938011
-0.742425187688846
0.123704098638288
-0.522280353671193
-0.542526587713184
-1.13824681665969
-0.74062301561
-0.221609920780051
-0.421969361307679
0.823868384079137
0.403012792118878
0.418125443944019
0.338656776792644
-0.595472344171144
-0.924565643453965
-1.21449359409082
-1.39796973760627
0.0922244495795294
-0.836217925874535
-1.39653344735976
-0.66460925616988
-1.29347544314185
0.379924226328729
-1.04554704431229
-0.845341845057932
-0.823205627099705
-0.209776780958904
-1.28934684606801
-0.986343825928622
-0.588255406498009
-0.288827025407759
-1.35584292584746
-0.529402064660176
-0.512172785208221
0.771454093626324
0.131868097809299
-0.572948806194266
0.0655522081385493
-0.535279754174465
-1.43101116138293
-0.478000259210192
-1.0008153320344
-1.44661680430296
-0.673262886881259
0.85147293043793
-0.472296748432043
-1.10789428043457
-1.51905466016832
-1.60503228356688
-0.794606164066166
0.383551577781824
-0.814212152283886
-1.2189790583561
-1.28785782299557
-1.30764553111891
-0.577071628140437
-1.31147386343675
-0.48294304185789
-0.139444542832588
-1.25682837772673
-1.26867315047181
-0.445511770891149
-1.35054946207056
