0.241133724744816
0.289905193935846
0.476811736610167
1.18550863949006
0.709455923579518
1.49834119185468
1.48280003001495
1.62005693731118
1.93669675095271
0.426798076365174
0.449539268512658
0.259516689321912
0.987072035475072
0.706953101932803
0.752932505486017
0.509399240237205
1.2633688124192
1.707572916482
0.607805351938687
1.38233255952541
0.854777507016343
0.644475598725471
0.254830727036079
1.39589253463585
0.875657617307531
1.08112951509452
0.799236833788662
1.38085382961043
1.30509692777753
0.782233269774443
1.93494541134448
0.838733555021555
1.76066871159439
1.33571635307651
1.78540486913756
1.29388407746218
1.50619069185923
0.929077665166939
-0.0491060648686636
0.572457786911578
2.14302055674436
0.993332234671535
-0.295005541024889
0.0812626999170062
0.480065504301833
0.81884552905178
0.883204067108695
1.23935193240517
0.295914482922033
1.81780239457625
1.8326559618712
1.772981337411
1.31868648096532
1.89752219097483
1.15636137305589
1.15719728330818
0.716130724181753
0.714440825639493
1.18419733783214
1.55494099781521
1.08665116750734
1.27537236947523
0.805321027843801
0.861485429994766
0.930974211853428
1.47119042508973
1.69031770944155
0.0133822725782311
-1.07195725887851
0.990620183331844
0.369520133494973
-0.139646457337698
0.901753800380255
0.0312370265664425
-0.829567051946794
-0.78741790115492
0.570237806337065
-0.861342880535014
0.121394081718007
-0.972282113851065
0.663404776595497
-0.705244963038722
-0.678115855813497
-1.21354395113736
-0.762570891314779
-0.893815789813396
-1.08142690013254
-0.324311140922748
-1.21767009872549
-1.30576602680371
-0.914933288252974
-0.767816038004968
-1.07569523880248
-1.50283583261232
0.678855864313431
1.36069523106984
1.51245721805296
0.195390636177967
0.780953255899247
-1.20653639857143
0.684766957136165
-0.455033087431746
0.662135849250858
0.0695657151932664
-1.47840699666579
-1.13113816465288
-0.572723446751304
1.07461945690936
-0.867848148007987
-0.999522082571318
-0.493373838251571
-0.895699246158604
-0.443031086828447
-0.610172553711956
-1.28016192445621
-0.331745074695701
-1.02527199095312
-1.22115833269893
-1.22462180061899
-0.072699712553075
-0.964647691339061
-1.26955769847606
-1.42062252791741
-1.36389165502911
-1.19453895855667
-0.9850547224316
-0.985173946127286
-0.242058111588487
-1.26541595241558
-1.27291968889346
-0.556995624732139
-0.486371017383
-1.10042129163693
-0.048745326023438
-0.646745220013776
0.275172338663289
-0.409245785402853
-1.53415293373795
-1.07883536921286
-1.21553617576783
0.141679482025617
-1.05898575860973
-0.542795117501339
-0.968057481284996
-1.14184915015885
1.38697492084687
-0.615824167155558
0.121800466155735
-0.265680053566799
-0.622100909372591
-0.0617083702443952
-0.776959961571215
-0.16286180940971
-1.11480638832611
-0.0948500544088214
-0.115766479483191
-0.615162389729138
0.418498913211975
-0.522762913566513
-0.241881299847173
0.0422193654447819
0.986961853201211
-0.0237499122555852
-0.467859031119223
0.597290748083832
-0.623032518798788
0.127016998857462
1.33296381799753
-0.205271411867638
-0.668148039949579
0.0228517530686737
-1.15236692936261
-1.17677692703552
-0.254000152000553
-0.606929556283892
-1.45912570011897
-1.53894961660879
0.0663906189817227
-1.36353607565994
-1.53362300829574
-1.07679839775804
-1.23796978105997
-1.14015447094219
-0.850767021452224
-1.41243500324217
-1.46399327348727
0.885284383233783
-0.752289633079343
-1.13285645438185
-1.16303128711585
-1.46426729999084
1.21774912544694
-1.46577534797297
-1.38649627236971
-0.455708107700427
-0.711064461157421
-1.53035545621085
0.138895235745351
-0.272747538710053
-1.31172125793513
-1.25487813649375
1.1562884797165
0.131299229813687
0.31355909800314
0.504275496201951
-0.372406512228678
0.952884975554399
0.211773567209707
-0.625538324538406
0.866506426174981
-0.302681552040936
-0.321716964072989
-1.08259937836427
