0.452258841415734
0.772555951464667
0.10219889781433
0.647699111202669
0.476673214622881
0.19895081435364
0.371070736581736
0.405369642279006
1.0733839077864
0.16269343113512
0.511104865947052
1.15507808985932
-0.316146468996234
-0.369037494205923
0.444914505819556
0.993783318616362
1.26103383768932
0.856163245749202
0.306514887126961
0.164805011122735
0.401753213285428
0.518766880332062
0.897673365944958
-0.109048904415446
-0.0794364991584312
-0.00719735035813929
-0.165264751262418
0.256642588345196
-0.17850490785572
-0.129702290411114
0.842008226776617
0.500960212064616
0.350647184938625
0.486053985059786
0.908235999684006
0.744849709744334
1.23308618678352
0.872549692540744
2.00485692213407
0.138557074909379
-0.685386848847007
-0.471942144203669
1.56067701019259
0.662625103243933
0.142077750152668
-0.867185690904387
0.558602965744584
0.673164633499239
1.29856308986561
0.294269642274685
-0.345528887293801
-0.251441256611951
1.15179665127682
0.988451843155807
0.828122232159983
1.61977160774841
1.38016931299391
1.4017867035633
0.528733748264671
1.06878117509589
1.06945140400875
1.36879206052655
0.269104416416303
0.519801194773466
0.75979769907381
0.901685977723976
1.42496568526114
-0.208578444996216
0.944553122109307
1.0964079725627
0.360963683915398
-0.116610932262345
1.00741304653091
-0.0064086828830915
1.32712089416282
1.73899557186681
0.834325119547543
-0.048896611871978
0.732447681969734
0.617188339438245
-0.96665410748055
-1.09646775310258
-0.61373556197687
0.560711254089498
-0.0525423892962399
-0.149485830036553
0.768454379701035
-1.06461422872612
-2.41219716486567
-2.60962100233141
-1.92431582655752
-1.1791833232247
-1.87312439043928
-1.11155823518804
-0.985977169968635
-1.04748330718682
-1.73400729750949
0.0546350344855152
-0.135150748357214
-1.5229931725912
0.226280157713284
-1.48858994667524
-0.808118018791334
0.250481502072533
-1.22104194380058
-2.22183890570894
-0.845578825112605
-0.404236708279626
-2.75411639069741
-1.16881296532492
-0.966605757731995
-1.74766874789315
-1.13512827155371
-1.81004202074718
-0.812540294638229
-0.133792889991835
-1.01572492600507
-2.19520192896151
-1.48124602906475
-1.41760521049769
-1.77752460438055
-1.34187673577792
0.163211998263364
1.45625241355109
0.891270386960285
0.0317663207462728
-0.26496253423135
0.788979248542835
0.167792497432177
-0.299314061651592
-0.272706116546032
0.230593126787764
-0.0568868364462275
-0.131397112427983
0.824401435200429
-0.15030386014367
-0.129709349929566
0.370000329320883
-0.922844152738679
-0.263789203433725
-0.138335947725117
0.849639894862267
-0.86141659121931
-0.821846496279273
0.456164146030736
0.79785047598428
0.696241864698903
1.01968132044431
0.392278688682518
0.356239764843391
-0.690114984180198
-0.690472330365137
0.353933514556372
-1.21134483359685
0.363574688559942
-0.505878931335848
-1.07257210761794
-0.705375372590166
-0.311773392896513
0.826895683523759
-0.836926042391261
-0.619008176188706
-0.901867360942424
-0.31485195521474
0.167249567621264
-0.266716068770138
0.667907934373148
1.05711737966972
0.138857024111333
-0.836364308362212
-0.81079786088234
-0.888847423189539
-1.27952207375682
-0.207764107224807
0.189920176927182
-0.590682934860682
-0.490666967874871
0.191397173293499
-1.11143570060201
-2.21212184057434
-0.671062289978946
-0.769901931535763
-1.44235175355483
-0.471990317796896
-0.312733642969247
-1.0527618264575
-0.00021533031587915
0.908680376465326
-0.544417620675735
-0.375789260227634
-0.919688018457359
0.635713600129924
-0.415272256867998
0.0521242659368919
-0.587301739265174
-0.76686823328848
-0.318911721837147
-0.337479094178317
-0.83439457246637
-0.478228134175496
0.0676123235912576
2.42161526952511
2.05723561688217
2.1522068591387
2.07078347260692
2.58987518432412
0.671404848452155
1.99581114923204
2.01299208725951
2.27839665463381
-0.396124592228821
-0.506724789007585
-1.21417702499082
