0.466350033773152
0.107711522058625
0.470866238931094
0.551445219434131
0.516756022771053
0.539856843929161
0.574653692137721
0.436990346210882
0.631880369744249
0.821925825837571
0.466647343959297
-0.19931215026037
0.513920121382823
0.413325829778834
0.396517539077012
0.489307737269178
0.545705696588964
0.426943683425229
0.435599300806935
0.0942175688449075
0.544239528930063
0.0853150193241409
-0.226395021875306
0.745529229989555
0.448846339972936
0.614884573684825
0.752595772117947
0.402450950555262
0.543746438173443
0.885702430187723
0.477932162157748
0.0975953242249253
0.463189490607683
0.421909721991258
0.593872214845112
0.368938201549359
0.472126236146937
-0.02444383248192
1.14635960175764
-0.426900877124543
-0.153391709683838
-0.2380352706248
-0.61742113263369
1.81922549284299
0.284800998128756
-0.344118538964712
0.783609518025299
0.0486864811309576
-0.151349619544372
-1.31687823990639
-0.301044383590821
1.06002482617515
0.813954407469527
0.500007362103828
0.314118825484564
0.0933487011447968
-0.784787722403618
-0.831714697329969
-1.3158575437106
-0.640117157751268
-0.268239722630022
-0.4545399834516
0.0379274959807102
-0.0380538315275926
-0.266551874410738
-0.584182378091571
-0.548572806283569
0.58223434658198
-2.07835529072781
-1.09419104494188
-2.45400174913562
-1.70720302457625
-0.945051845222326
-1.58450294131075
-1.3102641250734
-1.97910606348356
-1.36450379207065
-0.270638059348077
-1.47092308590582
-0.898380603722592
-0.452208618353666
-1.21204504503034
0.225271908235813
0.5729481085657
0.202845644389541
-0.800331067746362
-1.24041442342735
0.0896001595445121
-0.174814464078874
-0.394073527060035
-0.644814685280969
1.46460724077329
0.523176804043033
0.370317177689634
1.82680841359285
1.94773068227318
-0.00967352266379044
-0.697256428835609
0.906137946300291
1.25426931124482
0.970541052734516
1.08352927438047
1.37657785929466
-2.99061101787997
-0.367857456770444
1.70225173768628
-0.301896842995108
0.634099154713347
0.507458792985949
0.0415291111915083
-0.0397694587966348
-0.463843424722652
1.27505700839986
0.3140639055397
-2.3322583694182
-0.216552102353945
0.352498323509823
1.75212841724346
1.06657485147696
1.91203809916044
2.3387214749167
1.65742491922005
-0.842735627279879
-1.31906933025481
-1.2649565505842
-0.854008248981092
-0.341572367981363
-1.18941896555082
-0.552722564216164
0.579178438626508
-0.189562765092752
-0.785204838617817
-1.22116089861828
-1.16951120961398
-1.97957102041962
-0.0968816178661594
-1.09186709213639
-1.23026759061517
0.130029445918088
-0.691956203985378
-1.58578370274616
-1.18878850715809
-0.337328519229656
-1.27332200835144
0.704138052428461
0.337080334864968
1.2667448540985
0.523117817247712
0.42216845521651
-1.61717028391086
-1.37232273305828
-0.662601196278718
-0.209639751619098
-0.648228037152979
-0.223172054195118
-0.903672953533962
-0.333221857652636
-0.785834178091703
-0.0758396548592219
0.716134928186279
-0.770435691528263
-0.630927803223771
-0.536644820120185
-1.15626044773457
0.435040923086313
-0.800885926331022
0.494516199533075
0.287790215407954
-0.400738570796536
-0.573210062999186
-0.654229300812842
-0.0971131731405574
-0.490267992230133
0.134136304898368
0.0338861528161684
-0.547131007817525
0.184413406590257
0.592310746337826
-0.641045279652061
-3.73897356235474
-0.326124915592374
0.456895450445757
-0.288384810745356
-0.474518925158796
-0.0934646063061017
-0.329263533581949
0.869898414362806
0.242727099407124
-0.0836964843566853
-0.0579814643927261
-0.479939423955697
0.301667278640757
-0.00601387255852094
0.43394998571577
0.192321169666966
0.570513697426918
-0.101624654015933
0.270029861233255
0.338395207472743
-1.78229592143451
-0.808024579348613
2.83479054880149
0.980338435626372
1.61210088830938
1.99187293863149
1.77026427976288
1.97321193749082
2.5871575634717
1.56615001257343
2.98179312270226
0.613079888037834
0.769881933416916
0.264313740248477
