1.81411696564914
1.85107844534507
0.942200771408618
0.55066079079023
0.837223295468904
1.72041172610878
1.17772384942337
0.880797036230051
0.666483427889648
-1.23054251221595
0.114918417457746
2.14506479219768
1.32813069085298
1.22984744815487
1.59410227552814
1.9414932078293
1.87925475279685
0.873980220797383
1.94316581873691
1.86908731509374
1.19943463139326
1.4728595193905
2.16675201148813
0.455853607590357
0.716422775053461
-0.132361890141032
-0.659603623707851
1.34760709645286
0.311499224833595
-0.159896945594919
1.06183422267642
-0.142025087076552
2.0033444799677
2.11428189867762
2.14522868760656
1.28702659343447
0.339714685347959
0.115625129485561
1.21779846953258
0.473764399753312
-1.55420920633
0.551351483865359
1.68060801417831
0.567930279179034
-0.712903303804423
1.19056281661875
0.483942129895846
1.27172903791832
1.1798122185879
0.180629204780303
-0.298190872488121
-0.297390891856923
-0.227913766191567
0.413890432528677
-1.3758976642088
1.26674694674213
2.24572530403865
2.24935845024515
2.42441873868037
0.748696122371056
2.04713986011994
1.34101923741301
0.610079311198514
0.774505093910416
1.08636878999623
1.98816319590525
-0.0007161182409938
-0.984535814123722
1.07583449820462
1.14328598770449
1.36069510712013
-0.071814549630464
0.121065451364777
-0.550860154919948
-0.808249371995578
-0.989147308926895
0.270459196039476
-0.806136836405672
-0.114576729635888
-0.0943313972870659
0.526082159814338
0.598193999290021
-1.54618502874575
-1.07895767137869
-1.65007355635156
-0.319721900988519
0.0772946420208149
0.455800788053696
-1.01760882585392
-0.889972143398951
-0.504689940261314
0.808986499247207
0.459148901552282
-0.302427844111121
0.626678889580145
-0.500455900151131
-0.455026552582347
1.14903772679089
-0.208926925696604
0.51313574763103
-1.29666500087128
-1.28216987837519
-1.59103490482892
1.85138043524855
-0.493429253251504
-0.208545491043659
-0.876292042092267
-0.823347161694601
-1.2099740983522
0.356469323844438
-0.399323480970844
-0.176329374495557
0.29546729656668
0.226061717705389
-1.5517464463567
-0.348056782443711
-0.420290862286741
-0.0205048374575811
0.108929400476932
0.129341476933183
0.0439088462842195
-0.655781208262532
-0.901507335355463
-0.506853536412249
-0.3356120576632
-0.141310513188542
-1.43914195171822
-1.56298859741068
-0.711462891278284
-2.57677339406512
-2.04809753293785
-0.483785363776797
-0.387519096712433
-1.07695291647275
-0.831939742680953
-2.52804114928532
-1.20118466700054
-1.21105862915771
-0.438241575823178
-0.528258186728884
-0.906716449682747
-0.271431365579507
-0.339190932529018
-0.488624589389684
-0.979694733192827
-0.435846567387075
-0.0288425695257063
0.315965781857201
-0.211902108195777
-0.432098171975272
0.400023628545733
-0.515548289258284
0.234343257037098
0.0843875010623858
-0.580721560012947
-0.33803856503592
-0.747428746148539
-0.500225751403929
-0.0527403458872184
0.260698274045086
-0.372096853184623
-0.520359579744415
-0.375591392682195
0.30102817101382
-0.163411377117949
-0.479944473610624
-0.893419584503773
-0.566534470982593
-0.686226800903714
-1.07048250418673
-0.389543944277667
-1.22589765413538
-0.889028098582863
-0.835622195385828
0.535930225939901
-1.00734277968234
0.0629441847092774
0.00806099545951186
-0.0678679854996324
-1.15322605816535
-0.212528902922389
-0.0759714961919564
-1.46175521907045
0.229484703364409
-0.421363940337943
-0.729880105735065
0.0165304856008555
0.049715659587245
-0.0217955920512179
-0.145849060869958
-0.544262620454094
0.11748577979505
-0.921684100984432
0.0288704777338358
-0.724671167063579
-0.347932861598481
-0.0217319480622972
0.293321569826993
-0.571093287000049
-0.181307787981727
-0.326031329930141
-0.789323509057953
-0.894365249270098
-0.689528512896703
-1.33611930586158
-0.79115211395263
-1.77536913503245
-1.66011878540364
-1.39302996111171
-0.464659855848877
0.183962371023205
0.409745181101264
0.155520953500065
