1.09752413022827
0.0555943717174866
1.04562004082815
1.16479984176394
0.838283095662365
1.01151576546186
0.989241136531474
1.22301159615719
-1.11011510976746
0.176369483488625
0.961304335364799
0.674245781895142
0.915972097930851
1.08778325483473
1.1267199005048
1.19317404836433
1.21755041901099
0.85891518245951
0.851128804974826
1.16786587628951
1.16567374483388
1.27469263898453
0.519887804269062
1.08598612925783
1.0220825776812
0.990535920965762
0.969655741961515
1.09768209765417
0.873606527773123
1.17591757250926
0.559070644426636
1.15889818441001
1.40481384288983
1.24143405470182
1.38470818262009
0.74164923066348
0.44352530247669
0.831751393799834
1.82158865070806
0.258258081714656
-0.237496773778816
0.00396873069237726
0.724488176108633
0.621760724372403
0.404373513278709
-0.10702722909317
0.37301405925201
-0.0166053333696904
0.557497595301907
0.314169738414664
0.257193738426801
1.24821377431234
1.89006340941775
0.505304334474503
-0.128241793349553
0.629730319919564
0.376734923464613
0.556583122349102
0.059911175538753
0.841783550054051
0.723365771241196
0.889960513806215
0.613976925917299
0.625644569210354
0.019610107211662
0.612934678583373
1.56055676276119
0.329451927407128
0.668773339487218
0.556944693667358
0.197494920450979
0.251012600812142
0.391930245813794
-0.357315029748557
-0.235669989043373
0.319311590578891
0.819882400618572
-0.220644067432073
-1.0013356190268
0.276384616401266
-1.55478854383902
-2.91328952382207
-0.0412996670983689
-0.055115842204921
-0.273923616993839
-0.261970683128868
-0.730081295392482
-0.175649740440089
-0.557609118030803
-0.384565663619417
-0.545691201964914
-0.487882212637745
0.263266915834921
0.240965988854743
0.0739583739860268
1.1209292848448
-0.134678240518706
0.439137827103742
-0.710765362497602
-0.029855213955954
0.63682997178326
-0.934736086667468
-0.287465687592593
0.0735543892182546
0.18975197256658
-0.393788618753458
-1.3675508313933
-0.0997135795381409
0.0350114847996933
0.517839877502316
0.42089433559644
0.314007455136692
-0.946214394652224
0.271516768881124
-0.188119317186928
0.629792493666294
-0.774211950565742
-0.388064984247616
-0.098129667051585
-0.284860461192197
0.00797769019149036
-0.015536564015295
0.480195703160122
0.663331198537716
1.06979562562606
-0.587668006280227
-0.206356036054152
0.392944866137681
0.177513487126697
0.837647931559956
0.402194851742508
0.418706087067409
0.824856456286423
0.0555689591637931
0.693721214558597
0.274269194948657
-1.59764632506875
-0.613042431729987
-0.978521191799405
0.455787213759346
-2.83608462433576
0.882600658446022
-0.343325312538783
-1.57001591348024
-0.565081929802189
0.648732878869558
0.487355103657301
0.582266462820191
-0.512456337354003
-0.551309668592517
0.628341415078031
-0.936980285737348
-0.00629950959704366
0.142595356570265
0.387822936562928
-0.962226612107791
-0.747319406076596
-1.14988996827887
0.471922288965599
0.897357719001051
-1.25425758245613
-1.87055117203638
-0.297562163215325
-0.846137997491305
0.175833832677044
-1.85384903455588
-0.453086397547153
0.316811321835393
-0.229347420432233
-1.39541163346413
-1.14823326932845
-2.03933638085832
-3.57708774585529
-0.736976003223851
0.451043438204895
-1.68701638338352
-1.01631513298536
-0.678615237660581
-1.27932363353729
-3.08086665260692
-0.952463673172937
-1.43205079303083
-2.43024938008298
-1.31337420600408
-0.413394101882786
-0.966366315033056
0.158687977861892
-0.0441417345534916
-0.925593493336163
-1.53827310153381
-2.15904152242488
-0.554593344403781
-2.71200347183044
-1.05345873396346
-0.615931174524605
-0.961099652196192
-1.15185588257175
-0.787979746423924
-2.20463474289737
-2.26666306902275
-1.14854504407749
1.94877713753333
1.07696557455572
1.45370868108879
0.670510154193861
0.0396155183600055
1.21998825297221
0.946009056791593
1.2412505922806
1.09643566929915
-0.264147678348368
-0.688752696440603
-1.56384371354518
