1.35236574752504
1.14160466451756
1.36748676724299
1.20990610913868
1.28052734944823
1.36996511971098
1.25702706355749
1.2478405394146
1.25340922779781
1.00301737500346
1.35869495007477
1.21356541022944
1.42789467131945
1.42962161319325
1.32917629773436
1.26101645098973
1.41258679413594
1.08091476349069
1.16845697927184
1.60467407086118
1.57054635320088
1.28214872641118
0.903421251954878
1.33921004673871
1.40675943349306
1.33000848921707
1.16677577695531
1.43821987413798
1.36441859196455
1.29192792662479
1.48530870148177
1.26479627108993
1.60289003237673
1.64920868157544
1.61722920534544
1.56674019562117
1.54157787729304
1.44394996104336
1.17985030413559
1.02921988367512
0.44957312203149
0.730648365896936
1.10624922361113
0.864858366154558
0.771816356606567
0.717207968514502
1.03467799496514
1.02812788938774
0.988412617138515
0.98993185248605
0.912779091786129
1.07174490718401
1.131321183789
0.990147152864554
0.849186200832113
0.925365652209307
0.963960050742216
0.966557587941868
0.971119472837899
0.755649393503868
1.12963941699571
0.880422133248516
1.2243692438721
0.992202378873419
0.885362600744541
1.20387215122221
1.01879666246224
0.542586984982577
1.04170993260138
0.577088231321288
1.26440448621181
0.614822195193343
0.64557926976094
0.721595954417698
0.750817205272093
0.967209056543105
0.583329221960629
0.923675593082144
0.626621573754309
0.638454602755036
0.490462669091663
-0.341582730906442
0.586278417577958
-0.27801872629822
0.317582740462805
0.740604370310232
-0.0620516038077769
0.182345177347962
-0.449589771134575
-0.10484103414855
0.332811243078622
-0.884901484034841
-0.38241561182052
-0.661996786040194
0.222551148401616
0.675290349125122
0.0879633009377576
0.513738470261993
0.371255901160733
-0.389748114444082
-0.0419858344193594
-0.771657935018541
-0.184114906439393
0.244957373705242
-0.423912740229945
-1.45910914371414
-1.09367470410767
-0.223788394255044
-0.736221214105678
-0.987907368306427
-0.991899404347634
-0.567969284879951
-0.0455840655694525
0.0207333521327677
-0.656765047787852
0.170602163323722
-1.13491915904506
-0.928299553923514
-0.469157780312688
-0.94241064717
-1.70393454879718
-0.224674417461735
-0.628225615186218
-0.305909854309737
-0.536265447886496
-0.780944813408833
0.262535738910113
-1.18413518163042
-0.845139585051882
-0.856541625069553
-0.750211035829099
-0.196379125116257
-0.38191341492537
-0.837725546798537
-0.432619107371934
-1.44611477653912
-1.09857690614916
-0.997479179251021
-1.77559132908066
-0.563142349944161
-0.508439361322457
-0.272391532991674
0.19555197118304
-1.31244306410308
-0.762526672648491
-1.29092839391783
-0.0554452349654089
0.106457900842081
0.0205716556346172
-0.861927806003452
0.196764370013242
-1.21812146915075
0.873809136056983
-1.2094337173117
-0.921068405616734
-1.41413493416546
-1.30766155891333
-1.06742663647329
-0.429392861649761
0.453182458963992
-1.38877246363576
-0.885231110291913
-0.914662623966596
-1.43894853809756
-1.44759935249853
-1.10084623074967
-1.18265078412502
-1.37480492202364
-0.768024945406586
-0.970548806201986
-1.01824705437294
-1.48386085011698
-1.23961363678347
-1.29703728131642
-0.553123206238842
-1.5772193568361
-0.4861978688033
-0.95366942590495
-1.12586844156383
-0.201206934911841
-1.19134393101332
-1.05008826885206
-0.90699645293673
-0.423181807716466
-0.796417012491173
-1.28706090590416
-0.889615745069015
-0.262198651637176
-1.01534925608747
-2.03181656128121
-0.411471898190416
-1.14532321087197
-1.10108704259138
-0.692922490805873
-0.933377801602352
-1.39071272301065
-1.40901006189153
-0.959619950331773
-1.63588855431543
-0.986074849125111
-1.34413150313028
-0.389860652972708
-0.584529188010054
-0.505561041508907
-0.934788236767393
-0.504649678037379
-0.0412966441677774
-1.16440518697471
-1.46423316417077
-0.481616503392022
-0.936921606161573
-1.05254322767382
-1.03828660542752
