-0.241305837506193
-0.551118046741038
-0.0529023331133528
0.0250064927405719
-0.13621649335648
-0.425377533547533
-0.144622468192587
0.129083981098972
0.0979097039759507
0.334659858477052
0.0647816131535069
0.220293680639614
-0.745663554084649
-0.311189071915232
-0.641992315585396
0.705236427503276
0.130645448546945
0.0804046625150314
0.485179580075883
-0.47429962901723
-0.256417839267501
-0.478908743561147
-0.541012028967141
-1.60034638497758
-0.87441635273711
-1.74930015012447
-1.58979777486633
-0.971076583812164
-1.41345352255267
-0.863153043590437
0.60011236897673
0.141059324471305
-0.578108548538907
-0.294599559766064
0.089740937461263
-0.707664570675237
-0.216341539383935
-0.657667963072646
0.729673534858971
0.0274956421608317
-0.596681436977401
0.746367791781357
0.66025374039181
0.802595583795054
0.126588829144009
-0.0258023998114037
0.0753840323603408
0.766219591703445
0.684351156174523
-0.236460358712801
-1.08914771539374
0.548206252971598
0.975161944938693
0.195107365746842
-1.00475554432829
-0.311910178343709
-0.301009003272415
-0.653391418305263
-0.64658956009941
0.614678142838689
1.05567969837815
1.32817363967043
-0.511663901739951
0.236469745339395
1.00757405877009
0.967840724394719
1.59501696801603
1.03309427176764
0.9493677280593
1.48323427063211
-0.378227962844756
0.684175001067355
1.43613977491673
0.21978844659687
1.0501150749651
1.04895952848238
1.30756980167794
0.180547106158728
0.106345433683257
1.18809239706359
-0.540730962951863
-0.755013196871088
0.827081824426579
0.817922062629544
0.739256936003122
0.65506846290862
0.905519342026654
-0.809778628971539
-2.0971130644617
-1.55182374371401
-2.7096536445812
-1.64555822548689
-0.333844280453116
0.363005701869719
-1.96794934592202
-0.91858141541304
0.378968334703368
0.606936578818056
-0.512513413952277
-1.15285520017632
-0.300782553642657
0.496681197130887
0.209265263652547
1.0015245616838
0.207649958163441
-1.72045075819204
0.383679093781997
0.78519020056102
0.0226990630487096
0.917437637462206
0.898385068504562
-0.656988610206937
-1.37017807628205
-0.00560186311363965
1.24357574177067
1.34021894146527
0.911150800394295
-2.68246682564429
0.192203284636715
-1.62206604570457
-2.41616636943117
-0.172132750139101
1.37543139373767
1.37813804748754
1.50390185770181
1.02186982089175
0.980952634158921
1.52978759671901
0.847478478791518
1.65922421783153
1.48490415640228
1.20807475401806
1.13343623184765
1.54060814511017
1.51961346328536
1.59011668079986
0.604551971871529
1.411644486942
0.0540357892211104
0.958989490207945
0.344186907869781
1.44958561962067
0.0155162293589251
0.548713697309345
0.895946199100934
1.33642809824003
0.375316634576351
0.946607093168394
0.200286524676956
0.359291706953236
1.11167013415612
0.351843123950469
0.444775290665802
0.398734225729143
1.06254717988223
0.602748594653858
-0.313129791355755
0.458499718384186
0.827171526353097
0.75786924902865
-0.0731922479068497
-0.575015958852892
0.629433442786414
0.756918106884254
0.768727758792668
-0.0417558300192611
0.99372636193784
1.0041464627057
-0.188260876095893
-0.0207947502042349
0.24847235227298
-0.860864588494046
-2.38592487512527
0.673579447451768
0.0155287105930318
-0.0538342227273895
0.191292436480784
-1.80766911039044
0.153055029124985
-1.20439233243126
0.159463213106548
-0.392007842625851
-0.81826265666906
-0.183632393505184
0.618283450615878
0.135502155746421
0.259420510199332
0.853062126179018
0.255550421746128
-0.59854659754708
-0.693852436022126
0.129474514915458
0.318449253714103
0.322185742560053
-0.178927431779184
-0.322042550250811
-0.184260463516834
-0.155859913997156
-3.16771462643032
-1.05747547171094
-0.37978128970798
-1.5126742911162
-1.84441932940516
-2.03849210078461
-2.09452919369446
-0.245390600296362
-2.83376703618591
-1.89809893469108
-1.85011566122737
-1.97002285597281
-1.09605267267744
-1.42579492797391
-0.933173676816383
