-0.408242244887145
-0.163778108252766
0.39424859811824
1.54188418920439
0.132071496829182
1.40524365754118
1.36709932988902
1.62180975459162
1.2549823712088
0.202367303492
1.04541575023219
-0.401602910285096
0.146027195920682
0.191039867322815
-0.414867307545389
-0.993606693785342
-0.261255719349125
1.9428594485264
-0.814879396965285
0.397310645429268
-0.306135912934458
-0.169714836440819
0.140948933822731
0.976328673986093
0.534680497514825
0.466207432484841
0.843113326667177
0.579823197112657
0.422043252798407
1.50164176706478
1.13614090004128
1.6888414952598
1.01877310573387
0.155743568513298
1.74260148009247
-0.517440124840662
-0.919844683091671
-0.261211151945547
0.31220945840604
-0.335697752004543
-0.855280926947442
-0.678606375815672
-0.0850591772877267
-0.068049404740681
-0.237246379223162
-0.404445007241944
0.831147946735577
1.22590112684509
0.146745039170342
0.849349179484713
0.779648853823901
0.722821298762733
0.147843153479042
1.67061689193062
0.665338809314665
0.00552485600595305
-0.229068216188654
-0.350219264127646
-0.193283631864945
1.27226345085254
0.362851551768101
-0.315961106874985
1.02686304630164
0.946367135401991
0.97850711154956
1.56393886916557
-1.04839629721896
0.518571330372486
-0.405088192458986
-0.780695109024597
0.270317623944694
-0.414499054342241
-0.363486288078846
-1.04549734504352
-0.0333867091346084
-2.47193766401824
-0.285134159607352
-0.152956668119493
-0.354656004781495
-1.60746920874472
0.670462173501475
0.177822194006847
0.157662005459258
-0.742029143440552
-0.0854314069056791
-0.592465417813452
-1.72497226446659
0.542788448513963
-2.14669776079035
-1.53203641308987
0.518102415735819
0.217967819478473
-2.03513692446173
-2.17500414645677
0.328586914603118
0.258972301947749
0.442330981248651
-0.498977855665581
-0.00267309620567064
-0.965443710479654
-0.166761377238077
0.16618839419903
0.18912865668449
-0.455914197821286
-0.509055840507395
0.340869310221135
-1.05828356290678
0.731869432221647
-1.80011761877842
-1.82798997062958
-1.55885364014634
-2.06084526256166
0.260482215430223
-1.55652460929853
-2.38723890227776
-1.43750192362324
0.22514374633386
-0.121378739048475
-1.38473457485575
0.277697654847875
0.0165304621877043
-0.2205051051109
-1.64771847677728
-2.00991121829968
-1.96638083052333
-0.494973834333082
-0.194339868276977
-1.34098594976496
-1.41184980605389
-0.546832510204995
-0.475147396594272
-0.454482221859967
-1.35223879631907
-2.09064359532346
-1.99681868980142
-2.13801373340939
-1.20725984295062
-1.59948795740977
-0.482504970962817
-0.788454408833576
0.319253474994747
-1.39761233090052
-0.120317321126831
-1.5897396288913
0.606732957152522
-0.148053388364515
0.319467635253003
0.149979739197493
0.20593977615756
-0.31220815764529
-0.985685729053712
-0.326715540945587
0.428523390735738
-1.17142580502561
-0.834818390713848
0.481549202512346
-0.505214035108044
0.00548200395122289
-0.161901946711951
0.441387493251706
0.206435791009479
0.284693933556517
-0.126755308049371
-1.64607382399698
-0.718074750505669
-0.0247615873191856
0.976657845538933
-0.217605300608153
-0.0914596456378735
0.779207834415751
0.724844200519526
0.164351712323172
0.666206576105305
1.50942708651789
0.244831273911892
1.40676835991611
2.62935612366013
0.242931587428814
0.826328696091506
0.294249248256077
1.62329457386523
1.77218527044662
1.50760440979096
0.374185330980303
1.95053391477771
1.18524685004184
0.683446667354726
1.46431298986785
1.62228673680276
-0.519326153568079
1.41043870368859
-0.311147162267713
-0.626968959226578
1.85045358972511
1.08651900771702
1.1598098110071
0.696264662880682
1.42524146442642
-1.01644124849969
1.71160984291214
-0.139415888110194
0.549566190693087
-0.0153223983365166
0.0136085946041056
0.0459471195420951
1.41308927855014
-0.109871862924941
0.678201194084951
0.0730753391354291
-0.0358102129092324
0.498766682949667
0.462687907101472
0.904382007201753
