-1.16550738400382
-1.58743719264986
-0.621617098217513
-1.10291088873143
-0.639008191882621
-0.765825837078155
-0.857529419337893
-1.07685121840052
-0.629495212978373
0.854229139767215
-0.886971209438539
-0.411701341152636
-0.762390752544779
-0.515423010426828
0.119526195602047
-0.108111629484021
0.289620598246803
-0.658435347429578
-0.633889658245413
-0.844225047723532
-0.465337182757332
-0.414613468485458
-0.453639157628059
-0.824088332324257
-1.24839520846589
-0.891380843373157
-1.09218708745972
-1.19828271769691
-1.11712484380983
-0.764584719698966
-0.556649940699119
-1.40611175636135
-0.629088278130909
-1.14251749016131
0.0276825205514112
-0.653513346003473
-0.00899306201651708
-0.479039750725388
-0.796281603668499
0.616943913642514
-0.475856801608727
-0.390412257572785
-0.297547224923108
1.18971838598019
0.450488593153676
-0.0100964219880255
-0.329534825257408
-1.8705712285415
0.456994835793491
-0.864522422334716
-1.5030036061383
-0.534179831147618
0.138261848128083
-0.248213028752064
-0.0731979000524768
-0.893495808345022
-0.684197968947127
-1.12990168858651
-0.697836149500071
-1.70962740627217
0.0639180547598808
0.686266972636837
-1.29761950415118
-0.513853107713028
-0.838764896179553
-0.837619458742373
-0.140753784343633
0.622868003152194
-1.44807704366133
0.170783079479501
-1.30029297113689
-0.98815379628133
0.977921643026738
-1.61706724019894
-0.630499868238669
1.0143204834785
0.87441318274013
-0.443851517564675
-0.54662018928088
1.77913130730577
-0.619503795961138
0.180012321232931
0.0919037350434765
0.740787823252021
0.594449552931878
0.0763361976702171
-0.420987450923318
1.23632675278417
1.2508739544787
0.832599355495631
1.06111210936662
0.845767161329675
1.48976228030856
0.372273365805902
-0.305052857194264
-1.1484459435146
-1.36585940386201
0.641793214662221
-1.26289066363763
0.831050472204952
-0.603385476706383
-1.62922668245791
-0.823422129664347
0.529090303732915
-0.402664588584707
-0.97526055564057
-1.48992088710559
-0.659906577062294
1.59044982210993
1.42466486589125
0.717819742084413
2.07300154165007
-0.219210824074615
1.19970825477791
-0.375817504756167
-0.0242030214808754
0.103295273593067
0.176123929049633
-0.00339001150460438
-0.969249547386596
-0.770556421713658
0.00818473158093167
2.07069256794774
2.3489227861692
2.20161402024594
1.5857049470621
1.07570195403686
0.928886390299651
1.14488780294972
2.92506330316295
2.51144904835285
0.205513345171032
1.43519736699305
1.77066725143331
2.45866761825452
2.87156133244228
1.57516820664302
1.72296061703106
-0.232634802942789
-0.186493614531287
1.83488454224762
2.05848894035146
-1.31833391534598
-0.201110314822357
-0.277640941247929
0.703004698730073
-0.749466365271519
-0.475996877707818
-0.126522756315267
-0.905990850291206
-0.43165909856165
-0.755856501444569
-0.358524910864113
-1.69469098182823
0.158957473272111
0.00477413507668202
-1.31610376503902
-1.51001463372795
-0.762661367641715
-0.00261584265782888
-1.13495276596816
-1.00649775065671
-0.776962421188506
0.339592516327328
0.692011555216905
-0.196871835142993
0.985038003674981
1.97985933696593
-0.303550628131397
1.03184946213901
0.488747895298796
0.640715856892687
0.604633365210974
1.54979134139162
0.073687048158723
1.20138202993447
-0.347032964401757
0.397657916976954
-0.648774191167962
1.11653925558015
0.119074991074078
1.26680749093201
0.00097164014213842
0.69728261438652
-0.157710742657255
-0.0069814553456919
1.78516649387259
1.61813438239406
0.983439582077612
-0.41427611598119
0.842475059114841
0.296223248906231
0.474029617573528
0.528665481857325
0.150417004562456
-0.67476906403854
0.0676935993592626
1.14799321640163
0.510182199245424
0.68038011568561
1.01689469303037
-0.804548038023373
-0.189704033331933
-0.723201665258716
0.444851744627958
-0.145503321999908
-0.025848737675831
-1.13844102836787
-1.48208722388356
-0.37774887381707
-0.159204952192761
-0.0339117822100854
0.12294602619808
