1.62399140948008
1.44474616990587
1.18747555349668
0.225525025996949
-0.67462598831022
0.210420194913683
0.308859925116047
0.793695204599805
1.30627517922512
1.60507371558173
-0.485263594687531
1.04362309692326
0.653730989853174
1.76887974909942
2.181765668914
1.73177724391726
2.41472930201794
1.20943087588057
-0.124238391203929
0.728925682802267
0.227657703305731
1.04295463784456
1.56970597863462
0.0406528043807029
0.597623419622181
-0.309495388521418
-0.535209513411562
0.636560927129903
0.267665498830504
-0.611197878798871
0.861855895230599
-0.189566579920373
1.08456589982406
0.782679038362596
0.344979981656116
0.325769268834951
0.653738673498937
1.19746825513432
1.86345754882195
1.70833915473284
2.70483312443712
0.168829185487463
0.103799420503792
0.436780422308491
1.03613792571546
2.22745673404974
1.19413117285939
1.48546876050418
1.173085153435
0.832507407025502
0.462491407570063
1.27096246329041
2.08015745407403
1.31728961229094
0.959225429424223
0.42444151979522
0.62013877627498
-0.0985770760668461
0.377612725558197
0.53328550382201
-1.15964091630259
0.0261195179457269
-0.139340767934772
0.280004336229877
0.328834829785149
0.26453622826764
0.140684111709022
0.15408279007279
-0.537301277811031
-1.20951554644576
0.374031596166843
-1.0176416416035
-0.90026267799246
0.24023661427838
0.0508730491185177
-0.52397096084314
-0.619960457980402
1.14401495610066
-0.25508943247208
-1.34639899202732
-1.17568423715002
-1.32984254615718
-1.34048549444558
-0.464929303185956
-1.33530552961008
-0.752267966384771
-1.00812262971876
-0.0830916260169151
-0.936980020959528
-1.31533017633027
0.620056469893065
0.631137247061962
-1.34972086536658
-1.39271192956676
0.290341622828319
0.973660533141639
0.533874171827491
0.994260908521735
1.43617494736601
-0.23186762986401
1.89075865683841
1.1850097548642
0.853215969298764
0.830871425322429
0.412895738265745
-0.663429202480067
1.05205834580067
0.676754585538666
-1.10082700393458
-1.05898308358041
-1.22906847802731
-1.40332624377535
-0.512452777517503
-1.13318376931633
-1.40476971363605
-1.32678970779357
1.3142032903435
0.703378092215601
0.216582848095748
-0.803649929399396
-0.756031359146529
0.302429099340728
-1.384511500673
-1.07430942477934
-0.602158429536808
-0.884780783258015
-1.28466479211869
-1.27744547152674
-1.04343668846263
-1.10671934124292
-0.444341502416717
-0.178536652804309
-0.388425857449475
-1.34412143013838
-0.730278519342063
-1.4084132986051
-1.28570468037997
-1.41536863934269
-1.04112293820626
-1.32530825363244
-1.25463204418589
-0.876464182279164
0.485669910732171
-1.27400093262605
-0.688663471322371
-0.287008019901609
-0.0905112073970858
1.25578652479711
0.125462826036942
-1.05319675413274
1.18331635520728
-0.00496810660706689
0.722155822246021
-0.892159532175948
-0.595112109418598
-0.382370439106327
-0.540692758336002
-0.237492804330362
0.492464966017621
1.63275384192546
-0.334081439852205
0.144132783711733
-0.825830885513927
-0.543148286904239
-1.30119278248378
-0.39023502188674
-0.764928215921259
-0.654545452407568
-0.129211771177603
-0.365544900574197
-0.769365063973523
-1.06864798612564
-0.505966882591592
-1.34142680841386
-1.11434352518528
-0.844836019616215
-1.15590754797945
0.171645322289288
-0.321421315416969
-0.147869688209403
-0.566914491417297
-0.708075398451885
-1.31107362565909
-1.17984806778813
-0.239545127583515
-0.742573020074916
-0.527407466878931
0.451409898230959
-0.822087850346019
-0.241615464042823
-1.22945556075811
0.0659283703908628
-1.11414620983928
-1.12789125584632
-0.238735786789902
-0.545368329896175
-1.37039978319864
-1.22327693221346
0.0633755005018412
-1.34689410329594
-0.252482390987274
1.08588085567978
0.117463322124041
2.08294002621966
1.36275693471662
0.799776321119091
1.61631271520093
2.26541153373113
0.0894027289942867
1.81870630022317
-0.732820064911129
0.634781192901187
-0.299666265586744
