1.33437288441844
1.21522809319904
1.14581915003154
1.62127736381382
1.27135555095607
1.05006929919304
0.168254862708996
0.533614917515937
1.3164917549972
0.110261355584376
1.06894427135418
1.39001007449804
1.08267705248501
0.878752856894858
1.18971308930787
1.06110246869489
1.49424446554347
0.981045139986267
1.25170532444973
1.23797095326144
1.12683734037424
0.941395888253069
0.42491681569805
0.796475521358656
1.04524305001379
0.857261500048245
0.823211669703546
0.930515262539497
1.00882429281886
1.11298620626504
1.35995464430032
1.28118123583168
1.13214202920976
1.22704271847416
1.40504154059156
0.926904550641756
0.746100190958086
0.740705970151578
1.78501278808196
0.883692337049742
0.67969601572464
0.307253738110584
1.41127920449132
0.711149923862076
1.19111865233263
0.121679498238862
0.932422531546554
0.431747082350981
1.45223295274617
0.644709898007099
0.457293275395045
0.504617994152099
0.521491856038311
1.28154991932362
0.17719874014715
0.404236022555089
0.27555562512508
0.10325037688893
0.265943780137066
0.467670161903544
0.123938450722908
0.88030720713879
0.731078201357398
0.847274278280904
0.402587611883874
0.876815805988236
1.14578577208987
0.70824697956209
0.553407999778727
-0.0323219635749568
0.156264482810284
0.117447027372639
0.250427537980135
0.805026692827146
0.541497676106474
0.841373895006826
0.888954872958911
-0.0576945753322281
0.340374220828404
0.325427998767794
-0.0420237405754468
-0.451551237151163
-0.0381953338408792
-0.983839234271405
0.153861035987988
-0.0336250569654383
-0.470083865240913
0.251705999828455
0.310780687898935
0.826360798845032
-0.224746190170863
-0.217088634473557
0.952115945314249
-0.459326476977731
-0.277262973246659
-0.0283689041438363
-0.461703631035959
0.926233010785672
-0.855423694121879
0.791617424458499
-1.24423994508159
-0.59880873083551
-0.483617222633869
-0.0110478951901335
0.292531746411762
-1.24247670489065
-1.93650191293964
-0.292856697559545
0.590123997826707
-1.47202850121467
-0.296844678834455
0.628930167256314
-0.771973292520151
1.79397343175426
-1.59950077448133
1.30794037634182
-0.939175085331626
-0.57902557654001
0.562524922061949
-0.721137762045219
-1.38893431722123
0.752198958180836
1.24195410173312
-1.48974836549022
0.618604229759661
-0.299599459264771
0.436381970873409
-0.884823160745713
0.384607379811059
0.837848611009604
0.714772941294121
0.333187800642005
1.25676812769085
-0.773562481242771
0.0723140084781761
-1.99825776832715
0.612662068937941
-1.44562321669676
-0.745155344323842
0.411788353105985
-0.752589856019083
0.623335664975477
-1.25767120291961
-3.65933040463761
-0.864599414542658
-1.41528932072471
-0.809452990457053
0.126423995050278
-1.2250164404378
-1.66640152718734
0.00642041339037185
-0.577894851565902
-0.833462555190833
0.431747082350981
-0.608385271412554
-1.06487873030066
-0.466484159832248
-0.792170299148081
-0.735306943056556
0.165164775864154
-0.82190490575994
-0.762917147175721
0.135989956297501
-2.84542527520088
-1.94996599097029
-1.31611096421183
-0.287156691411796
-0.294126563593829
-1.25734118878538
-0.482564614530277
-0.566819150216319
-1.59067539679644
-3.18897024583369
-0.236030820740921
-0.795762349262706
-1.10667515789053
-0.213767576509394
-0.570231131215328
-0.286006305824782
-0.121944914831495
-0.967026642405931
0.364282168004416
-1.93985755625873
0.0280250077492772
-1.59904425271505
-0.130957286019148
0.271608901835629
0.481106909719139
-0.778858690936873
-0.836053179691894
-1.11803211728771
-0.814402193982865
-3.58019507908023
0.261029560225794
-1.91555798926725
-1.57786339002963
-1.72629092177253
0.0474555030897948
-1.20749509008344
-1.13382167944701
-0.839364861662823
-0.57418208815429
-0.265702254707355
0.257494243780476
-0.741127003840471
0.439201981532219
-0.543280297676356
-0.772200950161122
-0.464610945276658
-0.351855594481579
0.0641108258857633
-0.57121768077373
0.118646980604946
