1.55151816694951
1.76245055965724
1.73629162929301
1.11490088823295
1.66274426414692
1.10546523829366
0.706558288008011
0.804516255863224
1.32568968464993
1.08092366853306
1.46263004028408
1.93844787901394
1.7729988876939
1.5323721138162
1.88973429737126
1.64753001353282
1.67515899034381
0.642140998473319
1.53949280185096
1.50927907276059
1.75556786343624
1.33439302628834
1.29689065814069
1.56573277889721
1.56668338880572
1.65137227842889
1.50390664031502
1.47519848443583
1.6625299056759
1.43321337104376
1.32166201209313
1.11406465480417
1.66526146695157
1.60532451306108
1.55280199197287
1.24846874585191
1.45900648037595
1.14108405107014
2.0323113161626
0.994686592436197
-1.20134900779505
-0.674382064461186
2.21129907291054
0.199747762632627
-2.06066659489961
-0.805625536127063
0.813598932263657
0.348094938851042
1.55485250166903
0.581172157592154
0.60454085554705
0.840940999735967
0.896919678190113
1.13568356881685
0.578671562801731
0.760747319953319
0.759071970167035
0.752670377167634
0.908655506607519
0.621197794803192
0.433213388397971
0.515812319825977
1.28746486101308
1.27276778418332
0.789668111979666
0.405949860741314
0.219848430695462
-0.758362062692964
1.36408933783082
-0.372092471356952
0.962120420538657
-0.539944863978163
0.288538259457183
0.514820144552426
1.00792055118441
-0.397524876535333
-0.978707913889853
0.17143756656841
-0.586479745564862
0.179857705441321
-1.0693894582708
-1.56612184508195
0.72954551567055
-0.638880803319521
0.524778755662752
0.249385625940658
-0.969240147983877
-0.659162147128614
-0.156004546987861
-0.148522905151675
-0.0974378409396473
-0.266205331652573
-0.581378636985738
-0.609644134304074
0.110799570085531
-0.575909693350535
-0.463014100861985
0.147898147475659
1.04652650399565
-0.423431769982952
-0.976732414028306
-0.277090585687245
-0.769836920410753
0.33362627645445
-0.688630729143718
-0.180757129369445
-0.14717787577654
-0.680870157750724
-1.07223230006765
-0.675336603522563
-0.648965656248325
-0.718284289699755
-0.478813168040571
-0.496044208250297
-0.821545223011038
-0.652911496306263
-0.271183230821573
-0.313422777582521
-0.444805886208602
-0.889757618279911
-0.82954913938284
-0.624084979317411
-0.737847477125384
-1.44521867625542
-1.16826870843301
-0.308176806139029
0.0926028170721912
-1.13955318903066
-0.953928138206648
-0.839655644563004
-0.593433433930002
-0.810914479687908
-0.821040218997734
-1.07411902755186
-0.552401850995411
-1.1170130120821
-0.946759382067799
-1.02474738288894
-0.290737713327485
-0.716175692232694
-0.823823083263902
-1.0520498701208
1.04735435377726
-1.56783009469336
0.101588448228381
-0.572764078651935
0.48015256500986
0.254668375108106
0.277730522741576
-0.976587047863335
0.385844535212138
-0.12317068043579
1.07158017107687
-0.735214426160699
-0.544476221932156
-0.0291427297926867
-0.502643823486583
-0.269432362242733
0.290565278355924
0.643187274623735
-0.27391460981642
-0.558220691517429
-0.44115532778271
-1.20437123306883
-1.20038042755765
-0.922416334975989
-0.536471556351883
-0.966013066826527
-2.2289310540989
-0.401817962497381
-0.972583337477939
-0.128595185756705
-1.66863196983693
-0.288838965034576
-1.53583568483791
0.265241465242424
-0.0905199412406659
-1.06988962301155
-0.319649394893811
-2.44817961713142
-0.104427897289889
-0.133988056898353
-0.902210357690601
-2.49614968566546
0.00427413513556966
0.0763867144860848
-0.409185052301098
-0.166516589866714
0.0638370401022562
-0.903551750056873
-0.805582287104544
-1.12343734062008
-1.62337006922782
-0.0680502933592089
-0.172310212565758
-0.0130414071206544
0.134201437187561
-0.201167414457396
-1.60392997241402
-0.642656504405975
-1.28070821619613
-0.442337642494679
-0.521132366126513
-0.135659981442754
-1.15224132083903
-0.243918106557525
-1.85194788303327
-0.470405675317046
-0.684146888517708
-0.693023921186813
-0.758096640886387
-0.58350545295152
-0.71640211910327
