-0.308702875979001
-0.316994888984353
-0.071757367814804
0.934869178526233
-0.128801290569576
-0.0153759435838847
0.0929250260229419
0.0928747746285522
1.48485712224994
-0.534486353265457
0.349495848612131
-0.0434641634824681
-0.90773206727089
-1.2526644132735
-0.763093852254357
-0.368527816505357
-0.950727870560298
1.53099799586436
-0.0102767952909627
-0.268452498853652
-0.452856927288281
-0.703110524622102
-0.480042252302924
-1.54765294492161
-0.645542923667468
-1.93578680763235
-1.13108696231999
-0.979392702219934
-1.20556309953448
-0.705376921436315
1.23937532496871
0.478098489926145
0.0198020889296192
0.0473919886024353
0.958363051407112
-0.0615277478100478
0.370303650411562
-0.14511013002728
-2.25768905435253
-0.2544182719405
0.0257092959722611
1.07142751262316
-0.371277222994413
-1.71682001731345
0.302842496625367
0.475785078077029
0.390847179222881
1.67098507334608
-0.580561143094871
-0.104750956971527
-1.36009031868463
-0.662648700094242
-0.994804392039054
1.85691341631885
0.585097037481336
0.117146022593688
-0.249568755879673
-0.46226182896019
-0.00695009385470988
0.336660484375299
0.24303424680186
0.445825182262497
-0.895165482308253
-0.377821757658221
0.234282189674151
-0.228718418155256
0.579624554793898
0.203931566301978
-0.678026199637542
-0.26277982629776
-1.30111922933577
-0.479285471385792
-0.167040546234265
-1.19854239664548
-0.611136181341742
-0.199877774918343
-0.451539923367453
-1.22787081087946
-0.877922460487333
-0.0184837893441148
-1.36543112780572
-1.54666634596493
0.274847859105477
-0.158196642199174
-0.0271872763106199
-0.434434871968671
-0.819029651319403
-0.396866449963705
1.55790139025939
1.03893999694605
1.30693826203245
1.17381595798551
1.59927805469111
1.77666579524517
0.496765057659914
1.20322173477225
0.277583085891254
-1.41578611188282
-0.017148310100707
1.01009729480828
0.439544261341208
1.37182150733424
1.35870462616891
-2.43607311083648
1.06198412297542
1.28464771288078
0.0451222181752717
1.47954037089611
1.06460540144682
0.165476948331159
1.63425458239559
1.49324047559627
-0.0240446753458945
1.05554345484106
1.30319613756524
1.05095535104327
1.06869742513169
1.1078482936907
0.994593047131739
1.01756677470164
1.13370866781936
0.864611977115053
0.396861860787514
0.56632664865149
0.688549063062282
0.157018675330663
0.183199982634657
0.197590099699139
0.768682981514236
0.532024222176498
0.377102848715509
0.709295678259091
0.137739774185124
0.699888513584778
0.516421185585839
0.676102915785431
0.0994079345922235
0.433452760753606
-0.260470809653053
0.140403528314717
0.470965948192972
0.340639665344684
-1.1642473712998
0.0962309761638455
0.571256936322729
1.51765899299548
-0.515353044518012
-0.474438762590124
-0.866265947485942
0.774245439652855
-1.23022121366677
-0.0298938965364303
-1.28172283415655
-0.252480691744137
0.690830264111031
0.716096309992514
-0.400993782762519
0.518129214860152
-0.059349386811866
-0.286440065595041
0.564775959290107
0.905430943100868
0.060891274306521
0.854514262594289
0.739418803279893
-0.282637845107036
1.25397546926498
1.23506917384486
1.12114359529371
0.184430948010946
0.303922495761704
-0.171484587302733
-0.947830237091631
0.942886148462165
1.39384662325893
0.298464316690535
1.09332766088682
-1.58398972002311
0.14872544365639
0.688325601745035
0.145644700443637
-0.429644760303308
0.458389127311432
1.13663579911613
-0.00248286238681023
0.071146940917054
0.533595627680738
1.21726227998233
-0.0842932732948964
-0.0148523260544834
1.0134278324533
0.541897639790518
0.642750978350622
-0.114293354376552
-0.442489586604309
-0.110410457143766
-0.287152352325038
0.400967477501303
-2.16359765307634
1.0273623879655
0.811019449688358
-2.80979247744409
-1.7925955337893
-2.45973365635946
-2.25211485850566
-1.28298700737708
-3.44462455998152
-3.08057334289624
-2.662622347629
-2.61073420307839
-1.05976420879597
-1.01346021056586
-1.11837213683729
