-0.936640734520276
-0.97939236594637
-1.0510958811123
-0.913681475444418
-1.00814215058615
-0.713409191859916
-0.691285362420663
-0.810287615964388
-0.6226422385599
-0.630195894527492
-1.04259683137956
-1.09435022269384
-0.837786933946872
-0.878516507586292
-1.00655412744958
-0.623315157978981
-0.755995235840866
-0.414054308011115
-0.927440398183293
-0.785538497563046
-0.88950363455946
-0.599337512307205
-0.326255192183651
-0.873200572307964
-0.716552750181652
-0.848110704822662
-0.815842128919706
-0.677603478483284
-0.949845704313394
-1.01021124888828
-0.673238480691224
-1.11456827949772
-0.875631047089668
-0.430388190310218
-0.84956737180667
-0.928474809874835
-1.35068681871821
-0.790479602314525
-0.202121255201441
-0.72787115549628
-0.940316733589765
-0.39801412388978
-1.25686128892677
-0.422120845720182
-0.855368642518053
-1.00135831098027
-0.967458536606058
-0.349568175302612
-1.08164838121277
-0.696869075329803
-0.857960003317046
-0.303548972463761
-0.36113549038853
-0.176946992659319
-0.848322013016468
-0.635709809807133
-0.377194345648067
-0.433410504246492
-0.293239883916803
-0.13442623467595
0.188825956360777
-0.145645496170575
-1.05457540589954
-0.863336949554219
-0.574244389583822
0.431082735492203
-0.126982163258799
-0.835880716923141
-0.677700242840992
0.506442581348394
-0.850657272406227
-0.794953844284953
0.440067316113265
-1.08676115211261
-0.732237572092394
-0.0688274734586996
0.19539633439022
-0.700251998809804
-0.876902073703839
0.198614796170724
-0.878895971973214
-0.742496312339739
-0.460012759882352
-0.675541353952146
-0.309667197434549
-0.63624117569912
-0.596550200676
-1.01752123337814
-1.24210480821219
-1.02044441104686
-0.923566905644462
-0.0717801308249934
-1.08813009773292
-0.937128568946561
-0.609650969809
-0.352985489378378
-0.353807760734768
1.24842400596867
-0.19823603825485
-0.648513095770067
-0.699526727631833
-0.304672902761888
-0.399457252467486
1.07620268766823
-0.312539526704352
-0.706280563113198
0.247324692171449
1.38714608381885
-0.865904454945966
0.217392779031267
0.175767533834851
-0.884680527684561
-0.707931666398172
-0.551272274613359
0.117397582366472
0.349845003966977
0.670659184514516
-0.9848511241802
-0.133328333674573
-0.57682336993867
-0.646221388080392
-0.660554402049726
1.20463798947627
0.963118782574285
1.82469521425796
1.16809967818338
0.0609148528256818
0.356921608958278
1.63023946908693
0.778660254797894
0.845287290162596
1.48544177173318
1.67733502832014
0.496733295443385
2.08061417202621
0.77196225065578
1.58091408434278
1.11088634709376
0.676983157244188
1.30639932379456
0.820054254506835
1.49835872904719
0.291029195919513
2.92240564722979
0.0707516555276663
2.81529410212951
-0.691953796160927
-0.278748700720801
-0.634432053900587
2.45685236436827
1.00839247992814
1.05377154950512
0.0499931864694411
0.208811476322009
1.9030539570795
1.45280060731142
1.77495269991589
2.31496247460446
-0.00794293576829401
0.410921611745178
3.04849842946323
2.60551659954979
2.82793446142221
2.56783911671592
1.54235166899266
0.167051414876179
1.10195469399293
2.10007657556013
0.718780544583887
0.814815486785013
1.68836700795689
-0.0853395894621024
-0.152077928384019
0.92326981218739
2.14917841152284
0.710515605188165
1.0063216022297
-0.720457909510294
0.349796974935415
1.44185235937942
0.359830045814004
0.457033449695361
0.829118380348867
1.75471351427181
0.0386255372826385
0.464325834997083
1.03205132802149
1.60789006441845
0.389363384783542
-0.615158054359664
1.54667415036411
-0.045110452000494
1.6689809239311
0.39191065268391
0.0152915735711656
-0.471586696737857
0.0701767459184082
0.989789635521482
-0.492008846450861
0.140106791978759
0.369648913693179
-0.711173236858401
-0.0147588632169899
-0.917273531704228
-0.906167625994895
0.406139565895286
-0.733786590364169
-0.671946798315986
-0.785201588842529
-0.776625663114152
-0.72996261723555
-0.675699053629108
-0.351053380811173
