0.243784711218911
0.0563061923457259
0.535679542280525
-0.231608199651565
0.0770952359345664
-0.941825326192514
-1.00338101891615
-1.02495144216977
0.176286626758433
-0.0993746417788884
0.226930037689226
0.481235535948741
0.0666834496502925
0.14122406734919
0.506893178048242
0.652523148942699
0.629834113150211
0.555426553029603
0.652843031901814
-0.782467329832454
-0.528991970807323
-0.327672441078796
-0.440979899025476
-1.16877551787408
-0.618302172412499
-0.172436444586139
-0.889809755858156
-0.0270957841081791
-0.399898706632853
-1.51075971967478
-0.505408370214489
-0.88245911954185
-0.511472548938495
-0.580390777497438
-0.679202513107344
-0.747976080992596
-0.796873471593022
-0.121656177570838
-0.463535034676983
0.0710154388949431
-1.18831255055558
-0.444250654366856
0.812079226317492
0.127994890542403
-0.69782586374377
-0.666567636418481
-0.0312331600123527
0.776622454429666
0.872503152330106
1.05529757359883
1.35325370811888
1.95020403238233
1.51652971263493
1.02720337273824
0.717025835523795
0.790522562564347
-0.353260682587374
-0.171293425650952
0.679803715472396
0.675732825672757
1.03866237202537
-0.17099641773876
-0.458640452183033
-0.114965960709939
0.278996589100512
0.939365402802987
0.33714023976405
-1.14679954137633
1.08913297736481
-0.299572469680809
0.48774728918652
-0.549074432495674
-0.404752077133471
-0.56479101741799
0.144891274108575
-2.44319604013638
-0.537374075226419
0.664905256335336
-1.45471049789536
-1.00556201466602
-0.826979975158177
-1.73439496567094
-1.49306251852067
-1.02178694271816
0.0511153095705098
0.103754719651004
-2.52312469648081
0.916859370064533
-0.711204607999266
-0.815592117792756
-0.00573615767969153
0.611706826913756
0.55045242744452
0.338180228521982
1.00485244239415
1.40097650597624
-0.0233479765476921
0.0699529566507305
0.458956063315104
1.11309830262389
1.05089658235627
0.0519312187954869
0.641208893410033
1.89535335063217
0.809678505922509
1.0298255731813
-0.76232272898505
0.15983145831649
-2.1334584324933
0.540592951006138
-0.590829753387357
0.069881147105234
0.343299897764124
1.35369124758807
-1.19176284410703
-0.354998090711577
0.229907677337366
1.70495710556814
1.15513564336736
1.59338185589422
1.91554960318695
1.77326081480134
-1.61152699090457
-0.103955822144822
-0.273665510919684
-0.455071784789978
-0.961175085912644
-1.7148148497677
-1.35762231042543
-2.71240919742127
-2.17059700590539
-1.31119999615964
-2.02696045801081
-0.772066760266054
-0.70154942141762
-2.61517200783716
-1.56569291325638
-1.97807377286612
-1.42332066424586
-1.76404466985375
-0.317739989645435
0.210217042474121
-1.8336048606055
-0.252933389525012
-0.156885474629282
-0.250212689247889
0.320100017634382
0.255108218629428
0.00898618823003369
-0.101991445592996
-1.06632982091174
-0.880926761944967
-0.76286376531882
-1.33339283818222
-0.431992812508224
-0.664159208444994
0.134740568960374
-0.694661857329188
-0.0103840240653381
0.940960868880115
0.135284195931018
-0.299397650079177
0.0660238572215813
-0.261693474490391
-0.476541532476056
-0.162518687833692
0.681333325461376
0.341361204256504
-0.515932876649597
0.242169697569987
-0.293914537307334
0.665289436536102
0.568666810713389
0.69435614013265
0.956940278894252
1.44425931864456
-0.821645418141952
2.0407310190144
-0.0747594918740814
-1.84330888594599
-0.213495919998807
1.31935796043711
-0.0426544559656518
0.580997447263455
0.410948300519313
-0.201370984598193
1.90795751509574
-0.527079813482022
0.296217102247147
-0.70468427648367
-0.607470619897758
1.94995349420053
0.0746855236245643
1.02222329880173
0.880811277738551
-1.06142101491357
1.00906582158995
1.51655131594777
1.18485662519487
1.55098336758366
0.924337641809601
0.77553918480938
1.06699333523605
0.965356671963318
1.65034109350594
2.62852497428012
1.29439688539565
0.886434183666486
0.928706052039397
1.15081496951759
1.0004326330616
1.59921321880785
1.10408095413641
