0.126592607723825
-0.357442675801863
-0.644860344747424
-1.01211171188104
-0.889582664985412
0.0671625345152925
-0.192665855893776
0.00900133431797227
-0.65672052210196
1.71245083533861
-0.747580189383179
-1.2745341235629
-0.103039493824682
0.260864227461353
-0.104302832433213
0.858644948134216
0.299047996824517
-0.253904541393997
0.327971427269127
0.893850113121179
0.267497171440069
0.729895266958595
0.25393985135511
-0.225549440382229
-0.192071493788344
-0.661427102294203
-0.279323398562955
0.0744459007676922
-0.476222721796712
-0.247277514309038
-0.290122951176959
-0.453237429447255
-0.905925564436092
0.117594210544603
-0.796038206770936
-0.638672329721862
-0.481897311734631
-0.233999830306839
0.965323225503237
0.103162260552219
-1.84003767977445
-1.0590175020326
-1.10637241202519
1.56412884871441
-1.30726521539995
-1.21555056872191
-0.169840437869127
0.178704779905127
-0.813091541034411
-0.27901057374633
-0.511312996901726
-0.170056194951718
0.674966247807991
-0.00442337174165251
-0.464896732178229
-0.981646292929111
-0.180176035167116
-0.481194047497633
-0.737717682930832
-0.375637986291802
-0.728686421546443
-0.713242842048474
-0.495425021937496
-0.919897463383124
-0.526990931061678
-0.201817389895767
-0.698372269356431
-0.480851799210236
-0.852035697300833
-0.485768576678742
-0.717190945511238
-1.01275943929635
-0.517642905141388
-1.20555011033999
-0.715410278340832
-0.759825932774889
0.0412603661461733
-0.248087823549058
-0.29918662941163
-0.566421001071646
-0.871853235614801
-0.928325710857481
0.477682633095657
-1.0880364248217
0.412930156233418
-0.753764071993105
-0.942464371980969
0.875311451174144
-0.266093040552282
0.127847193782356
-1.23547306745142
0.557251211103711
0.654142218840575
2.3370781936576
-0.414905415105302
-0.943103580317838
-0.946376059610256
2.88167180943144
0.577928476915985
1.26521192735689
0.978987505767086
0.151813759002154
0.75903396011489
3.78977352098401
2.09509474665302
-0.542313704304919
0.452256045856619
1.70939712908021
1.11976910395094
1.88980888425939
-0.207517580939633
0.204230811812979
-0.889466429969556
0.101943128966939
2.36986319471412
1.73772621732996
1.04350867612124
-0.876838803019166
-0.328211438865885
-0.683478357575683
-0.767454644393931
2.05022243148899
-0.704670347878664
2.11945779844591
2.74288423710013
1.73742145182657
-0.409199840366221
-1.35167035875011
1.88757797588696
-0.299381511042443
-0.509450389514682
0.154735870767204
1.34419305044807
-0.820273427768284
2.39165933423226
-1.01678347573084
-0.570024553261122
-0.0978376412604568
-0.7188230945747
1.47610317998999
2.59193452837423
2.95379508254244
0.218911659168187
-0.970838945853885
-0.389099853639288
-0.343973531447647
0.383906241329668
1.55582289335115
0.464828409620672
-1.35762109119983
1.12209701261122
-0.285888153570944
1.51048317930218
0.282341884554326
0.309500854284635
-1.58571695946129
0.419327064197109
0.0309034785937844
0.329339800167557
0.879757565348676
-0.148896280229824
-0.26298646559291
0.444834582399097
-1.35891634661093
-1.7887398874858
-0.256827097450556
0.735913460377917
-0.558910428997784
-0.44157263308605
-1.23277473090816
-1.42564945410444
-1.29550862859571
0.444717842235183
-0.9156842392896
-1.07339020044007
-0.999253687962879
-0.48856229640634
0.613431028560877
-0.854993721330107
0.309066446739892
-0.231966253198988
-0.511087328900996
-0.126658521842538
1.05841180001653
-0.149632021086786
-0.415523953834821
0.0869451466159401
2.63639251407264
-0.259949991503592
-1.03425792940065
0.308238880047639
0.184610507251759
-0.924905176698931
0.192323641870806
-0.339565865718476
-0.0105694509038376
-0.309126253236182
-1.37791318914422
-0.331082344208679
-0.370157917902622
0.618927211316179
0.0295421946645215
-0.12918510236375
-0.00731802310353446
1.13900123420142
2.78811677489407
0.344906795962417
-0.561172440152012
0.624167739374273
-0.120324920159714
0.121668316322488
0.500093313884705
0.155632369286351
