-0.591589633013765
-0.453941534683829
-0.736983120953257
-0.698144385186967
-0.867736098870588
-1.5012851162524
-1.36188778888408
-0.991229436896127
-0.799894108046192
0.301009021477276
-0.800809470004847
-1.01295720513932
-1.21496531467041
-1.00011895566301
-0.910378135047923
-0.389539897191744
-0.958292529923057
-0.939359663486196
-0.749659807306879
-1.11930630973605
-0.835659434235098
-0.217447120847793
0.2880020570546
-1.36686308853148
-0.944131892712062
-0.954846091772132
-0.581258122351374
-1.36922702176095
-0.945685275924694
-1.14747505048343
-0.951817591300445
-0.698387201416506
-1.06949927234762
-0.939268912006459
-0.800837434893132
-1.0236116318435
-1.40393265681066
-0.272728580752203
-0.823131673693258
-0.351301341090361
-0.145037870199766
-1.61850743455158
-0.745460001769299
-0.925759728420648
0.94210933838098
-2.11298406151333
-0.87426754972248
-1.63938557684511
-0.585923361064362
-0.315737436008884
-0.382204765446509
0.196617120306307
0.792341291582757
-0.976508873815028
-0.940916150361988
0.131827813130376
0.641945209732583
0.268935929249115
-0.173596589207118
-0.695260595707177
-0.95846879725902
-0.824681692968968
-0.867902004179394
-1.30258506176081
-0.0651045597428145
-0.362889723632737
0.074769728516916
1.58771705714854
0.0945600554897627
0.648296027082575
0.10250400477245
0.879288623323606
0.495911323428391
-0.0242195801998967
-0.0284293756874873
0.293044259690801
0.501008336170163
0.167528231717323
0.770272538921222
-0.0351363674122286
0.987163443490916
1.04255127569841
1.46962311850946
0.808613809845462
1.48246459928228
1.13212093281552
-0.439050720802957
2.00564060047108
-1.05945485195393
-1.10172818515306
0.851298952412193
-0.289372973028455
-0.900776860773177
-1.49579054268754
-0.737874693531468
-0.765686470201587
0.0894244371701779
0.648222631365137
-0.0850459031860098
-0.398305971989341
0.359064943018739
-0.569752672071122
0.582165307349581
2.47110352106662
-1.71587453333149
-1.62062213027129
-1.36977743262323
0.721954026262381
-1.51559601966364
0.18325150091104
-0.799119236477249
-1.24026816572578
-0.263664748553187
-0.934383729631654
-1.71891214112324
-1.23973182853181
-1.37806555267211
-0.558527817570662
-1.02454560475851
-0.978340626071911
-0.741515372328667
-1.44780538916657
-0.638508329688025
0.692470228228169
-0.8040312399217
0.0673765419357136
1.18419871343041
1.60187404324474
0.565980816573095
0.673498765520527
0.92955621201804
-0.518017034333951
0.0616556600351681
-0.0614503196009562
0.489696061929237
0.843711814668614
-0.090843081763133
-0.300844407258774
-0.50717503312585
0.0856974658302789
0.373512668402823
-0.112236693028302
-0.836401486452087
-1.35027799659367
0.834138780791663
1.61072070907614
0.355403072329044
1.20556585209985
0.365354173496687
0.500480036871745
-0.311525005619233
-0.454796948135431
0.156086166751375
-1.20373853590334
0.412241477980816
0.0079637873282272
-0.968141114150122
0.213739482055287
-0.0372073780930139
1.01249225197752
-0.482518628317558
-0.106208822875822
-0.80535134779101
0.303434710459234
-1.02599169721131
1.16059053784145
1.06005567819056
0.895688212391164
1.47487715321464
0.930645437579864
0.195398004216119
0.805823467859388
1.07781455344329
1.36753072337006
0.962002912747921
2.66350855567097
1.57090908940851
1.04800949293067
1.28205339999888
0.590454074600259
1.28543344281079
0.931779692217664
0.703830398070799
0.949469773079142
-0.484667916143222
1.25416792408161
1.77306348160816
1.62751513000505
1.05669547585764
1.07303398888061
0.914073983314219
2.21933210308706
0.344873529918305
1.64458315050537
-0.556546993456951
0.829325878546966
0.901579358522036
0.897856888465156
0.653099697433752
2.93541504418226
3.34316060526329
0.151575290849168
0.803520523235367
0.584109622430656
0.631495049342502
2.33243727165333
0.529926699317733
0.336472422902221
0.839913408550428
0.198182736924916
0.170434586844409
0.639907289204732
0.241398946101322
