-0.780341252445539
-0.235282148751251
-0.235010174543443
-0.00254693640758349
0.437999959915495
-0.317539744775234
-0.103989215048805
-0.261536717089684
-0.0261376795787519
-0.581510467770174
-0.193877479838701
0.852431108338033
0.111034243621399
0.209761397103048
0.0575088549841623
0.466120024860925
-0.703549000748345
0.36233245678777
-0.390906940293311
0.792019195180281
-0.383513007205372
0.646035957480226
0.690837990685095
-0.365563039044508
-0.909683348670969
1.17170053104825
1.03259095170121
0.0245685759419884
0.110906659827448
-0.866832702321649
0.120588293416752
-0.0232138896046977
1.64814761276083
-1.29221359199393
-0.0492046672327147
-0.193688843015417
-1.34251854865706
-0.287548517091087
3.04091636715626
1.32057379224738
-0.242707904015584
0.565320630087274
1.15067154528041
3.45895035198493
1.02793939214478
0.0159304206085396
0.729094941921564
0.178193686610121
1.55200546905654
-0.578233836721508
-0.532271219705397
0.028529663104156
0.379035910291614
-0.153957720273625
-0.321128523701724
-0.326466730346823
0.605426134209957
0.477392281006271
-1.31146353084552
-0.7486177748242
0.908808498583468
0.721062642260637
0.160457724864293
1.4274207815846
0.697876020815885
1.36348729032024
0.359942332101797
1.04407162694454
1.57798344272765
0.308666473746549
0.491688132814354
1.54544844361492
1.53244318654371
-0.716236895569067
0.394977466299192
-1.31700195684359
1.16177801236184
1.58416069770829
1.54131714593374
-0.960894784804389
0.209636799198891
-1.12991926313573
1.89036887082253
-1.00429630653639
1.2069476347961
0.814154583377493
1.09705154069869
-0.815177576982507
-2.28350388436792
-1.6207463711007
-2.3663402453813
-0.448965643625637
-0.682810292521078
0.127804528077077
-0.124036911982224
0.201417319502497
0.250221302364432
0.464330165720529
-0.410390790111579
-0.764503283584623
-0.390490323563455
-0.753406177369891
0.603526977974772
1.52345502095469
-0.484642095148158
-0.975644230583947
-1.7624956648539
0.589806207681438
0.886053313993892
0.241848860004105
0.747834309445547
-0.33773917671792
-0.690265532620767
-0.365230573473028
0.400442641309886
0.503144301109295
-0.850477462960657
-0.79681136994672
-0.717353236129489
-0.465784055156181
-0.429024087162125
-0.279225199064934
-0.0130249114011056
2.48686484750523
0.191107950288188
-0.127631699502313
0.490334192334052
0.390960444992953
0.480413542345358
-0.431782854259749
0.443166472530135
0.280504333531072
-0.404216625266288
0.0165802883219179
1.64605253227924
-0.458478656164867
0.313014664337227
0.206785022404104
0.731316715949065
-0.417503077589248
0.836030410886392
0.457461313355628
-2.07651824658952
-0.0679290766319409
-0.495138717123183
-2.01565253166092
-0.120479938392072
1.25930322133044
0.337605346096989
-1.24342640411522
-1.10694194604436
-1.59347631298967
-0.362020785163818
-0.857874892830253
-0.341514033235034
-1.69806121020826
-0.787435453281384
-0.0187362993457554
0.197098071407583
2.07481104649875
-1.07604229001185
-0.688033386306522
-1.25725001543969
-1.88321237857626
-1.7308331046675
0.405211621959273
0.622112678559993
-0.23452075347399
-1.30168701044677
-1.77851683998198
-1.62022197048476
-0.484122561432518
-0.773088989204426
0.251761210210346
-2.32015821185108
-0.0160073650083697
0.489837730093375
1.00631351529533
-1.34463433608931
1.67317415692404
-0.0350265762765815
-0.464795607787418
-0.241895629709768
0.283135361186263
0.936342339873745
0.251733726636723
-0.0222050211696902
0.917884462693326
-0.701382287386028
-1.40180052488431
-0.0347030924985079
-0.7432098116703
-3.07851388548751
0.29319963092751
0.860223325009722
-0.114761773813676
-1.27012689346939
-0.20354685972925
-0.405172154451876
-2.62711940240259
-1.54102556228195
1.19651087217445
0.72907536845844
0.311287538781709
0.81205261128811
1.48541534998217
1.15975337754399
0.908525974679777
0.106263247834883
0.575037667785058
0.937085364166536
0.548707866038982
0.291672401531035
