-0.228689665793592
0.132466953622082
0.271711438061894
-0.637391210268775
-0.674814864397638
-0.856098384922757
-0.821222826543054
-0.859205151233965
-0.0692084474189245
0.413419440713301
-0.681394189331348
1.04852740706504
-0.752954211278344
-0.645843945090658
0.859230241833472
0.683722311527208
1.01111464611408
-0.280175844943874
-0.114870743243328
-0.986592538350699
-0.49035726218118
0.578690719016144
0.647002107634869
-0.777591764324056
-1.07902720061819
-1.05942935705956
-1.53544515024329
-0.842861700989815
-0.914781899698424
-0.964363291415722
-0.600190697758059
-0.86155502376009
-1.36911602885478
-0.235266301710354
-0.955672944838558
-0.481419528362231
-1.0134236971153
1.03590147401995
0.864656386043582
0.704745935218597
-0.158440930487169
-0.386966835794123
1.44061422662979
0.220187746878816
0.556707740698073
-0.65938085023775
-0.165095950464921
0.298210853570009
1.0561228974594
-0.874047940073338
-0.408978802638504
-0.432111235194006
0.521229392544707
-0.0503743729641996
0.146997275447684
0.920283139998714
1.3857811313638
1.44222675401933
0.187255640032703
-0.417487900437282
-0.750933239356269
-0.3957722915645
-0.114388820920983
-0.746089161720409
-0.250965210393211
-0.77700877018305
-1.03784752886953
-0.0140974900467751
-1.30390569547559
-1.08105137199109
-0.232462632502601
-1.41775024098623
-0.789395035254231
0.0285750242962179
-0.201848269597951
-0.0284288068291063
0.4945652717425
-0.331052883167966
1.61245116407066
-1.1671977061139
-1.14764916946227
-1.65577278602091
-0.136767635562704
-0.928649522784537
0.595994880020574
-1.32226274120936
1.07878227224086
1.41684224253897
-1.2853646907031
-1.06362947142484
0.3166923894277
-1.62384649528142
-1.13585412379464
-0.723016365417497
-1.04208865204646
-0.745912094172951
-0.746135978901834
0.20684327777296
-0.387740683094815
-1.38155242400349
-0.186457508733422
-0.344609277538512
0.722808501913801
1.54503716047496
-1.23871476400931
-1.29491992990868
-0.553159677293061
1.04854191692519
-0.301807665429613
0.758081496302661
-0.267523720216039
-1.34984739394151
-0.311583450612059
-1.4397306919277
-1.41674791146597
-1.44673252700551
-1.07681495598824
-1.40735573927028
-1.58753368054458
-1.23115832762231
-1.26361094391111
-1.65571945301017
-0.0686098496896931
0.426722856658231
-0.502921746885391
-0.909988710312038
-0.362076101638874
0.504499733175921
0.283120839771541
0.211833084189404
-0.337345715080703
-0.264756787230247
-1.20892968003379
1.29476301610069
1.0394241697244
0.792402329340202
-0.343855094341585
1.10539938912051
-0.953293005516275
-0.131061287965962
0.022883921871412
-0.439432920620286
-0.867115381773069
0.690677702204164
1.79632931158115
0.84864608862534
-0.187780533084824
0.661842998746136
0.554111016126718
-0.42836173503813
1.68494997685215
-0.120401277895532
0.123052558579781
0.625913783699422
1.39823156800707
-0.935454511603387
0.363301973917568
0.181589959905284
0.231240364024522
1.1623176317306
-0.443347226727784
-0.187137631793702
-0.57752932294139
-0.770079730748147
-0.920075338347156
0.617472819604933
1.69245923016388
1.9620046154322
-0.204694081205004
1.22340446466813
-0.102605861302453
1.33934757226576
0.548832163719869
1.49457575510183
-0.93729910003885
3.40979393737537
2.5397085524188
1.33700867579051
0.863777539337184
-1.0051557829656
1.57124660896179
0.231240364024522
0.986474943886412
1.50420227082972
-0.810129394846565
1.3856984803395
0.95552102319016
1.1127028422953
1.11877628423952
0.0194723724876269
1.8748312861016
0.87503063023954
-0.281939735691141
1.23442647851589
-1.18337437090257
-0.0682620020093414
1.18955631735966
1.07679218842968
0.512163617149697
3.52770369212377
3.68814685845587
-0.720568089014096
0.442902004355917
-0.22573872542379
0.934243837265972
1.52038314242487
0.0599316341457842
-0.197798669955202
-0.170623986810773
-0.314324686622757
0.203559587531884
0.631498437716643
-0.0757835857660575
