1.76234330012256
1.62865986414046
1.51080249356984
1.37346000333184
1.57194320714803
1.44866076968519
1.43963835473792
1.27629010077645
1.11220479733463
0.0923057120522325
1.29821288164241
1.48992043683299
1.60616508679019
1.66835421501544
1.10311467975595
1.44277099714113
1.04047283653164
-0.66472162936105
1.70545769593584
1.66612026394593
1.79095657290622
1.34491607053961
1.00046524432016
0.903633306334191
1.42882806926005
0.967633668854988
0.701089582062836
1.34740528618583
1.24259796017543
1.09523820215562
1.42148766787345
1.29047011652374
1.29329559170572
1.71847950562052
1.443331665166
1.02125979138414
1.13931055730034
1.28205211472166
-0.535044097657998
-0.332893454187502
-0.0414403753328456
-0.506039384416025
1.08206739500885
-0.93746113417785
0.459203512535469
-0.0810083831407652
0.463652946622168
-0.40151606880339
0.835953779774951
1.42369834576967
1.65439855330079
1.62047358132198
0.615958597074185
1.42284254838734
0.912272267875787
0.765952490756205
0.647069445607515
0.691949026231534
1.24578423928212
1.21148414459713
0.745229670595955
0.191472905585573
0.910937944077856
0.75311830522307
0.359304069773415
0.351767041603262
-0.646714299956134
0.0181096700134555
0.756623901793811
-1.15776332391054
0.470792720092373
-0.300863325040938
-0.356871441852092
1.34406045374733
0.597229659266608
0.640046600350962
-0.646594592672407
0.465469314440243
1.26516614108663
-0.122789860290815
-1.24414820266656
-1.56357725561245
0.0188506288068158
-0.24423607698631
0.335046049853666
0.0632069543919657
0.647461082509364
0.771504307101613
-0.217705747124284
-0.602496257453632
0.476925714299408
0.494731235029676
0.0237518992816471
0.25764148698588
0.854987305420752
0.611182686484921
-0.0871973405322193
0.394114555110846
0.399701356343719
0.482659786119265
-1.18144355121942
-1.10223550493396
-1.40386477557417
-0.234391798381949
0.637137866599425
0.605803160701334
-0.842057187658981
-1.26151596551441
-0.21878260883533
-0.114859367351617
-0.193265833013076
-0.0946354268660909
-0.410834470081861
-0.30406325585833
-0.185755957391583
-0.211512941865362
0.30006791590278
-0.106114164876311
-0.000156964733128772
0.238801951290684
0.439520377363325
0.601297918270168
-0.394008867868171
-0.495655290491292
-0.715682883883225
-0.413593563892936
0.00928140812891723
-0.347015667569247
0.774013747302468
0.00928551373044984
0.00246128587106969
0.061975249678089
0.385147869689541
-0.492057678536432
-0.277830368343028
-0.142079068948213
-0.7304862892425
-0.856882770907262
-0.421407426972231
0.461100605235367
-0.71699863265417
-0.382855621976672
0.539142943886447
-0.279796869311035
-1.02523841675298
0.0392123929665716
-0.834834658120344
-1.05887293102613
-1.07011561304218
0.211203520091329
-0.309551111875846
-0.248235122219342
0.527782107470972
0.408940205045308
-0.384008200279826
-0.159858449386806
-0.695344022557102
-0.490441635510814
-0.369484369274986
0.039408116177016
0.0258931043985199
0.358871797887151
-0.0109775063160935
0.0496524801599954
0.104802920610218
-1.39727341455468
-0.416741508615237
0.492889034315097
-0.258420469019197
-0.612704029892184
-0.0407009191708163
-2.40620360999606
-2.20229975157626
-0.000836335052230787
-0.590441092323478
-1.41036821992805
-1.69654106521354
-1.77038137002904
-1.22565466460322
-1.2047103279288
-1.41895299673406
-1.21812613632678
-1.61144149921466
-0.974514603494771
-1.27665286169294
-1.55973578433014
0.337198500885519
-0.757275792323932
-1.49254943050526
-0.753763063226053
-1.91678289553417
0.255958835913328
-0.504001934814042
-1.42431501430365
-1.73866377081483
-2.05489292599586
-2.45079046691981
-0.56117327586501
-2.51814588942466
-1.79793190030505
-0.833759822489791
-0.758899591792382
-1.11088927331831
-1.34368170224717
-0.65919814889492
0.381719221744177
-0.770493432789579
-0.83928736940293
-1.00649627659936
-1.34907296289983
-2.58744970519857
-0.868094204201941
-1.45157846857869
