0.791807501663367
1.17751181496296
1.17948916503108
0.911103639872059
0.814789241961244
2.2023117435168
2.33137720380808
2.26236900198829
1.95784843920378
-0.26122476164391
0.125669222724494
2.10148091664913
0.0544278904028235
0.0189552503823403
1.68973428345817
1.9150757808894
2.07403496667446
1.89025256101789
1.36344761339765
2.14294566696709
1.38534827982356
1.03905453551703
1.19581464390714
0.231776010779635
0.156061056345014
-0.862340956014683
-1.11946400343907
0.789304007972523
-0.63215316086737
-0.00614796855462492
2.37324641607644
0.308979341966158
2.5683491376027
2.12764451818485
2.9955492019702
2.38746563377772
1.05694976900191
1.68381248084817
-0.0677938855042613
2.13360252887052
0.103708065118486
-0.220027232243963
2.29965064828504
-0.446678151446108
1.18499934798002
-0.340070959059723
0.680427953168552
0.33605151430955
2.54849896082701
1.3214307641296
-0.463845889895982
-0.489627160332697
0.198206775401599
1.67439940809625
0.56036839888073
0.617039918038889
2.00244021598916
0.910848306644461
2.32703076824402
2.02253528094872
-0.0813916290324464
-0.132536169492955
0.328006745586385
0.697093848882391
0.181067746924024
0.389285497427626
0.910746155227924
0.8211599281966
0.238394175016319
-0.0465042758681427
-0.717003367315264
-0.615405414258166
0.0621363057862059
-0.55247471263294
0.847965669587414
0.613112351552265
0.546861466731276
0.0614728609537092
-0.278660353811071
-0.453487416642891
-0.914601751365414
-1.07659974863166
0.629035630715959
-0.319556338463426
0.832135504746711
-0.725889959098871
-0.286043373895255
-0.0776975342407083
-0.894358125112202
-0.440620997692545
-0.925648733634489
-0.293665231002345
-1.16704291172201
-0.80171942596639
-1.00123924557822
-0.871836706248969
-0.872353967759356
-0.129567853374199
-0.700249662582471
-0.676197907871739
-0.167275398718233
-0.382843601159061
-0.122971730420334
1.14295780695809
-1.16201197906727
-0.500981299408239
-0.989482407109132
-0.598887759342841
0.0444997193925772
-0.078038275192161
-0.445052913154497
-0.950895047924597
-0.992899563213954
-0.971467362818715
-0.811325979149302
-0.799817433829196
-0.627375445679851
-1.07339654980128
-1.03154903494468
-1.07082730291318
-1.03235147564201
-1.544560972154
-0.464165846003616
0.103296352853069
0.0293087035101211
-0.506189625783487
-0.291240788153591
0.00686982210639399
0.333336785719694
-0.423509914025062
-0.53644287859182
-0.393127520492761
-0.499537102876198
-0.194138108149968
-0.459936313193284
-0.291434528981245
-0.937876649854711
-0.262869362370521
0.125866866713203
-0.131263476044469
0.214804262390991
-0.759558749095128
-0.705706583017479
-0.5981297682376
-0.85306138794523
-0.566388874852365
-1.1819007266083
-0.973620856182073
-0.688546569886492
-0.0577918011395921
0.980276545204445
-1.1188317030688
-0.818342133686008
-0.710441641871935
-0.639743366609406
-1.08796305630164
-1.03905067825915
-0.381183008352167
-1.01676611022198
0.0805880028464286
-0.109452838793631
-0.123908166176426
-0.963199985132408
-0.792390617482445
-1.156611552668
0.195820640908476
-1.05252147708293
-0.73599017994518
0.0586292420062697
-0.961726684594905
-0.717031216993726
-1.02411447061498
-1.04567300682522
-1.2633705411196
-0.645645411604865
-0.861398511172608
-0.18144138907788
-0.324127678035278
-0.936935467688216
1.01524520046038
-0.889927827255195
-0.606988843017351
1.39849767748887
0.31630177246107
-0.881387518252238
-0.705772254374777
0.0305435479989209
1.41734569435925
-0.27865064933477
-0.935308471561839
0.0770288184674084
0.184522463294574
-0.890225458451232
0.931381786582641
-1.00731383908454
0.0895722501391319
-0.528761521727968
-0.91791491155977
-0.328969036286637
-0.686110817289479
-1.08444894602338
-0.990223915131689
-0.990083436098392
-0.814629664742475
-0.349177043945263
0.523195521056408
-0.470499185085057
-0.84019210633661
-0.507051898317058
-0.877302595832148
-0.883369241553578
-0.727189700593334
-0.692053482871661
