0.803607608111069
0.0255331946817922
1.18554064554296
1.73102514725222
0.676914507590724
1.81630611713718
1.34284783557898
1.48167197754851
1.48142751110445
1.87192176727232
1.17366012116793
0.295614446125814
1.08432114127847
1.45178993337395
1.26035142496192
0.720916523000228
1.64241655000613
1.5093944987092
0.831934556812778
1.22799111863537
0.980039214942901
0.518216105886404
0.122288000071131
1.58771187486513
0.813080965651616
1.08554321429311
1.42757064562632
0.550343299964264
0.222705237087915
1.46352923407976
1.71945257662706
1.68238190827445
1.93596977582334
1.27742926172798
1.87227834516573
-0.16927080022863
-0.0152030149821039
0.165818097508851
1.07771199238579
1.09445481319954
-0.956802016477656
-1.01775882217288
0.279682501577354
0.69135988136007
-2.01645473388631
0.238498233008143
1.17765108883779
1.09970545622811
0.359800417924243
0.361243671429733
-0.291273467033941
0.721372924119175
0.280554019974555
1.82842377719651
-0.542450104374796
-0.244745900122991
-0.649408538742148
0.0422490302158362
-0.494111650562253
1.19902973185637
2.06789630673962
0.559055717591256
-0.557755745154011
0.542389213305862
1.60333427523424
1.85575052732046
-0.783385422404222
-0.520394049246694
-0.216862946308645
-0.24744929443895
-0.330354016553285
-1.16483785603848
0.228168748880431
-0.439982532146967
-0.97309754574412
-0.565740825775294
-1.64198437043032
-0.126553090767911
-0.169553640876205
0.0994663344176296
-1.41379758929434
-3.17474449745781
1.23165343130315
-0.769196437315757
0.24836442372189
-0.429802726168315
-0.0650036381551417
1.20852763306127
0.323914100294159
0.288564550190009
0.402748345459048
0.12994360260484
-0.631775376005333
-0.622446026324537
0.974674833251278
-1.43773779168365
-0.468284785752907
-0.0701883334132671
-0.335713173898452
0.203654790013869
-2.72632145252334
-2.94818406076516
-2.37595633398168
-1.13804931329397
0.582062632253727
0.390942579188275
-0.0809935236795295
-2.20698764545784
-0.0883947929771946
-0.78686984562048
-0.636021632026513
-1.11052845715995
-0.167361031266673
0.279932271130447
-1.8086530351418
-0.103524303436981
-1.19162105954906
0.900412672312532
0.598512630502943
-0.592515890579954
0.608217430976987
0.461804970011873
0.190861577961701
-1.32545659417085
0.208756047995592
0.412200052505925
0.122282514166123
-0.839148603987288
-0.111156806131104
-0.860618373154569
-0.017813340277986
-0.639141427849272
0.0774021374061907
-1.09816387841611
-2.81150410831283
-2.69935963815545
-0.624092634782523
-0.812794749061056
0.859810483325397
0.322035700603192
-0.36372996632044
0.590259304353995
-0.0847483632387318
-0.848807997174773
-0.0705124183700434
-0.473326832692924
0.190601213840692
-0.353487183820733
0.0333470876861127
-0.446588580634743
-0.827318889639371
-0.394657458035974
0.46666928703785
0.277045403459009
-0.308071148550398
-0.461366772060494
0.780050314131038
0.218376837742866
-0.127723993190186
-0.0305239970863354
0.860424900322928
-0.234471579244891
0.642694753312911
-0.590166657708294
-0.186985583291011
-1.09152503751618
0.0486685517278331
-0.026621731034175
0.709203627382732
0.194561705536447
-0.004158996008161
-1.43476462797391
-1.17557332794775
0.440203680644071
0.935677728211783
0.426585575029726
-0.131913661914462
-0.212824803121731
0.191371587469638
-1.46263750436843
-0.257864738172935
0.817845623171922
-0.835055216015027
0.657559781297522
-1.31066849130815
0.104976124529744
0.364749575961256
-0.503624976620023
0.243387749358772
0.35555338887778
0.234456752392497
0.380778998097304
0.595281111323314
0.84866994119537
-1.54614392247986
-0.790754611343327
0.113679827743692
0.472394091900289
-0.291685986844897
0.00551962840954414
0.0638756754638507
-0.828087849203221
-0.827130963681931
-1.22869126667014
-1.00543360926152
-1.0023355370266
-1.61485206232155
-1.78363492749286
-1.52845530615385
-1.23589342266568
0.441314930534418
-0.435672802323212
-0.456561122451547
