1.35362987125288
1.31891832876452
1.45956170332784
1.23907920137241
1.11974918074088
1.73292379730101
1.67465093263884
1.54149425698304
1.48671424555659
0.656353916269212
0.909089825123483
0.636465482234242
1.24739340436172
1.27643065025621
0.391088786287997
0.654306142666267
0.703444682878287
0.741573290428831
0.798127110483395
1.45030035484179
1.05453792245699
1.21317289938985
0.965428671405442
1.35941027324206
1.27077779330992
1.13767852424495
1.04505377363481
1.2402646672276
1.02458185546935
1.48261541577502
1.68834715943714
1.09571986591953
1.63140475921375
1.25481095357287
1.59144540147808
1.11029790221827
1.07660369431919
0.947514204620385
-0.180251337439522
0.647904086224448
0.56547491129406
1.26921757849155
0.784289779732695
0.0272570155964366
-0.149376553048127
1.25064561034426
1.38170781070637
1.46949459087429
1.00455127938417
0.941478832077661
0.890968218925441
0.796259260547389
1.22950740839289
1.46831842891732
0.74822952612865
0.455515107037348
0.364689750139617
0.125944026925456
1.02459722847679
0.916948245484818
1.24730498133338
1.05848006397303
0.722743549221095
0.895930987466837
1.05459654888365
1.20525302519421
1.26651863529021
-0.137333803443198
0.816587707050016
0.607192059207849
0.506207511200286
0.223629097358318
0.73224610947597
-0.176401578210612
0.199898054543224
-1.15811609663917
-0.781142429114111
0.505338152485534
-0.365531586545593
0.166134604550501
0.0995252001698573
-1.05459928202478
0.231936785018632
-1.66341551659227
0.583072617844761
0.428504585138543
-0.824698296344389
0.308409563435661
-0.853359168596598
-0.930010903185408
0.214465769869558
0.0552359511071422
-1.3981683688851
-1.33835498053849
0.217939770162028
0.311730279331619
-0.295220985853466
0.580743577293339
0.896979130966422
-0.274113045027217
0.418166807377595
-1.1503810036723
-0.299280580044258
0.798968696498871
-1.15996128944177
-0.269037255288626
-0.996761831870874
-0.33376057028463
-0.924753207742201
-0.417386083127199
-1.16876136383991
-1.20900098803142
-0.448399693856916
-0.983567787300857
-2.11941602076406
-0.938194547341013
-0.763926559092198
-0.44011526866345
-0.985223357579112
-0.794966788538978
-0.419055188822901
-0.954013762024474
-0.733418476746666
-0.218510339189904
-1.4412317190064
-0.272220260768393
0.285359199047602
-0.328515260988423
-1.64780253091427
1.00519532390352
0.61325158943859
-1.45120044143644
-2.15228449196766
-1.1090624516451
-1.54507521039098
-0.543847898807132
0.943448095105426
-1.171482290551
-0.0583114622022539
-1.92807670780583
0.581911665257259
-0.156901717936175
0.519343369802992
-2.17064034005585
-0.809039595748634
-1.720166378304
0.272887559394479
0.923175798244033
0.347218604359256
-1.58262953988268
0.235424832154394
-1.17410506705315
1.48531747000044
0.404154845659953
-1.35131589939148
-0.798770610881939
-1.10011848498147
-0.259515017205758
0.136491333996694
0.672478594393423
-0.369193757842785
0.138991818528012
-1.14546216460102
-1.71021914635011
-2.31339923145196
0.462017440323609
-1.09609435626417
-1.77830998336489
-0.334180274825716
-0.604233936795457
0.114637038160804
-0.115565785178287
0.128490605518597
-0.180092289782484
-0.0558685502704722
0.0539052090870184
0.327919906474161
-0.68924443966068
-0.244144638590556
-1.7189458393132
0.323120202790468
0.663490859577022
-0.703971889082414
-1.28830720997264
-0.782014642411571
-1.2932239587402
-0.834258519433349
-0.642672624756297
0.0439714545257892
-1.88882812063743
0.0595986470903499
-1.49676103682581
-2.09563239539416
0.325002351219518
-0.422117554244988
-0.590037622808202
-0.112542513769885
0.0347259146933405
-1.18196962668366
0.606426752338204
-2.2106238048772
-0.527186804933653
-0.95190191592
-0.0596625791447063
-0.158919566097293
-0.539146080628186
-0.379105440911218
-0.874134948306556
-1.64656776302012
-0.145736651259837
-1.00191284818999
-1.04939691721008
-0.693769196711385
