0.86157414463342
0.828332973814551
0.124830155805781
1.26362927680101
0.136884841729419
0.659366957815697
0.648174541543116
1.03382228361976
1.50982453159486
0.0717607287309485
0.378218642689618
0.576140859536294
0.410769652747927
0.476810425492673
0.601231364168756
0.0821278723690828
1.39589119378813
1.50506535246779
0.214073668116066
0.28280068752985
0.323631990971699
0.921622047086202
0.641080095041695
0.885975125820934
0.399504824385376
0.575548272051638
0.998182366948192
0.0763608265932665
0.248300170821743
1.27377167004919
0.977799790134168
1.55047117047149
0.885840637226071
0.101865486832785
1.05776789664811
-0.513481213245995
0.407762206722906
0.162943208544823
0.410529502323657
0.800351588190045
-0.648550706909951
-0.521331308135076
0.478061437050634
-0.103108138702656
0.111029956902429
0.304903242112219
0.548244247445698
0.617154451207902
0.116596786387176
0.82033463738247
0.595432602775712
0.777075708934763
0.307422746973764
1.94367350923983
1.40926472268026
-0.100113665827189
-0.97723083031896
-0.653389880810872
0.240729762852461
1.20560363204492
0.812080651031655
-0.425800902394273
0.27177672789493
0.324504763454556
0.0504909405770205
0.658126424502185
-1.3480272267797
-0.254783213366678
-1.04400180095936
-1.79820314437273
-1.03286703173921
-2.0979714843221
-0.990700533781954
-0.256667312151808
-0.665682914305274
-2.43064462390744
-1.40184097462496
-1.02817983704827
-0.505029340536088
-2.78575838233573
-1.46263431049867
-1.41596708042546
-0.153608947563943
-1.64638042753357
-1.11585136820329
-1.44992919293468
-0.396819783055189
-0.692817049603949
-2.02320543558178
-1.90160491382235
-1.7690784139066
-0.363999530502918
-1.45197582071922
-0.664666638122844
-0.225362870932689
0.101456039306473
-0.0319421857860125
0.698309080536408
0.155890907553388
-0.179396281037103
-0.102069914919771
-0.67470410346225
0.939352684541072
0.644786262648416
-0.705993435030716
-1.10561605603554
-3.25750645913754
-0.252558063807384
-0.609660439285078
0.208256630473177
-0.899485601829224
-1.54763761745859
-1.44640683312085
-1.23021756941955
-0.731581566475807
-0.520792694520189
-1.42299007389039
-1.42904303204086
-1.6599800913859
-1.61013463670826
-1.35211251747913
-1.23026395181783
-0.998481247107202
-0.563809175730638
0.323373055254513
-0.641441794186987
-0.996135453317791
-0.984655389623338
-0.0827832154130647
-0.478007441951652
-1.04063485343881
0.483104544938436
0.402603703888125
0.0145595892144627
0.375601955099001
-0.983313289259018
-2.13314017133171
-1.05888552041729
-1.10869972578891
0.0757541962982849
-0.203026507179842
-0.139709076388399
-0.929665556123114
1.02915117982004
-0.760102292045526
0.901676516386717
0.0782934135577996
0.879993886863568
-0.107772651424022
0.0859038300539449
0.617736420490776
-0.423833389658997
-0.558372114461857
0.106155167160186
0.852370306919518
-0.428671911950988
0.281185047581947
-0.264514056105919
0.16557033513424
0.813880322801753
-0.139518374516634
-0.0710265312382739
0.0271764099397561
0.31562041228114
1.04386391195662
-0.465437905512656
-0.304743271323475
1.3891733240704
-1.43541212557236
0.744075249842957
0.325364339807074
-1.3341497793534
-1.9183677672805
-0.767151656846562
-0.184914234388167
-0.181783485964074
1.46772134822815
0.195746640751547
1.12350279502041
-0.622752230933425
0.546473022933597
1.09636982338045
0.62659289945102
0.488484556280438
-0.0185067985836468
1.33992497654243
1.4479940583222
1.62563932981682
0.976671929443238
0.687209356702035
0.525905368146009
1.3541266425742
1.15641796403259
0.884533739002735
-0.816080017491049
-0.407354921510319
-0.367879395051384
0.00299951686375892
-0.493440722381332
-1.05089195482077
1.50831840494876
2.09963502057286
1.52092003620075
1.79971810951486
1.01580353293976
1.5153751906478
0.900765164063271
1.82130145665545
1.76338463264954
2.08808995645668
0.220378690172072
1.49549425462631
1.05354225563524
