0.45452534290934
0.166189278289833
0.299370297903376
0.489787799994933
0.289063430117926
0.206328549380842
0.434433142189444
0.505332661314509
0.405390572650745
-0.166036428384528
0.201366385616945
0.462855721598816
0.272268970006085
0.307983541657491
0.0503486998681123
0.754764648896942
0.529935193684278
0.527622788809949
0.515717881555196
0.132717835138751
0.0137548370035889
-0.222993265440618
-0.614325901797111
0.138265608195927
0.204714480717879
-0.0535045750327087
-0.0425996465872601
-0.027694369683718
0.191607216040973
0.419435919213989
0.488934780166834
0.245557094881171
0.0408810203646588
0.211895141903521
0.505436662131426
0.161836676519697
0.473301067955404
0.0621493684841683
1.05653300866848
0.310759745378245
0.189116024626195
0.930420384642746
0.403082262079063
0.759897204482639
0.00494218371501877
0.311192063585731
0.147017984911438
1.04218539338133
0.731313347788029
0.584100610104157
-0.153311415762449
1.34065605572009
1.17202853113597
0.704219583739796
0.512400268382854
-0.0403254285742526
-0.550517870797617
-0.731314865208975
-0.890039218618376
1.44179720580964
1.52518468261175
1.43047586015175
-0.0671064912681849
0.379827692601029
0.923399225933994
1.22862456531502
1.5950033211315
-0.0151572075161835
1.09207809652338
1.25031373832939
0.621913644986833
1.03707258134423
1.56373659325418
0.279702687227597
0.527105466214651
1.57685225259496
0.90030179709842
-0.0509889790808108
0.605945235998811
1.46572568703271
-0.323269403627586
-1.60607812339384
-0.32602476084477
0.024112440891338
-0.212610866038309
0.284641995416358
0.433053877569959
-0.0688588099484527
0.533914460761308
0.770344529448502
-0.705332339079698
0.664676284596708
1.00137890227612
1.09197769152506
-0.718955433550108
-0.296996662530092
-0.798250164276428
0.387002346875914
0.260265214684335
0.7521659892603
-0.116782021499044
-0.62980741016504
-0.521978113914507
1.46499504304378
0.176336230578863
0.054634343676059
-0.704047517795266
0.44453340963559
1.39109255917706
1.57762089372561
1.16462233603391
0.845320476341934
-1.15122705947434
0.480476567462552
0.875072031402091
1.15260085597268
0.17048808688141
0.211558246708545
0.767521136751526
-1.42797852318561
-0.91872322946742
0.347623553430233
1.3346515137915
1.06660762356279
0.913560666446361
0.213814510322833
0.210048619904056
0.375841228670122
0.276777343875297
1.2795900011913
0.794630428647753
0.651707841739733
0.48862312967067
1.2236931653649
1.23370953438534
1.42495766497451
0.502734381343221
1.53579993970064
-0.972386750889998
-0.0343296924503736
0.240358466085596
0.898929769833302
-1.70920085830739
-0.850465317724552
-1.7222062290388
0.21455655268094
-1.8566481199727
-0.406600436131894
-1.06203212323492
-0.0377252689194563
-0.584631452310438
-1.87465633773448
-1.6101471694034
-1.98071485737973
-0.359415750005788
-1.17427271485399
-3.22641200207971
-1.31853844955492
-1.55814445431514
-0.0297503702699111
0.130931016579813
-0.194697164646412
-0.361322556397012
-0.357231177024853
-1.7070236474555
-1.05058729976395
0.279333119564642
-0.674961973123154
-1.65327536441938
-0.842603794007499
-1.56910932004915
-1.35805395682737
-1.23960352884499
-0.485329960434128
-1.25036757091889
-1.42508134642934
-2.44487052084286
-0.216791286984225
-2.05272775855511
0.251991660848125
-2.20008559131301
-1.54441966397968
-0.961268213329303
-0.388348094440245
-2.35390841968583
-1.00710768065891
-0.856177665134823
-1.02159914254343
-1.6543051079277
-1.79985182258639
-1.76278257633702
-0.292208993981993
-2.10560475901976
-1.38588413789709
-1.33047188296489
-1.51216569156804
-1.22990008807974
-0.336268900780983
-0.946448042490416
-0.651499743847469
-2.601508830132
1.29063586669593
1.32138791541035
1.3343014664412
1.08974936155874
1.94207152638108
0.796055975656989
1.23434122782601
1.15391469821973
1.45396994649401
-0.363782261077471
0.515558550121112
-1.10121182615975
