1.40794128048847
0.801813324161465
0.498114593533944
-0.491129275032666
0.536728652762272
1.05240929806024
0.546676087302909
0.480530198329203
1.19986205781554
0.112704835039088
0.57111446727627
1.36646062837009
1.10485347938051
1.21197885585847
0.551302949737032
1.41826951001224
0.465963281206973
1.14268042358833
1.71997086353909
1.10608933046464
0.697803994639486
1.40004546453196
0.776536485307453
0.845750332142544
1.21049875591117
0.829883284077801
0.631043473612717
0.911343795728263
0.375145781997539
-0.102704284996854
1.08070547253656
-0.154815715872528
1.05886472533182
0.883588326595185
0.905632958069101
0.779886657711929
1.56581220192678
-0.0012124317116061
-1.04322639845966
-0.482237216744839
-0.321870863293849
-0.178437390792789
1.16271134722238
-0.748492137491176
-0.904601258375704
1.1151136978495
0.528672748229437
0.101890301645184
0.835799651843838
0.669303165228089
0.197056151481496
0.864208224837178
0.190058446152323
1.02871477872399
1.01330587517839
0.364106800717064
-1.63708662960095
-0.876220717127938
0.383366471445412
0.711496781439598
1.17145888778325
0.181003136645778
0.663405510907442
0.790254393684708
0.387185813116662
-0.0864163586083102
-1.19412585893447
-0.602824550144325
0.456348646344512
-0.304082549550811
-0.229767940620102
-2.0270907427709
0.269942034903615
-0.493915984995604
-0.0320587420075814
-2.29228271484206
-0.756639961816973
-1.4183700568396
-2.03973036129498
-1.34106575739424
-0.0781531829942474
0.102262775814133
0.0399676264325432
-1.55352611709681
-0.275415908443066
-0.582811145511406
-2.21636063115804
-1.10430898289411
-0.844267336168817
-0.82735590502201
-1.61822491047663
-1.19381178374444
-0.370951133125657
0.188959656704471
0.0209764274192861
-0.812134656569523
-0.357818531721038
0.857030164930212
-0.79088529670396
-0.00212445191432356
-3.86861924980648
-2.97520952940203
-2.03139156180122
1.20132147697107
0.387995488041466
-0.00730417887144773
-1.73897055981526
-0.732417451044535
-1.50175320434252
-0.183675686389749
-0.62120557368219
-0.653034699151256
-1.08434150889865
0.0945837038766228
-0.542089517183854
-0.474101621150359
-0.954245226916571
-0.818053744031552
-0.42175346433326
-1.14384992814156
-0.0464053312139443
-1.28041344201431
-0.0586942775168561
-1.20242674119258
-0.175836957797514
-0.226152901357718
-0.650121446687192
0.0329881746300975
0.597260079298022
-0.312589865661668
-0.360422127170268
0.27199550838692
0.749844537995596
-0.481146203430502
0.0685658519534858
-0.317519451681066
-0.996637759988165
-0.516671847973314
-1.44787124673302
0.894655415529778
-1.82177517435651
-1.21908380654582
-1.18746794207741
-0.526548201678822
-0.164909514233657
1.67485141558084
0.164497641520419
0.996395386678195
-0.0495509569513717
0.385402825582371
1.56743275827154
0.104459201253529
-0.119393332776238
0.576318726061862
1.02620242494116
0.564559948010257
-0.172896554964265
0.337867170682979
0.401715680718945
0.602440587267275
0.387134271992064
-0.308907469736477
0.330532618522576
0.0706873101485286
0.246297017986509
-1.08967103016252
-0.0223655018982986
0.920543745286454
-1.99056838811074
0.508327928945926
0.0115016051222096
-1.60035762770208
-4.4011122644887
-0.0282831374604395
-0.757060876056701
-0.152249166462379
1.7301906149459
0.382088500978167
1.28909380173667
0.153040156483187
0.399783927936255
1.54453866842226
-0.567630777379033
-0.0799493146151919
0.543156176871808
0.844126738126121
0.849525942689517
1.35945215667209
0.569383852178686
0.856780170890308
0.21388388468917
0.437082862982178
0.89735253298496
1.51741930157765
0.317604836444723
-0.184371168266297
-0.383497232149629
1.01772167959804
-0.878616248934467
-2.44175070762839
1.08765201012266
0.520308433964319
0.669129718391625
0.378039811777804
-0.963526740965221
1.09739718982913
-0.391329255170605
0.215539359182906
0.0302035517693271
-0.025385959234437
0.873624249461186
0.865316345574508
0.363320206985564
