2.21823387556052
1.74163335406124
1.99149667726946
1.33890336497464
1.68241264765704
0.802086928304373
0.724535927659589
1.23637066819437
0.797041098539648
0.695574887871097
1.77996240089142
1.69874923361467
2.20384594290842
2.07254717106051
1.75064589820005
1.76786107701321
1.53142038324779
0.664198636162897
2.21143741350004
0.333107309697503
-0.684921753035091
0.887361549857278
0.650110943331488
1.34200179694467
1.86013447535839
1.52198816300742
1.42264580845814
2.09012766133653
1.48283618853666
1.62098300575581
0.760077104929692
1.54287014352581
-0.184628155063117
-0.366377293625894
0.636617983367987
-0.243222360970565
0.677962178189729
-0.325413037434289
1.15041935625136
0.181465131156083
-0.220590890136107
-1.59743856819144
0.939175466455427
0.51025117538694
0.639026388866756
-1.11480751270374
0.448728521166784
-0.492159227380135
0.588551784718255
0.848842956593894
1.32859953022252
1.34341006063695
0.198286698044257
0.699284077631153
0.374865583158688
0.927072899328256
0.761743025037797
0.906408696954927
-0.346017091486622
0.443423649129306
0.676895344450321
-0.143199729612697
1.32595818176177
0.82826139601073
0.55154433443662
0.772136582609718
-0.695967107716296
-0.0245694579971651
-0.181807178487377
0.682908879778505
-0.0364506007942792
-0.549784752697066
-0.000620648680841473
-0.243949529183651
-0.543038782590788
-0.733530368439705
-0.0291784340797934
0.056722599348445
-0.340975032924921
-0.889755314554989
-0.280858086646188
-0.424309354439061
0.0996367531801625
-0.250882981291998
0.512295897720097
-0.197575862124687
-0.48904460909565
1.05239124285953
-1.3259883857252
-1.48928081451122
-0.136451829403096
-1.20731986858647
-1.34409815731615
-1.73158565373499
0.749764414978907
-0.00551936060345148
-0.811749302462624
-0.080355182892575
-1.52076294971087
-1.04507738797918
-1.34454014335172
-2.17668987132726
-0.93180096821753
1.39906422392302
-1.71598978561202
-1.96754053748283
-2.03834603845958
-0.497521078017255
-1.50713241963043
0.0474988272349831
-0.313152419796302
-1.27976583665713
-0.600300922247049
-0.507872336246193
-2.62502496576723
-2.43961756805983
-1.88355249914216
-0.469579026075831
-0.954501468221448
-0.899579886896709
-1.18265061310557
-2.11480322965241
0.0269880746046707
0.780295677369589
0.519956642874985
-0.0177975032151895
-0.61775234837885
-0.833239189346106
-0.836090400127921
0.296176652748419
-0.288767046563038
-1.17396009185878
-0.873424661140401
0.467401799680578
0.0652733009344326
0.385197257013953
-0.299124888310992
0.436653713695492
-1.6789119079768
-1.49940824517706
0.175700945358895
0.800409368808303
-2.37822333447919
-1.46942780034447
-0.132257580201766
1.1703016657354
-0.0884576897211545
0.0825884002948872
-0.34711677582136
-0.59364879483636
-0.914090857340326
-0.814429941132216
-1.27613434216966
-1.78933333533586
-0.069156884079719
-0.383651024333333
0.132564041143687
-0.597891454183252
-0.375485998936252
0.201562109576695
-0.6926402190535
-0.939829825217052
-0.604215818285321
-0.0701034296388871
-0.215424231189818
-0.185390010330514
0.0419274357313757
0.276481389343276
-0.936039943116503
-0.231625697317642
-0.265634625536086
-0.0805898926901601
-0.912616980697491
0.0693912498958019
0.0594908808684438
0.338025676317242
0.214017934875564
0.185393329937638
0.0289947645352636
-1.25229668218857
0.081296759513846
1.13162220554083
-0.459657032808854
0.687153087688469
-0.152078465769924
-0.0195260302873635
0.869615786533248
0.652509006914356
0.467038523740634
-0.0394769595183878
0.0178703852556799
0.726496679917356
-0.283515403294177
0.260127415830501
-0.209313841385425
-0.266917707622436
0.864304967315616
0.888730091154385
0.193682875724451
1.75174729192883
1.33548165721297
-0.851209040658662
-0.941313945670131
-0.782378006497857
-0.346026366952864
-0.525781334568464
-0.880711192530339
-0.901291785507523
-0.734270026804616
-0.710191644552992
0.23447107843659
-0.166266597342807
0.0839833582482484
