-0.355520099230899
0.307883512662814
-0.878257097421233
-1.47828065814503
-1.09864524996291
-0.92065131518545
-1.00084211901906
-0.942226984467182
-0.707921353956363
1.59051977534587
-1.17375357352944
-0.229079361752402
-1.60999895205509
-1.40657237208802
0.797958454490336
-0.186597976954871
1.23259855726284
-1.54856764742853
-0.324024063429857
-1.82996789898174
-2.72594228212773
-0.53087787429681
0.214899873765317
-1.14616025899363
-1.89163945514526
-1.23185191693348
-1.24205254537767
-2.14221649693778
-1.36115299358344
-1.32297397033842
-0.948229979608291
-1.08394999037024
-1.67799809965028
-2.01562746280294
-1.30719511665624
-1.77224489241599
-1.16906334872959
-0.473472088794076
0.315123695107805
-0.140007526353131
-1.03130610609966
-3.19368568753922
0.204617436234165
2.15746794534033
-0.263439597140229
-2.75980569761153
-1.05562937313746
-3.75633946573508
0.469421584361162
-0.585664601248298
-0.0699517158018184
0.129589758258828
0.766134062840738
-0.954208692362134
-0.738856836878501
0.163982461900944
-0.192734503152596
0.0575023497158651
-0.384265459499564
-0.682941679145128
-1.19161622090942
-0.379781962847402
-1.34805265951345
-1.4235406050626
-1.02422876541914
-0.445398195013993
-0.0375117847882597
0.250675074118837
-0.735317258206182
-0.442609016043245
-0.474654988015925
-0.524888521684929
-0.254742803541951
0.269306860016671
0.134693945454895
0.801112140423324
-0.433502361194984
-2.40502781145862
0.766715292874955
0.49920546779297
0.0703411428197309
-0.631745772534416
0.34437001084444
0.0924077513970133
0.247752999831096
-0.466066690522536
-0.0358556779523175
1.19219623517132
0.600425460764012
0.72090678324105
1.27170965082802
0.673358857208362
0.179020345393378
0.0495999798468735
0.577642539884744
0.575460740049325
0.281525974276892
1.51254731811812
0.599917207095316
0.383296663553652
0.674269590120241
0.387442768516252
0.985750773035991
0.327330229602263
-0.0931429484713114
0.222622893570941
-0.205094968893009
0.61974735821259
0.872846482873587
0.421255724201704
0.84382568993409
0.288165114079119
0.346070834149442
0.331083912731249
0.115558394847967
0.427331496959464
-0.058037976820358
0.477144416901207
0.380932826313744
1.06147118535508
0.812023803096803
0.0298389771967275
1.38203711253121
0.466053958798062
1.21659087998426
0.773283017115362
0.40793045818494
-0.144674065768242
1.40084392077547
1.01128752977665
0.652640960499351
1.17375049965479
1.59454451769043
0.7940024616416
0.621910131387231
-0.219186134138432
0.951428006581625
1.14300941297171
0.179171000724431
1.21470910053028
-0.654861929086303
0.910747640464835
0.271427614471013
0.645548181775341
-0.0424938568635317
0.547898411440933
1.19457938566817
0.860880776551389
1.07112008139038
1.70142416990392
0.788262993269142
0.126398925071789
1.10221643618604
0.368951931232407
0.421255724201704
-0.256702109807363
0.227101819102
-0.540017071324723
1.17350300122944
0.702919286106935
0.0357888255072848
0.280935406317224
0.569235114869868
0.737886365318443
1.0109893495022
1.01017991437178
0.125906677699485
0.906618053478918
-3.00259304173686
0.566398520055307
0.560161717396427
0.757810675662354
-2.50628256900465
0.0131980951612497
1.30879382128551
0.0653718411832416
1.69391224704754
0.90265917788733
-0.0142763801082531
-0.986687333067584
0.252011731411547
1.17135750713484
-1.88222321458049
-0.418428787815688
0.355439395531446
-0.185793650404186
1.08998536965263
0.643258064090204
0.634041308184235
-0.713376686974441
-0.309472084634601
0.548505281884985
-0.579283270153833
1.08864317775626
-0.369578465334138
0.150192839436275
0.797025296997435
0.633995411641269
0.0100471571307951
0.650948749614781
-1.36887536233989
0.369290491378433
0.933421892291133
0.750056709873134
0.798758166689701
1.64278110160568
-0.267832013297588
0.49675374896408
0.170878282765266
0.310966749883245
0.558484846335106
0.75458503644602
0.034543607063385
