1.25913982046161
0.700115723532137
1.78718211781336
1.06872756663717
1.17197270150945
0.775848106398653
-0.663185683798932
-0.02895038249917
-0.46727157784574
1.90285370773604
1.19059483518498
1.25446260948836
1.71540645767208
1.54937390354524
1.62157263498293
1.32018979381247
1.7392206553207
0.605897931025659
1.15005606620691
1.01379974518601
-0.930206948244571
-0.438238910417245
0.0217725678464656
1.16838783157734
1.36133655721826
1.55883325796619
1.41930113008307
1.28139674978079
1.67366826165183
1.07221198787477
0.63335973180173
0.590776659487005
0.995299769695828
0.353606571967821
1.20704447560408
0.241941490350798
-0.34727923129858
-2.07461176173895
-0.178525812997774
1.26631658557657
0.907575713334673
1.12334046353615
1.27265986180706
-0.724732766783649
1.01206258753541
0.945623814879542
1.32286597293418
1.01539684644897
0.860278833072901
0.434414413761095
-0.0961339654705677
1.21097947868821
0.56893605043316
0.878440067235586
-0.645379254850722
0.297387273082205
-0.415092391784338
0.383782693187296
0.0960961873791665
0.848848385968081
1.4517536553892
1.39114514428858
0.0632989833641339
0.767190804864561
1.53548142721165
0.809488725604629
1.06865963922003
1.11835288219185
0.426405693249797
0.695552631181034
0.133342974936305
0.663630529494084
1.29481588429936
-0.457114896125002
-0.902384023127712
-1.04977845172509
0.313708251071727
0.156014644301811
-0.91956668948511
-0.17423050296342
-0.422923564378176
-0.635932869995449
1.16054809859985
-0.677755636914253
0.35335818592329
0.12115425338069
-0.409301448659618
0.560995496050494
-2.01552996248281
-1.48448394289358
-0.649175287205486
-0.485848441596029
-0.775026251068754
-0.399669123089437
0.639612040895904
0.589469921146488
0.378640085594678
-0.150838112692065
0.0665249389832051
-0.298339396097785
-0.773506878667314
0.0421593738939583
-1.35819877531151
-0.509678647942074
0.0578150291683036
-1.56397058527229
-0.767343173385263
-0.214107463281647
-0.742647779482534
-0.0573954855476045
-0.00728060484004682
-0.893014948118797
0.169883529986191
-0.599202490499479
-0.91174840247969
-0.353664723113171
0.135753623632464
0.214356272104408
0.0276625727295821
0.0818337993982224
-0.57415240915803
-0.0428203342445436
-0.266589059436099
-1.38785152277894
-0.233350698603943
-0.0222599410733432
0.319145057398933
-1.21527055810079
0.060997008192161
-0.641461930071122
-0.115043617846237
0.153909639356127
0.797955535998685
-0.679272267535285
-0.225091711726128
-1.57242524795009
-1.60544189447192
-2.48677046211392
0.0770386189662909
0.0378785460240676
-1.96764564769837
-0.114886014999607
-0.483156188011338
-1.06175316834194
-0.168878457349253
1.04309932965903
-0.125357392026263
-0.734041703887041
-0.538462246741855
-0.0693361802182952
-0.151797821542834
-0.204357703063984
-0.180128612057203
0.724951726708592
0.123713250056611
0.281409513648424
0.246840201531265
-0.0676206472586016
-0.0920382492395773
-0.52717964739659
0.585597898481514
-0.4212042101907
0.517559209544221
-0.212314567041051
-0.411777475045477
-0.346610582058119
0.292122578305675
0.208499214744655
-3.23532619112538
0.465777053772375
0.183268830323263
-0.232154864205186
-3.32885700941946
0.229659785130854
0.351245890346836
0.542356863176969
-0.0760407500625952
-0.329389233076182
0.669145817846287
-1.78166728637756
0.482348849966512
0.487325067194385
-1.66655065303263
-0.363045088812565
0.609918244587484
0.603100043710664
0.892345687067011
0.833966424789698
0.61436787430331
-0.199762845032263
-1.68229190575105
-0.319494823665937
0.218596726968138
0.575448306731834
0.146516357485777
-0.012594027609345
-0.40185123068266
0.288679074210526
0.291569705193436
-0.833302767200257
0.111165677364948
-2.22380095287324
-1.06724944121083
-1.83026161270923
-3.05112165041684
-0.436082742490329
-3.02404733751296
-2.34905766383848
-1.73459608850444
-2.33869989083613
0.299348178725038
-1.38605571594857
-0.186916340103928
