0.775059441762518
0.394544021685122
1.07668805894964
0.673836716816881
1.07140776549516
1.0069099995138
0.940530132253402
0.712155871771509
0.800868078092207
0.814929371282379
0.976397775882662
-0.137045649531688
1.55396187354068
1.30576983126279
0.817475459861495
0.0116212734643479
0.481834160017312
0.00977828668111109
0.49470182204488
1.61711274381329
1.5627711486928
1.38266144177284
0.881474824441471
1.24106488738863
1.61864624492348
1.24002074492324
1.0539436622144
1.69633777422873
1.63647908503639
0.985823623739857
0.884238088327508
0.942249407341308
1.2893188716967
1.690867749065
1.17727314870864
1.45841084894454
1.2289472754513
1.34724445782292
0.122659544100262
-0.524332180893022
1.13576035545278
0.763038888766647
-0.750447074534073
-0.212830024526485
0.913984549209601
0.501927972253412
0.741635038328463
0.470323207707643
-0.90836648885138
0.981819794216965
0.733618324888693
1.63832390030265
1.91565789174413
0.600012423897477
0.315058421129335
0.702103622548727
0.945384062808296
0.711581017767613
1.04057885652927
0.651462984998114
0.123261152801327
0.682818224043782
0.149418841651937
0.238890893514203
0.0291699085557487
0.953775633857458
1.25882603988256
0.839028818123616
-0.109043381683068
0.369125780798232
0.238393672395749
0.485012589987047
0.0797706891842389
-0.828213068195631
-1.65694933621959
-1.69373108172986
0.673570879763677
0.277696915468209
-1.21286997181603
-0.591669569337602
0.0124108978349626
-0.0188465547931343
0.83284711505746
-3.12501036112554
0.00489796405364878
-0.00608681999367183
-2.26429367706154
0.771305554415799
-0.89838585037354
-0.116407790685605
1.14094630844997
0.22430816001683
-1.20706340251459
-0.795743091846569
0.80948085717454
0.826258432792395
0.830050873950684
0.609324990806402
0.983773482615509
-0.765867810166068
0.0312307984713014
-0.34326034014418
0.266788333417648
1.46456981426357
-0.870366241198519
0.477506387867399
-0.221601509032823
0.376045278338842
-1.53306824286021
-0.332029300277323
-1.39261667384455
-1.83985364235828
0.25898497713216
-2.05293019002803
-1.67341598208474
-2.46089852550263
0.267927474147469
0.323276071842937
-0.55836751342868
-0.157397625137505
0.198188849754953
-0.245106411342567
-0.271779716806992
1.02872211378367
-0.199119645169665
-0.188888621796954
0.241081353025592
-2.10380479990712
-0.104177665466009
-0.923868572843045
-0.621606524121009
-1.15015415711097
-0.0518551322423674
-0.57752549448801
0.991295505715176
-0.899510130847875
-0.123902831385293
-0.0746656414310655
0.33153216269725
-1.32047626714743
-0.117614670957662
-0.153535069368301
0.809023830998526
-1.80221436380104
0.150073113583487
-0.20381108502399
0.23926119950747
0.189961041976644
0.441070438030798
-1.03132966669677
0.358677041893576
-0.205419424961134
1.38323649287717
-0.748176006812699
-1.07943688846425
0.23614311126453
-1.38737309134517
-0.0329638163937306
0.0997376501099958
0.762044497192538
-0.0431528732572426
0.04753783622268
-1.1757753081688
-1.27414763041187
-2.42463625859049
0.00635661565206376
-0.00937014078535508
-1.01307997955127
-0.80110106904638
-0.758450368189385
-0.473548204207708
-0.144275350897943
-1.5343657974473
0.0174932085879723
-0.389596471554744
-0.088345185867203
-0.40667223623055
0.162359552488868
-1.17274679287754
-0.718532042229576
-0.605376446383001
0.114869876095563
-1.40362801573012
-1.31254233677655
-1.2096932298115
-0.860249476040561
-0.684869057734123
-0.3976800706953
-0.184095027011188
-2.29012026645841
-0.89725632387604
-2.76935909959044
-2.09327998171511
0.169784545785083
-1.12280842311998
-0.258501362517838
0.154426778188731
-0.167716445586921
-0.0838066219908964
-0.733865286958404
-3.46031356886933
-0.0200620467502983
-0.457269553359654
0.0535511275361826
0.55085673926246
1.96532473760226
-0.08800592905197
-0.314968828496035
-1.1686651305906
0.072533365895581
0.370319990041509
0.107104342800937
-0.0122948506746879
