0.992218117900165
0.933327150252977
0.246948937453959
0.308478261333247
0.464994155857963
0.479274039159235
0.400371979281377
0.515002264942599
0.661491216754265
-2.57127023074082
0.605808941943904
0.908470799308376
0.626070562473473
0.600055659771192
0.475180615093462
0.00796518466517101
0.0903945437367178
0.926482931311486
0.79761611731416
0.580544212447908
0.2397948773462
0.467905269421655
1.22310787104899
0.578286050832865
0.810014421981473
0.396169619500432
0.417110200680972
0.643824570575904
0.601801665705908
0.558399506752093
0.500462992603064
0.618111497882173
0.483447800720378
0.791800046458471
0.18964629769817
-0.0807379097213866
-0.0222785142056005
-0.337662504473945
-3.10868774212715
-0.738807471933508
-0.329109851092933
0.317062559540199
0.693933745656726
-3.38149225367906
-0.246219561657435
-0.631178756119469
-0.361552169398992
0.532962231320925
0.433083276221262
1.20031437980241
0.850743580369683
0.770597995401707
1.00836478441649
0.902510372043659
0.360423372462712
0.793661933597794
1.06879570765051
1.14057464702436
0.748285846625804
0.335662685894969
0.15393018846713
0.110668679555285
1.10749783681963
0.937800657026656
0.342245981620015
0.540714637321003
0.540315596337473
0.368792788930303
1.62735231499538
0.471540438854638
2.03931734097656
1.24903746321892
0.246076920989569
0.88803125330949
0.893711729082459
0.639404492547268
0.0258320661589802
1.03621934670262
0.800755793062483
0.564874305736738
1.12065790483452
-1.13037958762301
0.276104779216564
-0.00808828870690532
0.23251779979258
0.798304840679363
0.398579248877378
-1.02644071840233
-0.0557167280435074
-0.217295320484364
-0.497742870222035
0.88534110305503
0.866774945537625
0.944129972314372
0.598034231066753
0.448727145318904
-0.772121010104765
0.237951735807341
0.595683487354465
0.983540875517183
0.272295576277679
0.0813831263982358
-0.237237384152347
-0.97722782007894
0.389779359193842
0.684358110588497
-0.0978044588107219
-0.468993947089557
-0.400756858020703
-0.2361582075432
-0.24473791191132
0.666344824289521
-0.9765955436376
0.139850758454555
0.112392610456884
-0.505374350866843
-0.0196004081626571
0.444123258258944
-0.296883976281346
0.397053746911685
0.95158465644045
0.681816172906209
-1.39594381138985
-1.50185918187514
-1.62682645501458
-1.41366183812459
-0.333416421524154
-1.49084856615308
-3.65880109474116
-1.19275007012395
-1.55635308094218
-2.38205449691826
-1.85626344868185
-2.09680338991796
-2.40560517629169
-1.69663090377775
-3.03498026023413
-1.84662399357139
-2.33253551769463
-3.37850734683792
-1.98550841865673
0.0378070972815493
-0.64847822191061
-0.00500708819216454
0.391518811823066
-0.106437103476577
0.748864705649552
-0.0218581260412103
0.527039724008314
-1.34235741769885
-1.4884208648658
-0.630552531720359
-0.514546675030718
-0.758426862637467
-0.0195100641343244
-0.482856394814522
0.0508759469927571
-0.358334069424857
-0.375330044043001
0.391231706089211
-1.27129408459253
-1.95761820214109
-0.719420969486588
-0.415976843552554
-1.36183828047357
-0.434544462201139
-0.0796553013808308
-0.531593949006152
-3.05689466119499
0.186133659822718
-0.348717117039422
0.256752204297719
-1.23195284397803
-0.148326786215282
-1.12894926323229
0.516997027895129
0.944770718378854
0.219794388032906
0.86938470625305
0.591066910473806
0.878486277621543
0.272335451519864
-0.13882788685949
0.335012144693038
0.709853789863973
0.665452859263922
0.367735107422033
0.885091878713287
0.923536958714936
0.333558860212835
0.7455756587964
0.113213426300987
0.0311322673998958
0.963578729481602
0.392917408765279
0.97136859613123
1.01213581206826
-0.0419980044315624
0.214534553558525
0.667137677329307
0.546849570766785
0.777710163200565
0.792641735142173
0.82715460616632
0.193303077533897
0.294068598981962
-0.206314135525704
0.481162944359175
0.711965361599247
0.873447685728463
-1.06603898221015
-0.534602821614602
-1.21139852094498
