0.623777668786954
0.34323783099833
0.629896585168408
-0.822423077366177
-0.0949522377588731
0.944945175102105
1.19921933988156
-0.458709708239005
-1.5238088033082
0.902865145219907
-0.107406763030289
0.696868592236131
0.969677606523846
0.865557386914732
1.24321490775274
0.171960777177056
1.71446196538804
-0.578610149572266
0.627025317645382
0.451541386510011
-1.05302261404066
-0.0604949776535689
0.565561819143761
1.56228479522281
1.09382271582425
0.674179276212015
0.186361774661399
1.91873267432666
0.803069625697014
-0.49013474066726
-0.604843941158826
-1.46719143247992
0.927496989589541
0.457824566883484
0.736453945693061
0.0266926154763383
0.887963201378818
-0.0409032943241644
2.09631622281723
1.42503821765059
-1.15864253515904
-1.86235433086995
0.775365876926391
1.39475186021091
1.75676129768507
-2.52476208762327
0.0177914557073567
-0.110954874587299
1.18628913616269
0.412573340580886
-0.402203315265033
1.5045640768554
1.07325264319838
-1.44407406871434
-0.107201786350901
0.965578431353908
0.680579180943987
0.538122061517739
0.691821622239491
-0.360815146519085
0.172529481987824
0.220943897206282
-0.325191332790693
0.329532153983058
0.610037214651045
0.911034779676669
0.41121350587702
1.01587866092348
1.25930744308589
-0.30755400968733
0.92255890081725
-0.230049086392818
0.386791032716485
-0.0212527563684197
-0.320146262198235
0.147421143137457
1.47197961923339
0.142287853999619
-0.146431112652659
0.810846542107087
-0.816058364520966
-1.92710189779881
3.19154975453705
-1.45089921437965
0.820595957919761
0.176411447489953
0.291572166420758
1.32350259637938
1.31796946266271
1.01093707412173
2.60156747187375
1.96028494806544
0.182016367291372
-0.409978228948723
1.06425853365386
0.387787537316748
-0.400771354268653
0.189257125496235
0.942400437019413
0.348418179841429
0.127855027977492
0.667129669062756
-0.108673246360089
-0.971144664070178
0.190103014279529
0.737864074143422
-0.391799041538034
-0.193372008395095
-0.914577761021947
-0.102589164237395
-0.925173113674502
-0.37703198441325
0.737487599930736
-0.796205722370121
-2.42367292624626
-1.50029420838597
0.424827663102701
1.65306010957664
1.20853255119341
1.56534036635164
1.59804413300538
0.96524124914827
-0.591220544372922
0.342840295934882
-1.17942678752138
0.374575719000964
0.925128179884688
-0.541383062642522
-0.251800359421998
-1.37504719249009
-0.848476784094184
-0.498627193089195
-0.590397763999045
-0.813256624184715
-0.824622948436407
-0.692299927044575
-0.999750394407319
-0.91757396762768
0.577636450123617
0.345708589370187
-0.0442219704924342
-0.191575230117925
-0.714924739669231
-2.04835886433903
-0.719995311139471
0.0836667643046585
-0.0557736505493915
-0.267623579755597
0.408340844990352
-0.487379294228568
-1.69346902164457
-0.467504280300995
-0.396744942226834
-0.473858481068435
-0.921611445337184
-0.180177652632664
0.623625309918245
0.383779618633964
-0.202215291665682
0.157384444139379
0.709452641922043
0.528536430018365
-0.655720826435199
-2.56513278155335
-2.11978769871323
0.64053608867236
0.590707677943775
-0.825527450746975
-0.267766918314303
-0.703420455553737
-0.458023759783573
-0.883482500143561
-1.88988622945569
0.777779111264493
-0.574932709553012
1.28761938159575
-0.510874589161725
0.0883554126501954
-1.90105138182004
-3.10001146653376
-0.590062651095834
0.0355105829872661
-0.589773279142483
-1.81389301496219
-0.386078246466541
-1.40192872084825
-0.19403834429236
-0.149628457651011
0.210218420827918
-1.25815794484039
-0.549656058528776
-1.30835563409743
0.638738628768627
0.497657253174684
-1.14464861331323
-0.387941983168966
0.152562974697215
-0.0413119982252588
-1.37217400260951
-0.230177045271251
0.123050354709454
0.730096430298965
-1.30617670350987
-1.00079067042767
1.08593328504704
-1.11628163042367
-0.495336588501847
0.615423693715427
-1.71544418434912
0.135855934722363
0.828360967961527
-1.37751629625142
0.0688281418463686
