-0.556606090439636
-0.407897158295519
-1.52745323275806
-1.19666872818962
-0.792254531404272
-0.453456815692588
-0.508557251508136
-0.495483767138203
-0.698688628386296
-0.421829613128066
-1.09246998418618
-0.717985108856523
-0.611071104338835
-1.04943668950404
-0.481860026573477
-1.5270847858138
-0.617128621846959
-0.601504604960707
-0.887010053298902
-0.984267157685338
-1.51264393544075
-0.526178077664406
0.421595937356116
-0.204621801923803
-0.488492775287348
-0.390299675178134
-0.591074036416156
-0.371813815627181
-0.411323179652278
-0.359502661242998
-0.894470179858575
-1.20368892981169
-0.757076591042693
-1.19704781250621
-0.587074409786211
-1.19887522605665
-1.00071350753342
-1.17676238865917
0.429720543508929
-0.613652300686878
-4.19793213723343
-3.90381758822434
-0.508592534097601
-0.965003871202117
-2.64396475676743
-4.4332103661265
-1.25942723937482
-2.89748782813697
-0.702698461198707
-0.643629549655007
0.471933568437084
0.127522065589128
-1.28466776662899
-1.23049775820096
-0.960124553234266
-0.510145528649409
0.456858643143616
-0.0729960494674174
-0.00691219445866636
-0.719754315635615
-0.498211146469065
-1.00072296410961
-0.0769275947748284
0.183606713862738
-0.441727518454845
-0.43989228532535
-1.54456573741448
0.0157807298700835
-0.707661736349527
0.0206400738381492
-0.440454178079748
0.360542869647642
-0.499310072752947
-0.549041030756454
-0.607746699259864
-0.62814941335254
-1.10958002302752
-3.28709524024383
0.300818510718793
-0.0720039279846882
0.708680992493587
1.05953812730695
0.0822564110236561
0.819501263719722
-0.592736150342402
0.211539517292198
0.72633127594661
0.583789273782291
0.360424040409116
0.560988586089188
0.279628868615272
0.202784733975493
0.173501865828922
-0.114632028187948
0.564395170589905
0.58901286412496
1.03441656145195
0.516057874707292
0.200503865862634
0.256329436347729
-0.0649479869757983
0.478008751438727
-0.0204756637628007
0.413706338900628
0.541407111897387
0.202365231778369
0.736670734196245
0.712531964863756
0.509198729945419
-0.0872242410748491
-0.111032183239415
-0.105507053964759
1.03854863623356
0.255100972881928
-0.277308334691718
0.201836180152302
0.862641418692152
0.661254615482187
0.611465763090889
0.784671713214681
0.508532269233653
0.143336739934231
0.502906918459409
-1.43595789218235
0.176364700666992
0.746577299322871
0.389883049071298
-0.188744346532483
0.623834564396245
-0.450357242397126
-0.198375243416935
0.501124146100632
0.869278500126796
-0.311156968575064
-1.31291710292822
-1.17780758901759
-0.356930120481313
-0.291158803221101
1.13373936326179
1.06675303788864
-0.944650684485308
0.0770873703395107
0.807329228066667
0.527699443185718
0.948439158643
0.810720954354376
0.92340167119445
0.448311960689256
0.816812911883354
0.361934391400626
-0.023505653133016
0.98987244390118
0.73807235253603
0.828287829273857
0.637975465709386
1.07721875109203
1.05211355046033
1.02355632916482
0.949854992505442
-0.295304019515724
0.99439439493566
0.516674624122751
0.908540263142929
1.12247161250123
0.891111860116923
0.93971624972729
0.989961699047472
0.687935174775997
1.24725675039031
1.20535687159069
1.07421434227362
1.18975215728492
0.854248992653991
1.26166020456742
1.26419421403769
1.34186697206329
1.37510117496079
0.449437136434802
1.11154401049393
-0.0659987536552986
1.1171590108501
1.14499721249047
0.2549584979356
1.29906805917457
1.28831763551238
0.890831773357703
1.12760374114592
0.973014945813375
1.15626866226883
0.941033412259845
0.927773690619123
0.950205562844257
1.44894527865893
1.14644641583659
0.456078610174423
1.13771299349318
1.1542343567771
1.0585001941623
0.333780649589993
1.09283669983634
1.2048481306677
-0.610089090432685
-0.723447056095616
-0.50717159748624
-0.166025103394925
-0.842852213418886
-1.80973724527836
-1.38605229979217
-0.265373693712516
-0.271612353677168
0.992128212620528
0.890378223919342
1.14537742379603
