-1.34345553326211
-0.171242839850482
0.256202892895183
-0.246852457894597
-0.23601482081603
1.20859723783296
1.78255139496182
1.44241593131138
-1.97404210508468
-0.979908357525358
0.519224436911468
-0.592384864068903
-0.136802246041722
-1.68575457108045
-0.00284758911246064
-1.80582849362882
-0.904810670997902
1.04059700273505
-1.66926857533575
0.769400864933782
-0.742828337032561
-1.10689114558135
-0.267688172889545
0.948416013459284
0.192253689822606
0.553484923242375
0.730460298087712
0.328778785816055
0.474333689129679
0.779490026909529
0.484585498612262
0.169799620270657
1.00913291218477
0.330652025627641
1.14657249946535
-0.383554376577551
-0.667340086180469
-1.73151077029888
1.50082599770962
0.229853693562304
-2.49319255854168
-2.5966050629779
-1.01897123824677
0.465578080299927
-1.84078038059897
-2.09487025243892
0.301763905032761
-0.561894650396515
-0.867176629922269
-0.273244689136949
-1.4036157395909
-0.0987163788427831
-0.64715291325704
-0.457010639314461
-3.16311034590368
-3.27720191796975
0.0981633032477224
-1.01583822304626
1.05433653578572
-0.123306844443094
0.18543714798896
-0.110393014275394
0.141615105780112
-0.134462705680306
0.245583693992451
-0.161541515595354
-0.941510190898862
0.357880579105129
-0.443173565107879
0.581731792997097
0.734541535660606
0.400516726107131
-0.00264800550185687
1.14559383022128
0.399476356056345
1.01031813147945
-0.218870694353191
-1.07831915294224
0.985962053928483
0.0473420795308236
1.67548180511032
1.51002010352104
0.730106330923286
0.39506789402237
-0.188616199748722
0.47953051436246
0.426876837161455
0.830226607680967
-0.0319628080588183
0.0892122233800981
0.223854257398707
-0.120842375489065
-0.704388467475653
-0.733075684800386
0.32954843162027
0.461689281046738
0.794980620776847
-0.352606505695556
0.545933145941837
-0.395311277297483
0.632611547052859
0.85664992629469
0.406054267690359
-0.801189867384928
-0.0659037772738894
0.243536943986294
0.710532843225283
0.902190403753914
-0.564611039941432
-1.08119522265846
-1.87575431631401
-1.06446075112527
0.711279589878263
-0.722407154375488
-0.808954580638144
-0.498292877255855
1.10142680477804
0.329478471926216
0.210914151786243
0.525495846536459
0.408251297394304
-0.195166317734287
-0.286122711012503
-0.916203535414487
-1.05868154238142
0.656213063323996
0.243049037078009
-1.26146152445392
-0.467579511860346
-0.941190472889432
-0.598213503558173
-0.184014678157487
0.171184351071572
-3.24538819057861
-2.26096253638864
-2.92333221883359
-0.462472330006387
-2.13325050701983
1.0922750357865
0.445350781386182
-0.507489165780008
0.252234040472299
0.639753479115262
0.878945554858873
0.7876293247036
-0.285417469296396
0.555086794641031
0.00156620125119846
0.482960549565619
-0.225122536140499
0.685786018826517
0.820484229120455
1.08835988785734
0.227940958936798
-0.520172247700152
1.02781876716534
1.01954196107939
1.01181915507298
0.974381803111686
0.721264120778989
0.863027617191396
0.578397892864906
0.855494240573011
0.806624620475468
0.248251978880032
1.15018785831169
0.908716556101907
-0.422959966961511
-0.705669609617134
0.880027524498591
1.04791578537807
0.547640270989217
0.0167095206226537
0.987856532949804
0.959704956274159
0.911128174698939
0.74446311411039
0.33690070193678
0.666061213611745
0.159406182637193
0.877843750264282
1.04106991609527
0.269466214779395
0.943206101160135
1.2252716740542
0.975047240363816
0.192001499549395
0.687056845844068
1.10320811210838
0.817218748345971
0.28954011064038
-0.856669191636951
0.904889933183581
0.796186338345353
0.977883120389072
1.0459114792878
0.99322089694146
0.898265355263121
0.316796798788386
0.725712323581267
0.44173542803506
-1.31445542998264
-1.83033492091703
-1.58417470395442
-0.717862150856748
-1.91996736853197
-1.17939235831637
-1.66076616343021
-0.859410747624721
-1.56261243468315
1.09513568245289
0.987306443692441
1.12816796307455
