1.83020248510983
1.88272064071796
1.17107937621089
1.06821923345326
1.34534959839538
1.6362933076804
1.63458182436292
1.5364687309819
1.313939649033
0.820669297327952
1.42477021477651
1.68504712911357
1.53659396270256
1.44029966533956
1.34117767170713
1.31402569581824
1.32311859273904
1.40529285990994
1.62383763367286
1.64768360327953
1.26329650104863
1.31556385358563
1.51141486828949
1.49289638880235
1.65078852989996
1.48626686952374
1.48457049224762
1.4805610339736
1.58071751046985
1.47263113996852
1.53635131343647
1.32612050453933
1.62858882117254
1.57869221319056
1.7093123107078
1.5112547419547
1.69792984757814
1.20892428537207
0.878392678268505
0.854355741265838
-0.400549897462321
0.43724705395419
1.38905774189009
0.746293908177601
-0.416769021497784
0.0668574439266967
0.36155036223373
0.56703430758093
0.951125084126764
0.888315631144529
0.886333054539482
0.64316796457465
-0.0809687968477145
0.960727301374567
0.571950637705402
1.03005992760902
1.33824424236188
0.956778519122562
1.52604083671026
1.22465830996155
1.0143716130838
0.606645786476215
1.55880164376099
1.2289185641094
0.867762250408292
1.07284955791154
0.535897741089494
-0.360173846302767
0.85598630044994
0.564673929078665
0.855018940786601
0.45655595276738
0.437865148019763
0.429419753449543
0.341475512000637
0.074072047442036
-0.303733174416552
-0.388939950022056
-0.197848426851106
0.0526815983692778
-0.514662061602833
-1.69700530743118
-0.267780927845614
-0.405240581722775
-0.31182376262983
-0.103041564537426
-0.790236771831001
-0.652718064919533
-0.42122384941491
-0.814990618472699
-0.0439986286033196
-0.0195025171976644
-1.3681287806383
-1.24184457652415
0.421464459013597
0.583906715867632
-0.484432476372818
-0.706915511501213
-0.149871789763071
-0.73134249659773
-0.25919672080561
-0.496373320385954
-0.403170303361156
0.102138892995415
0.199943230272482
0.17888140080393
-0.889574077097826
-0.414916965301274
-1.09651256505724
-1.01362772127861
-0.794658492516336
-0.715484394304027
-0.830285267652108
-0.372883480799338
-1.48125077230179
-0.821375341044517
-0.509231453729496
-0.0859797523763781
-0.61109190204666
-0.00921648427490053
0.439028923262056
0.131698052851056
-1.68440537553986
-0.616442588976869
-1.18658191436911
-1.48017499689115
-0.747307959550145
-1.04992935902784
-1.04575705463612
-1.17737518071395
-1.37463988025361
-0.934463229833772
-1.04366879403836
-1.39051517814402
-0.186099838362763
-0.916100716131153
-2.71092958323591
-1.60712950623735
-0.418701342538814
-0.926579980896047
-1.70078999931199
-0.945205231951207
-0.741551920798041
-0.479195068818244
-1.92178458902072
-1.32964720278717
0.241774634286374
-0.0045452581293921
-0.300136210975787
-0.512017499321394
-0.575103591063833
-0.975885735766973
0.0690235219218322
-0.62682212964519
-1.27780021101635
-1.55046731067247
-0.170882352401022
-0.217723359126514
-1.05737759408979
0.0452037882518598
0.90919382193647
0.125285990168937
0.546268252063218
-1.17757276157416
-0.807237946337185
-1.34786812336473
-1.10091359346949
-0.991860879220887
1.21826843537286
-1.11532566740828
-1.20221112783695
-0.719171980115689
-1.34896778570215
-0.812723834946976
0.451987326883718
-0.0612662368684944
-0.691445906159964
-0.297727036023545
-0.855352008856893
-1.3260693599028
-0.880728462963194
-0.686577467059963
-0.765544270696035
-0.896263480300962
-0.649037370562366
-1.01075589045707
-0.890350818799927
-0.656377250602081
-0.779585282333561
-1.23934466671584
-0.651631608641133
-1.06558238299092
-1.21943320677964
-0.911410350745895
-0.938186878294066
-0.688653064961251
-0.437393984370495
-0.765147463083561
-1.28681021237593
-0.0410204931490538
-0.371259621416272
0.442117310954088
0.133219301448091
0.380247118330191
0.236613311263345
0.0817816223960552
0.00288502840306674
0.0109202777610439
0.369834807311799
0.560745736853444
-0.259798690669221
-0.701856052844596
-0.820098066284012
