1.27669738770998
1.78934137725209
0.723939092931506
-0.693228028219371
0.243693198588746
0.384064856976509
-0.282438041856932
0.293382166140709
0.61993776963035
0.636724428108799
0.686546275110595
0.849086727029777
0.802709020794898
0.562972641513123
1.41113208909069
-0.147493342526494
1.02423592918618
-0.478535847908802
0.751509923404773
1.06931567460614
2.08615892458801
1.97853828428784
2.09382665428411
-0.384635558004407
0.634083093754055
0.0794706281494681
0.0441571764676907
-0.104312079945633
-0.00499075171526748
0.216477619336067
0.740042446023572
0.54204936368681
0.296250340864055
1.43224497599347
1.14766131291679
0.288314856359483
0.211511101327112
1.12789298149147
0.0439958255062232
-0.325358866009144
-0.307682031793152
0.53167434166106
0.404881941667568
0.0109402444038883
0.0158529840203765
-0.204340708638974
-1.02948783654533
-1.43277714859409
0.0868863864011471
0.595877737481924
1.19590071634034
1.89420992207217
3.02435521962835
-0.400845864874507
0.59637594135928
1.05251279583768
1.13135909198641
1.04254750955046
0.993414517414192
0.6240110663501
0.545088595817633
0.142337460408395
0.440275627742427
-1.0435099297446
-0.969886256639209
0.292916104548637
2.03880213791543
-0.619950317571352
-0.861263639870199
-0.396233671391365
-0.857435394439795
-1.6797192479009
0.27945938054412
-0.440240282151003
-1.1104075063381
-1.94510474268806
0.208932886767578
-0.550967458632423
-0.646515212610504
-1.28430747653192
-1.64652136293361
-0.966581031942937
-0.910857244307848
-1.61950009193692
-1.22219958366879
-1.3511742333771
-0.832817575975201
-1.24859970947514
-1.56797948493893
-1.50270665949018
-0.671778412063209
-0.497659466383611
-1.53613985117879
-0.839054181796562
0.989462605887276
0.798300493398548
0.411716334286954
0.835352650469633
1.94094871894964
-1.1521570270307
0.464914702230189
-0.227655527068278
0.610116980131149
0.228897271122785
-0.254466035725552
-1.01591432932683
-0.110035381885777
0.992622881540133
-1.37446313637324
-1.04789803488954
-1.21877257024169
-1.38014790884383
0.559941498604083
-0.608353911819133
0.197415592002343
0.933400830296515
0.075950378216691
-0.319684422322569
-1.37168438040119
0.427326787348391
-0.763237864359652
-0.0414183449386784
-0.346013639548874
-0.962063677433328
-0.542971128313356
-1.16476882734339
-0.80629279516634
-1.96490529328346
0.196033556135621
-0.290256891545735
-0.579846543948996
-0.868294318018083
-0.114176268702917
-0.765542089088186
-1.15551438501985
-1.21076339214984
0.150775507305024
-0.807618025850886
-2.07214804315566
0.326771550763849
-0.620334485643111
-0.705904127388439
1.26176261003852
-0.414445977249626
0.487977647061395
-0.216339282788692
1.03474314279631
1.50210098388245
1.08013284663344
-0.489668370885157
0.243330669930473
-0.141813694671615
1.72866168966152
-0.86795230483245
0.303961020437669
-0.0712711167050585
-0.207722345532637
0.198497577358103
0.840123275261229
2.25390550874846
-0.38727975728308
0.29198595292356
-0.155004816861674
-0.58428377668578
1.27946077130511
1.04462243348079
-0.0266188428962619
0.923815111273594
1.40338795941685
-0.533278431363889
-0.207530445169777
0.688873699545842
-0.837013804802759
-1.71137770026709
0.624672963427222
-1.02955931070732
-1.3410281860945
0.13067732301489
-0.556536753773849
-0.463653588369762
-1.35488658000082
-1.38894661177468
-1.09717236769451
-0.264850139610426
-1.53456388384474
-0.816735722875294
-0.924367616949164
-0.695458962938917
-0.567974665680667
-0.81685361266178
-0.846720584238878
-0.621281842648004
-1.42957889103529
-0.900654860502138
-0.407935210867882
-0.264878562447523
0.0915110839865474
-1.16836988690493
-0.414872371870596
-0.964640874203314
-0.855189053435842
1.98208815878482
1.59796791677129
1.88755352773836
1.51017130249374
0.708282666580922
1.32195702674488
1.64523828015007
1.38020836787119
2.18796760071959
0.89038015184529
0.986813785497505
1.16749160146316
