0.509220769798103
0.594405018953379
-0.461981066276121
-0.979291635013059
-2.00250552178341
-1.17469835258504
-1.47732964477421
-2.50579915618331
0.182580412498938
0.952514636592619
-1.35433221914149
-0.839622711232681
0.169908554273871
0.838459544427543
-0.874144072055848
-0.47817592225776
-0.124545422823597
-1.76444233111125
-0.567760144865387
0.848787128404286
0.514774627900323
1.31365428954401
1.04656598374956
-0.435861236826221
0.394722426104058
-0.333554523532096
-0.770830515564304
0.732694054456303
0.0106693751775306
-1.53721555913039
-0.726418789502652
-1.38300555183108
-0.270808317170983
0.547137789411063
-0.196147556947737
0.707063353237286
1.8440110207501
0.432317907178587
0.64307241006512
-0.991242646901929
0.270531926748344
0.904873599873845
-0.69830051326661
-0.449423496112067
1.65360232600268
0.24010571823913
-0.900337364681241
-0.738673732075038
0.1654639898675
-0.342840253970374
-0.132468171404233
0.199372986151298
1.50279808911081
-0.23554385586875
0.317602496269575
1.43605391287001
1.36362080050248
1.97566781087947
0.0139117612456022
-0.703858341440851
-0.427399924981477
0.284567304227659
-1.10122834091351
-1.66618551096679
-0.948306854527925
-1.21860884157831
2.08131171255259
-0.289169030745932
-1.7252346096386
-0.580352860914723
-0.95395814458959
-0.571882757072005
-0.447001954539386
-1.13276227023818
-0.458836173345265
-0.227919373143364
0.910747868490931
-1.69740732452528
-0.338754951200949
-1.02232772007343
-1.39419339815264
-1.25526957292174
-0.318992519998151
-0.287662970413679
1.73644192451907
-1.1799131183277
-0.511094992902366
0.437778263234388
-1.45581140995241
-1.75558167013167
-0.193065266696731
0.141511943895308
-0.354144251919889
0.408019713881994
-0.420176480511746
-0.229179384803406
0.20617293966008
0.86176522499796
0.736379980086891
-0.516875090457558
0.817175531523088
-0.546804641695264
1.86234495147512
1.43648607796587
-0.362947891840178
-1.19892474671654
-0.194047567427572
-0.42344834048015
1.42787745625259
2.4301781018022
0.509373373503724
0.129090884070744
-0.51697267092375
0.168642885264483
0.291935914710451
0.365280329564203
-0.519471245428853
-1.43678993366311
-0.390099978398886
-0.0189662706243021
-0.820112588177849
-0.584909311404635
-0.648252582964241
0.311156454111762
-0.328409616521754
-0.282897196546158
-0.176342607792342
1.7627592085662
1.23943361969741
-0.03937045124576
0.037487061216847
0.15724520990712
-0.216104069544946
-0.711749104192808
0.768916979336966
-0.10415466538046
-0.601916824787899
-1.60222613843714
-1.27680040270607
1.33434352261714
-0.249386040265615
0.371022408260997
0.405499839415103
0.652469599955258
-0.228855021078677
-0.182747022960271
0.384969752795033
1.36242789594251
0.227615330931466
2.19225545208509
1.0266539592355
-1.56646344841153
-0.191104576896712
-0.000853777183908672
-0.700866122541053
-0.861051508211932
-2.68655061561306
-0.907943865014421
-0.59584658968905
1.61550757249757
-2.10332987969024
-1.15514382367956
-0.390454996940861
0.960683678333136
-0.162454760382397
0.822121219037969
-0.444575119977622
-0.860240198705243
1.31150919122369
-1.39578275852908
-0.675410488161209
0.026773367645621
-0.676559532147793
-0.640326708541068
0.174220191534202
-0.795358900653452
1.85761201186659
0.0238263769247733
0.0090089024403975
1.88195119186117
1.23857057490333
-0.236597509325056
1.79455893012252
0.319397595145751
1.68017031058509
2.58535135317653
0.171379089476686
1.09881689434383
-0.193806809342893
0.320219796837659
-0.20838846722814
1.01212588268425
0.590912051110141
-0.238619433987121
2.37937071370581
1.06557573829607
-0.000250346401058033
-0.150243495111195
-0.66616187339761
0.133801998914071
1.28636782045896
0.468717536059966
-0.15855334924759
0.484786421091811
-0.0635901401039051
2.55624465450829
-0.403958611957883
1.10408578379771
0.361954960622213
0.585717905222099
-0.858950329793356
1.6560523015637
0.401704952556598
