1.0399895101182
0.680307605265572
1.30823080491614
1.1404322725609
0.798754223696134
0.235891847461139
-0.366625742891391
0.819260120976315
0.2024639997383
1.32688240717503
1.06878265947622
0.512928775481854
1.5680564753048
1.52281564715137
1.30936330471577
0.549419709770754
1.50881757437299
1.87378218700286
0.684228203462115
1.50448668712709
0.544378045069908
1.1320964657416
0.342534107402581
1.49493912408163
1.54923103152472
1.27846240039317
1.23562177028301
1.46643308364619
1.47184325621539
0.800912377530779
1.63231829472168
0.753306494852085
2.13371673407232
1.34179832347471
2.1900711514122
0.816462314666267
1.20228507566382
0.358691865668967
-0.153642559743481
0.756842263812365
-1.29931869961931
-2.23937879832045
-0.205146176723891
-1.65425361537704
-0.786141029307214
-1.1113240522292
0.760499456608358
0.435884169936392
-0.0926525708646767
0.389580102669122
0.0954947337476447
1.34578747358922
1.51931694333084
0.30843468470772
-1.85227904325437
-1.19004599158661
0.826225120430598
0.27224175109005
0.346218292068925
0.914467522880192
1.4235729746298
1.20330213394477
0.689637681104468
0.916895442468403
1.12045375050449
0.84267960121647
0.4443336981316
0.902731732256362
0.637330291786027
0.355653835597964
0.0512619999342279
0.436317391775185
0.721933791816495
-1.04850358115534
-0.689480305288696
0.302129442113476
0.0861538931091814
-0.585940339201608
-0.350844945854539
0.544610051435761
-1.03945105135683
-0.592029521615393
0.560652142524594
-1.18578679843833
-0.131383347183656
0.250038549250141
-0.206694032920573
0.328257077196816
-0.0545650608910291
0.117225622764315
0.511416463224841
0.535547062262101
-1.03301561920705
-0.868937777550583
1.03629513675958
1.98033004831365
-0.32508449862322
1.15160516203803
1.64951091279648
0.0294724156180878
-0.231353540872471
-0.0431042062868937
-0.363629138923129
0.205597301814447
0.665331969079992
0.528596045720404
-0.334400483856602
0.24510511941368
-0.850567360057148
-0.548229199953749
-1.1251317481553
-1.79075474745883
0.479035125473755
-0.279727615628163
-0.39903562473568
0.0084627335200693
0.206007071116089
0.571855128889326
0.231951202203512
0.533047022499771
0.348669192465995
0.171912915041511
0.558843822780246
-2.61186972859552
-0.162267329073493
0.500612422065717
0.324082137247966
-0.994642243936196
-0.846786199073067
-0.0861956318696049
-0.1712438937984
-0.44781288293048
0.606626622180883
-2.94831052320871
-2.43362190421236
-2.24958908883784
-1.90608590143368
-2.10304603678337
0.412698445038022
-0.381553019277303
-0.828847795915932
0.13415162498486
1.08500741389779
-1.88389847958201
0.101310435791282
0.0295425476831567
0.62880396859885
-0.0436975034062637
-0.0963232366936123
-0.863438803972321
0.0668340025495781
-0.332000135543886
1.54649729860624
0.5513636484609
-0.211013802622819
-0.0279766840811428
-0.545137345325099
0.051442061867575
0.25983309093291
0.798990306910754
0.0589857252306357
-0.36749002887211
0.140411841504071
-1.09773009183279
-0.579487788986537
-0.680396065696192
0.392125679467438
0.185064544002999
-1.37121451389615
-0.850202131115722
-0.345808739526433
-0.0577286079760912
-1.25703629909668
0.482489696076591
-0.449569677371812
-0.237219036733004
0.321908921906536
-0.16601577746295
-1.60533404373811
-1.09900573926223
-0.201244462307735
-0.390636650147026
-1.36365994002699
-0.64666217888882
0.706505622679541
-0.205924493968831
0.687211063499892
0.688780524274195
-0.324299425103023
-1.2715749531784
-1.38831400587106
-0.185224597474679
-2.27731182239718
0.469048392909768
-0.592813038747524
-0.388171589201823
-1.28264912231145
0.251567004106451
-2.75353365040401
-1.68118333552895
-0.579420655656758
-0.844405006702153
-0.715608107663595
-0.825809242000956
-0.794373827799077
-0.615388114752943
-1.33671425415067
-1.8237762906068
-1.53743879413549
-0.904478091732038
-0.299352218935494
-0.885501922635486
-0.953121114931441
