-0.0907321634955841
0.462618746565144
2.36392678805789
2.91057967747019
2.7226446182813
2.61670213468534
2.87389309532133
3.11386218938445
2.12860595471278
0.957713833516599
2.96029538139064
0.930916636565016
0.387007362615086
-0.108835398481146
2.09012613541823
0.90459770617458
1.66809276763066
1.82761729544184
0.524745826900292
1.13836671100742
-0.52378102013029
-0.0568546493116121
-0.0907092813079649
1.43943419961109
-0.0817417150436086
1.4663671748736
1.97749454133511
0.0443915669474443
-0.265659813209533
2.68498468461101
2.83446597348633
2.67400269147309
1.60316084405725
-0.755670041635526
2.07784141101734
0.124347987275775
1.38052192673742
0.122638543681801
0.679398156020101
1.02531865887563
-0.411000126235895
-1.06733624437998
0.802410150534421
-0.134343603732115
0.0824256809033471
-0.873241314778236
1.37073287360508
-1.34040232413049
0.980649355728515
0.0222862661130433
-0.0317637284148001
0.399474173027085
0.284191632277647
0.509868239928169
-0.400488827998261
-0.162792465988435
0.0905839009193454
-0.345726153451094
-0.0247945137304719
-0.420760145587648
-0.550473843447439
-0.273799495648306
2.70765812153905
2.17340666670836
-0.120880476364342
-0.0490656469927476
-0.636277323313562
-0.380296818468013
1.02962959646072
-0.303217020372168
0.200171981191047
-0.00856692700150435
0.020316316782657
0.678477255552965
-0.0628325669501975
-0.283309819509985
0.00118721209766859
0.174338303237487
0.279623741706922
-0.18815940682672
-0.545677683881461
-0.408990169470783
-0.455987899451344
-0.410688960106482
0.113260919865274
0.0685369684322718
-0.818268435249336
0.754931559670065
-0.384764763933198
-1.08907766359357
-0.365894931610604
-0.133200521180801
-0.148062917475878
-0.337189780858665
-0.408609664538091
-0.683790065838392
-0.645474221344021
1.34348422435737
-0.344306852112778
-0.334670402157758
0.952009388628954
-0.613912182385568
0.889487874019576
1.83838730278466
-0.412107426340391
-0.511357552279886
-1.02914406836825
0.128538869551412
0.524301168685145
1.03690254394988
-0.29799473350542
-0.231869031489116
-0.442687536470576
-0.695897998254135
-0.333990064815394
0.337437640132292
-0.838524800416162
-0.348869285012268
-0.224061949558494
-0.255326759348038
-0.496942650202741
0.36466205397308
-0.556381091050203
0.206386554467574
0.41734078576038
-0.126814545549499
-0.122660273871885
-0.178406831494903
-0.824318968507979
-1.10610930499118
-0.674898241264697
0.351195918278075
-0.759257974679537
-0.0360560123661966
-0.157189555070486
-1.03936074498422
-0.388138668912235
-0.316626037364943
-0.810750177520016
-0.876625062172107
-0.118200867001481
-0.50310077944454
-1.07382519769489
-0.314506469925164
-0.742847446137749
-1.13561564920169
-0.813364501908526
0.0501156657021196
-0.560982801411957
-0.935835733860743
0.180049025088395
-1.06564353881704
-0.797692950985204
-0.994880558406781
-0.871536217923226
-0.862453806100489
-0.763374603380751
-1.05004809775146
-0.643225815726825
-0.114270699249281
-0.924386089390447
-1.04099198642906
-1.09209898287825
-0.426884114678978
-0.760169168492008
-1.00064422237078
-0.748612960893817
-0.472832227428345
-0.630684786839108
-0.072622200510619
-1.0049675959378
-0.147672740739713
-0.00149114242820084
-0.961533673348651
-0.883330029625266
-0.725620226923119
-1.20502543445288
-0.411747840751823
-1.08523237515685
-1.35216887437615
-0.950523012880627
-0.945846350545578
-1.33978066573205
-1.18569737154993
-0.996593227604709
-0.817400639695513
0.199928924736396
0.663423560296616
-0.619732756057738
-0.624934982051854
-1.20223331917369
0.526731061612923
-0.912648772682681
0.218780225381244
-1.20167429401962
-1.07667667965626
-1.08918743085591
-1.22307127079155
-0.839275540761069
-0.908297900702912
-0.740327286708801
0.774558283488088
0.467732876665296
0.689483330095909
-0.101621843373206
0.599596235536005
-0.356737484910888
0.550627227052259
0.552591573867186
0.745530839795044
-1.07183830855067
-0.641313219307264
-0.65014318814928
