-0.23046479753956
-0.917328862493072
-0.00570399494759458
-1.03581818390436
0.29885397979785
-1.05046481987601
-1.0042431128224
-0.945504273658651
-0.134933946851637
1.71330986347528
0.100737058783781
-1.03114861771195
-0.18762236888906
0.358847280468025
-0.470376067643646
-0.759171734430183
-0.467116523768816
-1.13496394693954
-0.55853387845124
-1.14244103393377
-0.409767261751956
0.827575947892053
0.763712152706176
-0.834280379164815
-0.925736492992237
-0.400659410652735
-0.643156649359118
-0.920218575819485
-0.402421644645539
-0.897743104640691
-0.583029672361239
-0.984418314688893
-0.705248168870368
-1.16797785982878
-0.614303381991128
-0.232016582545025
-0.614374268494715
0.737691687210575
3.03392709666741
0.585693910105312
-0.265391593014117
-1.287732310962
-0.567608921367892
1.71201778896087
0.63322528866964
-1.40624080141745
-0.243731319659227
-1.09002375481158
-0.170912267538071
-0.952745628915063
-0.798135566981423
-0.594631855611578
-0.267906602901629
-0.195044463682417
0.365810055333366
0.197139238449673
0.489312610329013
0.0461784936052404
0.0538376345742386
-1.1365015593977
-0.766576310168847
-0.203586654875336
-0.850453862018738
-0.733785891724076
-0.62694718678789
-1.29403294763722
-0.999659249705052
0.452195141206275
-0.84410767470217
-0.550642905304049
-0.714460664130219
0.268191447808828
-1.05875019390485
-1.13231471378052
-0.932743156902669
-0.366524405210504
-0.658547726666775
-0.432265880854003
-0.129338050534869
-1.19862345682405
-0.627888132097535
-1.32974118930333
0.324420531422158
0.331391998862162
0.459585943655314
-0.00246619424165351
-0.642253244717115
0.571459025120099
-1.43672611254302
-1.45236157764702
-1.38693735303395
0.313766180216657
-1.04680826409314
0.297473987427552
-0.948398114424411
-0.185811458258295
-0.624534913300126
3.07008003237312
-0.564493525156516
1.4193612562092
-0.704937936562201
-0.469138640150645
-0.238567047325174
3.72174542354822
-0.164350148778462
-1.30846938156972
-1.00275939067575
-0.225322044451711
-1.39475679189624
2.42429835738937
-1.30046640341259
-1.36832304504815
-1.2139736521827
-0.823509625763856
-1.43741937093652
-1.00953941629711
-1.04484217994663
-1.17531545274148
-0.852666295309847
-1.40138753092477
-1.31184765301167
-1.38614440168289
-0.641190318712156
-1.38173190462822
0.267902188467519
-0.0533898048854067
-0.125279092536903
0.246986022110313
-0.666174435407291
-1.02713317789756
-0.482658975494767
0.170597831930828
0.468301131891133
-1.06340975251974
0.164124519976432
-0.91911617985132
-0.276436905733218
-0.699309100528635
0.177968089911335
-0.263586997726784
-0.798514690144261
-1.31244451532909
-0.356782735652515
-0.52914594303568
0.296316016593777
0.17705503058717
1.24687366470585
1.52693307004312
0.810736847704548
0.813550094307871
1.40969999682739
-0.389528782879209
1.37703072576995
-0.554687902369129
0.346261969825141
0.899540850280175
-0.31951028580642
0.89197812846123
1.29465252299546
2.66369444081745
1.56584693289025
1.3323615744305
0.801379715439053
0.466040585124135
0.424259059786095
0.819436323700031
0.34133633610034
0.300695659472383
-0.00866974934876288
0.584252204446022
1.25199704343041
0.917318443037691
0.812657220587883
1.80909956315066
0.131883636158114
2.44381999649558
1.08189429017676
1.13599653581763
-0.0166294489227907
0.751171123004386
0.656170906205838
0.947564958136958
0.770477255388247
0.755281631032336
0.215708703030593
0.486612884128812
1.59773518541925
1.88645586235443
1.23388838673742
0.0577050828689031
0.81776035333794
1.32826019177686
-1.13534354270225
0.946958300552337
0.248708626061957
0.299648903814016
0.565439018162224
0.765360076955483
0.808728265716346
0.704716104951831
1.62836328243629
1.43327605239021
0.546496596274144
1.34458225095204
1.15876294789886
1.29968442255855
1.11799466810884
1.49113704884177
1.56897457910269
1.40298396153118
1.05425793122758
0.169782003736962
-0.118979001156486
