0.277948051549192
0.0585131273867951
1.37955245116642
0.555588802913261
0.818369068353402
1.44888159764892
1.53512756067423
1.42057806688771
0.914669023314353
0.571034498289189
1.0385110504047
0.515727439089426
0.986763444842021
0.749076416980326
1.49974726355829
1.22047957348736
1.390292620871
0.883889930985729
0.679000441886382
1.24530508903831
0.733044392546157
0.647739132302849
0.470294755505372
1.87607719586542
1.24233160598037
1.6521310891656
1.74682063898516
1.34464826281404
1.53862172600839
1.64122375458228
1.3570763342175
1.46352409046478
1.71716391968309
0.987095509618296
1.63400362045386
1.62485116889645
1.70817371880417
1.3017550844714
-0.443890321305294
0.45766555855172
-0.585564231823132
-0.178286922962915
0.402502287994453
-0.765035374866448
0.0264186838296626
-0.42090782659106
-0.0661531408937704
-0.199786723387819
0.45125387661897
-0.701379149705436
-0.953139167504405
-0.553790390943185
-0.450807233048669
0.436897985176562
-0.506912328043748
-0.337508444636628
0.915546661607628
-0.397019224830977
-0.0935313666259972
-0.733783715095547
-0.776054631060016
-0.430800801507106
-0.752699332716012
0.119830857224231
-0.643215291129373
0.0930458711304843
-0.841744883344623
-0.359497960664561
-0.366395810721003
-0.823749474564091
-0.959422520871622
-1.10799701413921
-0.845762496031012
-0.866659299230385
-0.542023506726178
-0.769499742726757
-0.850914042753974
-1.05230844037867
-0.774647882811446
-0.352353913391123
-1.05506996079572
-0.910701111037558
-0.561393375574564
-0.576013490022777
-0.0229064563786608
-0.629958893911035
-0.57616728215474
1.61963282783253
0.861367538160441
0.406459953672206
1.31226084493814
1.17994498980802
1.32509922084977
0.999149171550503
1.37370604761396
1.2812394134691
0.656032757726144
0.243793680386727
0.767087012333643
0.87106534178026
0.605018063170619
1.04788713472479
0.910656601681773
-0.277856957459456
1.12939687069048
1.33456716076149
0.515770843519345
0.235208333871587
1.57207029104265
1.46839449211062
0.995433816802215
1.38190090677263
1.02934109367534
0.971913961674255
0.293026625411302
0.367920641601454
0.865063164919287
1.55999747347259
0.68615923276959
1.87642231541343
2.00718405745527
1.43657690660499
-0.0660667489867213
0.318512946338306
0.484628782422592
-0.248025521331039
-0.226404956526104
0.16547029441873
-0.0791744128739816
0.696508709288575
0.414771336994272
-0.347335035070461
0.0423715307853699
0.383577974746842
0.838731763184581
0.947352266657426
0.939310271562465
0.874060241615269
-0.19482628866558
-0.651354747136971
-0.435554198692378
-0.105847555416842
0.24474761072491
-1.00132049010431
-0.547250849804625
-1.01144068576884
0.454493380245589
-0.111302367627406
0.232350220873894
-0.0420955338120306
-0.516079696772631
-0.658662123290044
-0.114156711543261
-0.219779376608645
-0.892648677938012
-1.75410554034755
-0.995879699966074
-1.11035213433931
0.244854864318863
1.48544792309405
-1.00735632423458
-1.41278306134951
-1.13092800337939
-0.0476408855982686
-0.797178064577225
-0.639046413700346
-0.271145526725563
-0.928703299826536
-0.4950549638094
-1.32645465246323
-1.30295979800168
0.237422710356437
0.128541427932706
-0.467873488085826
-1.19612079789853
-1.13063896031122
-1.33668179320405
-0.396180896449536
-1.85619830173844
-1.92202571319819
-1.46625000913386
-1.08126708076176
-2.03818830041953
-1.86039575755574
-0.390884694698597
-1.66230444029128
-1.07677432639794
-1.11056394250934
-1.19875344712861
-1.53460171146014
-1.67955206634844
-1.43903519372485
-1.7935377508064
-1.07221228413206
0.58913204114461
-0.272408601596496
-0.541984153660236
-0.558387917769838
-0.468064268416806
-1.16190881494224
-1.58725709065843
-0.954568707439162
-1.14603705622083
-1.08481473458027
-0.759837814980801
-0.938131329373023
-1.07579390441696
-0.865197097519224
-1.19985517964688
-0.918860957983069
-1.18519467657795
-1.6547299463299
-1.80253069777689
