0.340721981146222
0.611241488387427
1.3906882481379
2.17182774317079
1.42035812117834
1.04629622031087
0.860545359759312
1.15067138309591
1.79102380684929
0.684136191283857
1.4653012727829
0.1323745153543
0.641126792218031
0.570919886141268
0.683310868896192
0.991730287058291
0.52996332964944
1.34091488007664
0.516817413071661
0.864774590053028
0.559279284373863
0.351388943805322
0.0925207291650141
1.28855710192374
-0.0986298913103886
1.27690978351215
1.29206838841185
0.590001347941626
0.835831931938722
1.31244640576478
1.66245607678598
1.62269906664702
1.55430429749191
0.329885892688675
1.64147145226538
1.03161568823053
1.74578820180855
0.463160624748925
1.28120839473484
0.262837439505599
0.284819529116874
0.765188715409849
-0.00889378203778262
0.688749556564233
0.678554918825039
0.634114760071443
1.601540319158
0.862870571619079
0.194736902609606
0.916317520467736
1.02089930827362
1.13183069217636
0.68982228021754
1.80577674980865
1.55644050876702
1.42810575178278
0.32302952777885
0.937370802473386
1.38954231667015
1.3660906105562
1.40549668318784
1.51224548613398
0.779919180045614
1.37645542407804
1.42440377733181
1.85235941347323
0.844276695018696
1.36995348914296
-0.512804942715792
1.21155431320647
0.0469440019025031
1.01103419440308
1.33599549628258
-0.3365259059142
-0.034814071157129
-0.915296097503967
0.67330064388947
-0.150756485755271
-0.0758397215595149
-1.43749545530291
0.303983632985827
0.0995459529927259
0.906685916257457
-1.12479704292754
0.168058110325145
0.267896486329863
-0.135225284301666
0.0034815796008197
-0.663109218956675
-1.48121380525862
-1.02365049185536
-0.150871562957486
-0.184105474743545
-0.798722403171196
0.239225818413726
0.857975149060296
0.487753273814353
0.295579452046573
-0.0290320112692561
0.478013869306577
-0.934952993223598
-0.959789487485726
-0.803991164259786
-0.196977384192409
-0.533091655130998
-0.174688156342633
-2.35442608329337
-0.181614096600349
0.41299085128367
-0.290675461733738
-0.250467240497
0.0418767394358118
-0.59061881115985
1.05674040188593
-1.33586849069021
0.750046713580438
-0.143453027582515
-0.0912634131056069
-0.794155109440683
-0.324865409711174
-0.807423348346958
-0.127084875347679
0.402138871934414
-3.3265301004944
-0.18125186806077
0.169372964868807
0.326784541579578
-1.88898322400649
-1.57344006440299
0.202711730877617
-0.53246497028424
-0.0941108873100602
-1.98809280775287
-0.492524086023493
-4.83842542423011
-2.28771826797055
-0.61072978176219
-0.34109100343206
-0.208911315837985
-0.764099265168919
-0.547598515474103
0.0913103892321869
-0.0656139949145309
-1.10261220422458
-0.369858856491717
-0.434952762094054
-0.540370785286299
-1.29430785524298
-0.45137754342195
0.629336437178206
0.0164798687830036
-0.435549040293476
0.712835715590625
-0.547447931147006
-0.747888916154767
-0.182283726151662
-0.900275002220993
-0.406471957198963
-0.343231087704771
0.0760938768473639
0.471475753914412
0.330369739578238
0.309314731828
-0.194585974449269
-0.586853385885211
-0.634499388272491
-0.488804244458267
-0.107779584704458
-1.81535514518638
-0.636528191257901
-0.360411126430107
-0.379746800801541
-1.96034739348019
-0.875347725439094
-0.718498712971374
-1.06828846582255
-0.304034621205032
-0.0545856534651404
-0.395563239023393
-1.3675558448852
-0.735640571673125
0.0871019334892336
-0.775373113984923
-0.700333632830175
-0.284942257315483
-0.926928247471376
-0.205618980730622
-0.632994543838552
-0.321143123115945
-0.601233464452194
-0.0157391540984625
-0.794626307177415
-0.481491241049829
-0.0901919240211799
-0.622720696212299
-0.299872383690495
-0.486463616209051
0.14613277128311
-0.0842617821961981
-1.5219914433276
-1.87368317350826
-0.264168111513967
-0.857941767403205
-1.08096588982574
-0.797586565718854
-0.499431341538175
-1.42022551840801
-1.23102681963254
-2.28776089140028
-0.780574622456169
-0.0941913009157995
-1.18514831405296
-0.40176944600478
