0.438373653138222
-0.0438004969814457
-0.389520447621517
-0.561977230586568
-0.623033149745952
1.24368034657583
1.07533533716589
0.683987576103146
0.651398123969719
-0.885526324464666
-0.49993588665661
-0.563258080001701
0.551829292384589
0.265714663170304
0.258967159505007
-0.0712155570918613
0.114587504839235
1.06006059601199
0.221301236851022
1.32875012028482
0.8209703311045
0.968842616539994
1.25856139204705
0.369356054116553
0.137449164735832
0.24483244663409
-0.0298150723510045
0.953238723167472
0.261802952162797
-0.107537166767767
0.952421533613324
-0.807282042267729
1.41376405276438
1.34532121549668
1.05838733909607
0.974590886985263
1.06365352629905
0.949269045199339
-0.13220292405555
-0.536613992956627
-1.16624862458128
0.703113750739145
-0.986408889017914
-0.891398221285951
-1.37934691287723
0.13165236080921
0.0629859774505279
0.580365359478809
-0.809449178456629
0.620262249007409
0.191385405092492
1.14987728426456
1.43399437900027
0.761149126793628
0.375474459403137
-0.464498714724097
0.0087136554851693
-0.584277566467319
0.407191713098045
0.516693638468194
0.741657689292971
0.801654494731012
-0.861264482622369
-0.739762602712088
0.406261178244255
0.101000386627155
1.6128066844178
-0.38606354107459
-1.60112685301031
-0.0182439640962851
-1.86666689742768
-1.59822386398872
-0.0108055359336453
-1.94217486499798
-3.25951971364133
-4.0651506074424
0.234462421166812
-1.17612381288196
-2.94362321746582
-1.42098690008231
-0.180180917423936
-1.13843579604562
-0.189641660180346
-2.12577292439077
-1.35151028158816
-1.19590521939553
-3.8655238951129
0.650756190733375
-0.390071607780194
-0.710751090577676
0.361187302670264
-0.380725716618463
0.418242710906611
-0.254737339057331
0.285694895040469
0.97839738921863
0.162700372132545
-0.615645644108284
0.179853902481138
-0.0951087368654913
0.581011781499756
-0.54366894415743
0.279738692645068
0.269169518769595
-0.541300195842533
-0.55998015395169
-0.461011530199327
0.268106773702919
-1.4711142721526
-0.580778882068819
-0.710591636796026
-0.122325964444449
-0.00821724645724042
0.071292972144097
-2.42466244357352
-0.753949436204937
-0.592600940674283
1.3926927736632
-0.0180241933404542
0.306220197339646
0.671951772563532
-0.73881727095821
-0.574958241241914
0.540623096383134
-0.0694901290266059
-0.134178203041748
-1.43066887948333
-3.78925806173462
-1.06407106554341
-0.815269646741191
-1.57107967394916
-0.224903108879621
-0.188132650805874
-1.33101256651575
0.428753223577473
-1.17781782803105
-0.989336665089672
-1.29235121646115
-0.19159000066401
-0.625082707607029
0.103215700082818
0.87114774702738
-0.0587225243942901
-1.70066187134776
0.362858267814806
0.801586243050834
0.913979726076667
0.676665328327609
0.300848739352305
-0.386705563754783
0.252347473883707
-0.529918833814041
0.685186287059663
0.116995842621656
0.322662192427405
0.366029967056415
0.440885845267407
-0.891276397799264
0.0714791464330239
0.589567956611493
-0.0656073581064764
-0.421262854447954
-0.811593720859971
-0.273340457277061
1.21981802741229
-0.0435519991107966
0.790274704481174
0.758523921539691
0.82201723730717
0.644489088123789
0.307888890907462
0.771408109104927
0.295777930820628
1.14450426137285
0.747964257940301
1.09993189308482
0.632317711860318
0.837550338897518
0.652837025461693
-1.23519298742115
1.05083657701406
1.00214204571976
-1.27877999742921
1.22045822084755
1.51328556768025
0.0569307987579808
1.58836132363971
1.30753663425216
1.20604188900592
0.67300919292232
0.30299070707406
1.25923377174248
1.32597958714878
1.10756138873165
0.419556629336308
1.14464134923717
0.75651358063918
1.01589952576099
0.55058549940856
1.134797548301
1.17537333333553
0.0992404158152658
-0.290906789951984
-0.158962751691223
0.86072981123393
0.139648107306498
-1.29539301506109
-0.670443142969981
0.451501156129241
0.248469127632102
0.761965083799629
0.588541534279833
1.1095252493923
