1.02520041845052
-0.0124302335887736
1.44379937382654
-1.03935828566422
0.936608131697278
0.364070166952235
0.581092047170262
0.668824934865074
1.25388950360385
1.33411520520688
0.897932025437
-0.117891974280933
1.26869218061317
1.13163117751729
1.3576459107836
0.116578490395573
0.969023498539398
-1.05515154036435
0.146394762269592
1.09392266923553
2.37841663744419
1.94523068609735
1.26466414816503
1.65860440789055
1.02708163125973
1.55753839373975
1.40973809379163
1.27119511065941
1.50228353419732
0.110804796080473
1.2885427412514
-0.599259103835001
1.41243246477085
0.574926294753966
1.4541717087591
1.20289915673859
1.51358287628075
1.0594408074128
1.26979458287836
0.244785931352276
-1.35165096734313
-1.4390197400179
-0.501746481854736
0.621603624142534
-1.53624078454738
-2.20723874373124
-0.167005613592637
-0.416999338444964
0.318644760501873
0.364642560378767
0.624695563386192
0.65860426130369
0.88997249285127
0.422437898247287
0.782985768096742
0.646114483872698
1.01741079220778
0.554462318169397
0.248037613249707
-0.0571805863308781
0.117766095435785
-0.954704208255292
-1.09712350929257
-0.444367182568051
-0.834654809742183
1.16139710208216
-0.924907141220219
-1.496414491784
-0.729314159520143
0.462109278744245
0.692485413027022
-1.43315330055186
0.912408648494972
0.779539743092763
-0.857207141944068
-1.34106032215472
0.606061595034105
-0.164864633401847
1.75500183572607
-0.65488115169581
-1.9268861972564
-2.76176534817165
-1.59411168237758
-0.749856473403967
-0.4123296232265
-1.16359793281391
1.26624161067311
0.816054058022376
-0.682248473491363
-0.375031387065473
0.658025094621329
0.396309147845875
0.359892673030184
-0.538480054177038
0.603025795004501
-0.553184768850104
-0.0357559330722209
-0.558548374138148
0.730122022002183
-1.44767903072233
-0.134993575762888
-0.630818112677628
0.63251222694902
0.520588315159754
-0.970759454948312
0.109912348264919
-1.5283731167511
0.84692577844357
-0.974539591016428
-0.375039051316948
-1.19276862962686
-0.375514337879606
-0.590195468307334
-2.45612463355961
-0.296336762444968
-2.26403193163574
-1.86122433808975
0.672570408568725
-0.236496854999323
-1.0191859925734
-0.888455144947599
-1.44414682398302
-1.68036117984445
0.247060034536929
-1.28284427755101
0.156182634723875
-0.703533974239109
-0.120231065596074
0.708430078098789
-1.46885702195041
-1.16906214159729
0.0863934557422882
-0.370526276807244
-0.54458494364921
0.161679178269191
-0.62344743384912
-0.848969489416062
0.338189269994561
-0.898616835036078
1.68550102814241
1.28161387426268
-0.287020206228847
1.07111303341478
-2.0265087805942
0.436508878334394
-1.46621571346387
0.638118201990701
0.792273996204103
0.729849054408168
0.0606528517042771
0.0128820753149628
-1.15893909514005
1.26539776132223
-0.98399280175631
-0.932089358850789
-0.875278472514212
-1.16267455061327
-0.919824636302452
0.0117451340492944
1.41194684827618
-1.10191885512248
-0.87938504485228
-0.470159692647883
-0.988406731616024
-0.283174117483288
0.0187432475761738
0.14818383134533
-0.238610574346387
-0.0772812774304219
0.284322385904816
-0.0465195050744569
-0.384568050747054
-0.293547856010803
0.483657261883052
-0.830497277004149
0.552456788942298
-1.03572648280522
-0.591497735491498
0.415484164432928
0.158530763418067
-0.602177736426983
0.954780457009544
-0.775070439855644
1.8687227791638
-0.456001367981281
-0.535280802841483
1.24020332638668
0.177270521329499
-0.409630443394104
-2.02726127868233
0.86135323836542
-0.779823521164428
-1.48849939883186
1.43761279927363
0.623238288383983
1.25972919598938
-0.853312002927624
0.567164239358534
0.221418027732121
0.275294002635413
-0.265487138705861
0.716540731803082
-0.263543758217589
0.231407762704562
0.699973739088465
1.95394936569457
0.67908666433232
0.474790590562261
-0.633608024329895
0.0307307667966041
-1.50513390805041
1.19682978623937
0.200877880195959
