0.446243697874661
0.192327242156962
0.464007488093693
0.176525352164765
-0.048453074725889
-0.278729348007417
-0.44522794575691
-0.30306801322602
0.364550021343242
-0.159387938713836
0.18882154491535
0.782922146615231
0.14978376085494
0.135246141119545
1.07774743135096
1.37474749288406
1.59102474898355
0.434349030847637
0.143738249070312
-0.192130816108936
-0.62725445742463
-0.217999078540392
-0.257031776621957
-0.710820963343346
-0.28928230529422
0.137201081698154
-0.563114761369194
-0.284353684322191
-0.341366719579239
-0.575279192321846
-0.0506873999769842
0.112337453477275
-0.863575356109937
-0.526957394686943
-0.279861027786326
-0.805840906010288
-0.192337465926966
-0.0409753211940159
-0.77217760861216
0.803391234800999
-0.806916502541031
-0.607695333168877
1.46480189926538
-0.210524422735974
-0.28299525064239
-1.21666156565611
-0.226550042241599
-0.741397802993823
1.47360801795093
-1.39595725448287
-1.41229622099849
-0.893154264893567
-0.89249461848408
0.214342842079879
0.202900374977531
0.206254118801146
0.119108657125194
-0.434505688689171
-1.37951040161043
-1.20287783499169
-0.311337204007741
-0.183431613652143
-0.0744773956281258
-0.290395807175485
-0.0866903900357526
-0.604716594784776
-0.0256099945459736
-0.564521888622183
-0.607006171997416
-0.479727362578762
-0.29597295224147
-1.14367573477961
-0.390823876162234
-1.20350133139104
-0.334475998064897
-1.38415548299225
-0.0686264476786243
-0.861457172862704
-0.941466008689025
-1.75299378620321
-0.784986564282331
-0.422360357590826
-0.664581987033403
-0.327999063750681
-0.167876667556752
-0.830874432465092
-1.01593292786224
1.71889638018349
1.72909510504472
1.34264710478751
1.40464314507988
2.27324384575428
2.50118549590888
2.26366362276536
1.9867715582824
1.74728560022699
0.410026940570457
1.49508854048542
1.0767228866621
2.35670363046679
0.271276045588784
0.379903065802274
0.361104596275751
1.12937495772883
1.1970874843695
1.87082775101694
-0.356831047807096
-0.354952930841017
1.46536679744881
2.36809561026163
1.52982989396728
2.1711150670382
1.15601157682865
1.9646846717438
0.804256068290159
0.916832730398163
-0.246277070834954
2.32572546142707
1.95454829862301
2.07107408317877
2.26046273405601
1.97141348847628
-0.748802562006792
-0.366003092795698
-0.313434659862626
-0.501027748387381
-0.820036106790247
-0.888160805646685
-0.703641987524225
-1.88082203927315
-1.4684282265136
-0.421587347478022
-0.978889393966143
0.207938721301166
-0.647963640687923
-1.81334756722416
-0.9056815594439
-0.826735865300182
-0.406813668481471
-0.398474601419945
-0.454174734510584
-0.568654609977272
-0.851921757278807
-2.14475996261685
-0.14340402405463
-0.838404898936925
0.0526116569642464
0.318504419837623
-0.535108650631027
-0.820839179031208
-0.516770037474349
-1.30015005326425
-1.19942719875979
-1.08077529967662
-0.607586492423881
-0.920079764200906
-1.01531502689594
-1.18740800659271
-0.372032545953669
0.262463380390442
-0.850726189446731
-0.989264367563494
-1.16561088832066
-0.747305004615021
-1.61229133482589
-0.631013270624816
-0.617033566193904
-1.27333717264159
0.0338574315127215
-0.293400041120234
-0.738971794505492
-0.0979356104145636
-0.414689338116456
0.322631448458924
-0.280016438151157
1.78002517577196
0.751213937401956
1.36107126345235
0.579642727949769
2.11173067403833
-0.301784696327716
-0.393263250915839
1.1683107292149
2.76555329006417
-0.86263646780452
1.03076381130454
-0.410995356306771
0.249522005553292
-0.709542668497612
-0.973964778716574
1.29847903218883
-0.700232593111155
1.02209581748338
0.0899064595564282
-0.775635729034282
-0.56372361772284
-0.327577718732083
-0.666849453156333
-0.748346589502454
0.767464285429918
0.266077048079415
0.995654406471194
-0.0496892646809012
0.409167901580909
0.630393053555478
0.0941158834768039
0.236398548056023
0.660513107603867
0.748930795295215
0.946363108533901
0.630303408424926
-0.466344421653981
-0.906617034450087
