0.66713715433658
0.504377486980438
1.06607015412458
0.439863563852244
0.562638025401135
0.930286757017633
0.968672270994054
0.852027573097935
0.324357393571711
-0.891509096290187
0.352202268323756
0.294113590340877
0.972631404914014
0.53895321012304
1.36104892444868
0.803876693115897
1.17332279057003
0.55092127383428
0.43718257200577
0.616971376225386
0.00724198460107833
0.233459692134826
0.583620292739593
0.963867407146241
0.835317755203628
0.99289140072055
0.893878390973543
0.811062584755481
0.90582739070957
0.8465338820933
0.58548194727708
0.365271787435487
0.757846109089543
0.451093223738784
0.470745490292455
-0.100390171461859
-0.563492047067497
-0.79305575720159
0.482746420905683
-0.0925740910881312
-0.974139626449925
-1.13167245910858
0.844318625156243
0.371118780670166
0.647634253725426
-0.533437558667733
0.121240308928263
-0.19554367570779
0.904386379466583
0.206614311204839
0.586444038602765
0.655453690871204
-0.894441381435009
-0.189814618829632
-0.384497844607639
0.0526731317640721
-0.21988427248736
-0.159799064570755
0.575488689883709
-0.00714051017217209
0.862220966000429
-0.0269404960653846
-1.42526173684067
-0.483009963077029
0.163217473085017
0.832804934702623
-0.49809202134813
0.594953736985516
-2.54140278754445
-1.09686540862666
-2.26914348717179
-1.14578688549837
-1.24063822818474
0.902316336267398
-0.649192791071276
-1.62498750829454
-1.32997826016954
-2.21222734840928
-0.361429351185624
-1.96432440081088
-0.221210246540327
-0.587389471891357
0.867750155884165
0.102770305332962
-0.0102311594007061
-0.549974382903027
-0.911172267736174
-0.209938558037789
-1.95347123467792
-1.91044803059647
-0.801470734902431
-1.27170123926924
-1.12197631865226
-1.23144437560576
-0.51325160102829
0.204621382037349
0.761073947982032
-0.995384826930765
-1.39812735251491
-0.70522144214927
-0.888045572326561
-0.0737567864235368
-0.691782011636644
0.0984757785065128
-0.690822649275356
-0.571027841320663
0.01406945285349
-0.00581135224992257
-1.42709365016154
-2.00977807145021
-1.58326880232696
-1.66970025895189
0.615670485511269
-0.725736951757387
-1.96808179880354
-1.35738399737871
-0.42175429676883
0.516216605119233
-0.316757438625779
0.769980061621465
0.907244326414509
-0.0418052796025687
-0.650109409900469
-2.13229664183324
-1.13193578087763
-0.53999161175471
-0.520908795443051
-2.37978055733667
-1.92862499058692
-1.08238370647939
-1.31267674821117
-0.625494340730088
-1.20830296518579
-1.44467606755395
-2.62022240847567
-1.76341372993708
-2.90627827248345
-1.65099759238706
0.596318544900411
-1.15681630017921
-2.4304357490243
-1.2407281506847
0.67362138956328
-0.809190146056097
0.373422404453654
0.0841164908233232
0.924921246205648
-0.127923023373655
0.517702669811004
-0.0519186546181957
-0.228043639760591
0.367372178330263
0.629353808802701
0.542652349996672
-0.106637925066422
-0.0402855523632079
1.51229866776578
0.0876589646374544
0.648954306788257
0.563411252054049
0.574229314502062
0.308743427083869
0.160238295337761
-0.211159772416202
0.867466913502879
0.0858232533505464
-0.0757568983865156
0.219675043050252
0.669765700227991
0.620420468045583
0.561827077125627
0.760010814053569
0.847985804209751
0.492604351168111
0.913992458547698
1.70440170078087
1.49571361962666
1.20004542459743
1.11307663894918
-0.0115796834529685
1.22240136941746
1.27134811892531
0.699270328249366
0.995490443968277
0.966701612875214
1.17563198035304
1.8778660637525
1.03130132802352
1.26522329576264
0.584585773113204
0.943957745851304
1.75767640876573
0.851576179506707
1.4638812109653
0.492050696118623
1.7598192666346
1.37480447288595
0.57891472040593
0.14611969424168
1.80411532158328
1.91018683931736
0.288533474205043
0.406370698779872
0.331289716298652
0.204860123787034
1.08256771490996
-0.833575360375774
0.0431019177204848
0.428977618918277
0.44024913552695
0.650141999914084
0.489564580368218
0.61913449516515
