-0.241898133485777
0.137485494152531
-1.66193396815439
-1.33095347244169
-1.04884583003331
-1.54055998225639
-1.35463028842473
-1.42116829474911
-0.280101082549274
-1.18730618538411
-1.68196371845806
0.438316805124444
-0.839724594029856
-0.539518707298136
-0.877969775440559
-0.67887587380538
-0.313547796701279
-0.190599508424442
-0.39797887480858
-0.860925166958871
-0.924082140098066
-0.298161019830372
0.267732866013405
-1.04754765533344
-0.742397655244317
-1.34806967327839
-1.54868746399993
-0.956135218396872
-0.894543189667423
-1.53382505355643
-1.10357524437662
-1.69407901408438
-1.87071921672973
-1.01033859442162
-1.19894259693832
-1.40444943468557
-1.28421955575781
-0.39470330696066
0.427609236714017
0.721853498793798
-0.612410144922034
-1.07314450845323
0.748249517396353
0.00202985672135608
-0.368884771870318
-1.23403183152018
-0.747639014798286
-1.42257616127193
0.740175841626524
-0.553955605997808
-0.926314067225087
0.0158210948006566
-0.179773298405202
0.0591924507459649
0.305296440090098
0.545651618060786
0.646614166393782
0.615449118974331
-0.361084543931871
0.34896645451151
-0.537292290249542
-0.158673211684102
-0.982033154375735
-0.586912433261254
-0.815585879500169
-0.679116815584088
0.113357480574189
0.266321544861069
-0.45729065111261
-0.280432442481357
-0.455700532363216
-0.150180426758247
-0.875825229927493
0.950437802835405
0.482461569979417
-1.00071353962671
-0.353585098610443
0.452182709257273
0.709127886803506
-0.600221734519209
0.161703840473148
-0.0176798603849333
0.811028215803033
-0.554078238055909
0.614972515627346
0.168602666363883
-0.703396787124957
1.9532359759475
0.359002882768809
0.76609592599335
1.29276290797661
-1.17106262857276
-1.61137894941484
-2.23758116784443
0.796942832469637
1.0202544800438
0.236313041129804
0.450901524691808
-0.478166586145722
-1.05137107095731
-0.152659493171173
-0.488310112705325
0.0351339908648564
1.33412679475918
-1.23824522376499
-0.32912456319115
-0.487794041201185
0.636828349503595
0.14911925941986
-0.913374835076922
0.295418443241266
-0.857592369339253
0.972642971178207
0.0699627499749555
-1.29677954136205
-0.272287993397696
-0.198908215583279
0.500112136020719
-0.0439111549785485
1.05219901411314
1.04027940771899
-1.03141206727628
-0.391847324357721
0.85425448859779
-0.226627279567557
-0.352108002159465
-0.48456084260154
-0.050304338495973
0.109602004473495
-0.636225916831791
-0.798057839932815
-0.60307095432055
-0.658148136352762
-0.0483217019165892
0.555846472984436
-0.9407062419844
-2.05680907138404
-0.53822323446758
0.194000410283413
-0.544540135858242
-1.65149589958835
-1.10148402537717
0.484657292640755
-0.562268351220075
0.569903059795072
1.22456355886296
1.08826197114245
0.759508148913513
0.766083898890672
-0.16974568025077
0.025079211833092
0.489043871355733
0.423647049143682
0.340300140595535
0.367063082301832
0.419196167378831
1.85996311403197
0.0360933916625196
0.286235081921212
0.51640551128147
-0.339711588357033
-0.286643514421685
-0.453746976079663
0.915930757074111
0.0602978559854969
0.697966814605757
0.740146411526106
0.516382318052817
2.47205940415362
1.18776758952217
1.05061520941692
1.15934815469623
0.72346614135358
1.44151010287457
2.44923298744436
1.89655307220589
1.5126033775151
1.04908014220437
1.40644785878207
0.904935441746794
1.5070430339081
1.70789603948302
1.15127126173667
1.06539675186377
1.01801285961599
1.63723632640001
1.79989133226471
1.40443302523255
1.31628962466427
0.826098824325301
0.303924225538179
1.21126931390016
0.975873089255626
1.62892123772217
0.629500987546696
1.27739140883725
1.4317907021764
1.7095128092314
1.38759367962966
1.71964432889927
1.64281774328676
-1.58262768800313
-1.26899755825414
-1.49910906417266
0.736105893738417
1.48012947516744
-1.5384859477241
-1.24361716569255
-1.61174896999436
-1.54080427730477
1.47007679682798
1.42560564413311
1.70175593828505
