1.1385967814009
0.651239848109257
1.30187633290938
1.33521527076318
1.16582512019347
1.11385643868137
0.754282701730187
0.895812832330891
0.753399045970956
0.443094808988216
1.09714144000163
0.70649097805555
0.955851300976038
0.882130815968559
1.02535125423584
1.05495366918382
0.92538359191203
0.934536709841848
1.17892432212105
0.902666430753278
0.880178871675675
0.637839699468691
0.153072847049668
0.728675351783252
0.684890946451362
0.81563789586514
0.655373755479928
0.668050424665004
0.724835666979162
0.937145861559338
1.30024635334046
1.02063198500172
1.03419071618425
0.948438500118289
1.2658363030581
0.601829667210134
0.758338749096706
1.00397505192551
1.12781462735702
0.258025279577564
0.0679316362199801
0.490045663648515
0.651458917002568
0.00731664388076751
0.448416168766915
0.150832153885166
0.948827058764043
0.587310214022618
0.447783338068744
0.663962417764455
0.683627320910784
1.17671635258866
0.891961241530054
1.26143238752425
0.684180286675696
0.577802901712955
0.487478646107766
0.148202572446648
0.417711451094828
0.892266188159293
1.43243905062637
1.3689290167964
0.482267085931365
0.945022483105382
1.20866492805486
1.33487740393439
1.27314530454367
0.905594229835658
0.299245637109685
0.740614791474273
-0.252316347784134
0.369692607995069
1.06883195400196
-0.932328757732365
0.055167126045369
0.904355484922447
1.09067449090104
-0.725495974144719
0.237820312276693
0.0893457541441781
-0.691184691433644
-1.06789837461241
0.423323520745966
0.425720437494431
0.485434761554521
0.0722640635009021
0.565517101430903
-0.629976652804621
-0.37050154321759
0.763315957570459
-0.977511588343681
0.231138630780758
-0.265168671428726
0.00286328440007935
-0.0666591283192172
1.10535960195668
0.110334786583981
0.272467724076733
0.687257409520727
0.360697101658853
0.368914921080523
-0.626742678929115
-0.734594808207504
0.496648566789634
-0.222641323399833
-0.437519208299083
-1.08634262470621
0.555282183274249
0.383444341409255
0.317432493817297
0.598955975464003
-0.504786676196722
-0.742464352771295
0.486939019796578
0.493747343191985
0.531311594870688
-0.204743248632463
-0.392967784147791
-0.10334377341378
-0.393135398063649
-0.448260898372859
0.092987758550452
-0.0171646902533067
0.316066671909654
0.539786672645369
0.210555826414059
0.2351311449246
0.804746024248425
0.712150654392214
-0.126400204807648
0.315145845117207
0.616765905640718
0.924719426170846
1.03037020026616
0.953311960408499
1.08961268970076
-0.195131089258356
0.79699424221785
-0.81125904598204
0.295634423944284
-0.335770669455585
-0.0523600858294081
-0.058947425032458
-0.686947775853514
-1.10238701762746
0.555687505728343
-0.0494230331898131
0.280587683927589
-0.517210686989577
0.425037903005672
0.265196765398436
-0.729885158345905
0.483619952228458
-0.0544559598068062
0.0411324906376563
-0.829649449518388
-0.659627015122298
-0.492716188658945
-0.171674453182876
0.36376658351095
-0.226575979405702
0.0336009377499752
-0.131858053598034
-0.0395361364178262
0.0457655590966907
-0.735526984337963
-0.515504613356961
-0.0945231877996685
-2.39738427609619
-1.61622256553478
-0.874719076740062
-2.03346561619074
-5.38565284497869
-0.406776352032947
-1.21212175429121
-1.5298805492709
-0.885915304362605
-1.64921653312581
-2.00542314118178
-0.713890108693154
-1.73251806024393
-0.616948861548245
-1.38345303724414
-0.940833094274626
-0.76249016547861
-1.5806562858554
-0.367373908634988
-0.545840993464575
-1.60251255325156
-0.995094013265023
-1.63195907155497
-0.350683689971213
-1.25641260563013
-1.35935503703509
-1.35052999970253
-1.9241408740688
-2.04309544746976
0.314066039042377
-3.98825675304009
-2.94537858003667
-0.594401742632011
-0.70651717856573
-0.185805777090955
-0.523846485041074
-1.68839488485785
-1.04680359361878
-1.73746431384215
-1.01994180032629
-0.868463626645005
-0.892233750251425
-2.31328572642797
-0.986049828204107
-1.23189188773005
