-0.842443022541193
-0.642171184086316
0.853770641197492
-0.747155013660731
1.33393165354998
0.338340704096088
-0.788488396846356
-0.877968935754573
0.303733192346166
0.569000288512306
1.08836470044206
-0.89387308054009
1.00151175382105
0.612862861905979
-0.378118263094528
-2.10060410954178
-0.848066366848377
-1.78629349929895
-1.65674396844367
1.28795280395492
0.975882929329714
0.565362787045024
-0.0398516042050418
1.30868384041832
0.346985779434576
1.37891977940037
1.12216550052572
1.4829805874559
1.50188447555768
0.279338374188809
-0.223675400963086
-0.419783711810978
0.603464129706194
0.361677436469164
-0.00837955166520255
1.56495881530739
1.02945960611349
0.52738286636194
0.51313203234146
-0.0624721800058507
1.45871878228327
1.92590899097614
-1.1310327136482
0.259737516558243
-0.142538420462479
1.68324283610293
0.831115302939097
-1.38892980619706
-1.69107923042328
0.422478103322859
0.618856893249429
1.17359159357515
0.910942554891324
-0.153298777096082
0.868675326252165
1.32397844816249
-0.0784183850737239
1.02258332724326
0.878964763270106
1.26535230234798
1.35695652244909
2.14865592379704
0.364193481761003
0.284132277034478
1.05415927486835
-1.05103874200525
1.85012061777758
0.632517150735606
-0.438395065803077
1.9098298968691
0.684548894197254
0.961511302769191
2.10657769134821
-0.632964516273165
-1.69492816711494
-1.93998094534914
0.558682165105616
0.189929429491556
-0.343813021303461
-0.715176106291925
1.35008880720296
1.04074827602171
0.0242219752596662
-1.95561442583411
-0.453997579754368
-0.116712849443067
-0.889477139075017
-0.0328519962574065
-0.197415580267615
-0.244315024195586
0.124933650375354
1.28238852681964
-0.928559665218294
-0.804597139056866
0.436027277631712
1.16499624390439
1.58030304463848
-0.292018498554965
0.314938939214178
-0.10853018007331
-0.198774992144545
-1.24967337228598
0.389215251625806
-1.19260494558533
0.261462286569268
0.347277994506619
-1.96441419838373
0.714164871453219
-2.34786358430779
-1.53558188723395
-1.62265923317793
-1.06040189972352
0.365449212352343
-0.380844219717482
-1.42171174783489
-0.901637072454237
0.269737362924028
0.887040015928656
0.499020903269385
-0.182328024644609
-0.269873068748892
1.06257384931741
-0.0746378025257966
-3.21756121559224
-1.71731891330933
0.302635544907486
0.327863490216466
-1.86052460694505
0.32923205595704
-1.03315601476675
-0.135957032746466
-1.70684158469433
-1.05703008760072
-2.13286013752096
-3.67849122257114
-2.86344649676732
0.0940136945011218
-1.91755813430583
-0.43906095392201
-0.647885573984033
0.250162832764491
-1.24653761109925
0.0573153549353755
-1.87490775273312
0.253394725994674
0.1315285473583
0.610192689322663
0.613721282311519
0.157355987017244
-0.365047327784509
-0.917492480110138
-0.115239020835083
-0.100201983702767
-0.508003177374443
-0.693268531627149
-0.14172500594981
0.156251999522555
-0.342216545829548
0.30456871379532
0.406969780493562
0.365047216228882
-0.0121661379097265
0.409016443720194
-0.328790855164744
-0.170199404492488
0.976877869400767
0.066727741449697
-0.400091986220238
0.729748350299245
0.273572335266121
0.50398998283413
-0.59212730213488
-0.130930018131328
-0.43004105641463
0.632637516305306
-0.845872640667477
0.840307566558399
0.875143891429177
-0.379182840438922
0.390416958681092
0.644146654614329
0.492708700574513
-0.12457995881503
-0.420811371497836
0.325317052601775
-0.15281935732749
0.826677391956866
0.535584014304069
0.934409127103276
0.235386027411874
0.544203760095245
0.491533113565338
-0.422310850016682
0.757194294553051
-0.454566635405311
0.0723656855993889
-1.40462054251373
-0.331565085651644
1.40555668255229
0.0711943275951969
-1.59377816705305
0.000220115241634927
0.32495885620109
0.274566923631121
0.775937342187068
-0.0269922256291093
0.472118025498175
-0.133482329916516
-0.589298442421852
0.375667967986578
0.286870554562913
0.139038785425677
-0.0553084399649535
