1.80281922100933
1.5416757156054
-0.503935878923679
0.218812003344896
-0.869820186021698
0.740305748467557
0.647184484401498
-0.297527298127373
-0.80715440542609
0.0868097096403331
-0.65562570192534
1.28027857828315
1.12020207012681
1.37569418346609
-0.752367427347155
0.749156310227136
0.375162239752475
-0.820527549341919
1.49174704999667
1.78219343688719
1.18976311859241
1.05086641603487
0.875132362572481
0.901042744329743
1.53671395810921
-1.07883353684119
-1.32562718441744
1.74647611476982
0.229667257945952
-0.0762787626775944
-0.323183092039767
-0.0846131553487307
1.16353644218918
1.36580625218544
-0.586469424895362
1.38886058028535
-0.0742586451176183
0.386153075100242
-1.16255401092337
0.28062205959138
1.36045107271661
1.46772199927371
1.27352204166253
0.23445267542597
1.43373477583303
1.7384057874926
1.00322093593398
1.5542045867916
1.46724734366534
2.02585626577367
2.15322087917982
2.48262819205294
2.02341489352995
0.023687457092532
0.505034744368537
1.04347713899682
-0.513459472399289
0.613311984828704
1.74527410284381
1.6107480979043
1.58143403974872
1.13906818528706
-0.824001784083749
-0.181525900793066
0.328317929050256
0.779533451179005
1.41061103100173
1.24360304447737
1.02753078862301
0.529246331452729
-0.413236139038152
0.193778205011303
0.445002001941697
1.47478040898995
1.16384788599225
-0.0208638135789515
0.967469248666942
1.4680740495232
0.918711418458923
-0.220287776450697
-0.0971365304212049
-0.553421246486823
1.38786898889529
0.0691524642488706
1.07022216680357
0.524758892475267
1.21843441346846
0.308885705146308
-0.673215187507701
-1.16490313745927
-0.0177056948653413
-0.0660314173856989
-0.976032028076575
-0.59155044815427
1.94865298064943
2.00076264313007
1.30491655536328
0.116311034607537
1.47163729400359
-0.247653148276869
0.44098753857535
-0.906365961248801
0.762052339503937
0.668699996627493
-0.852561455834062
-0.21432042361919
-1.39843781296742
1.3880208916138
0.125647895340661
0.417359988214194
-0.236558763648942
-0.894610783552129
-0.191996938016354
0.0205521261143144
0.196741355633538
-0.621373033779771
-1.1729078278452
-0.253449213022444
-0.751634227471224
-0.0971303963594348
-0.387010331601936
-1.09988033108294
-0.368114905550929
-0.783159725359462
-0.16016283950716
-0.127790109077543
1.15824850719117
0.472897229899927
0.460133565922359
0.952680231567065
0.368198319599914
-0.919058431714943
-0.409753535186736
0.303872923539052
0.434924478811923
0.380028097502347
-1.01805244294923
-0.809935776962266
-1.25044965626398
-0.606138925541071
-0.678657247023085
-0.59252426361876
-0.00579568901594255
-1.32804402193822
-0.935777809500554
-1.40786426770565
0.369360652130364
-0.253996223294277
0.0701100707738412
0.454167583579383
-0.459501525900584
-0.53453807499427
0.466659558323022
-1.12251362355887
-1.12099576135204
-1.16294183284832
-0.345752077447843
-0.908420974259973
-1.00042112982096
0.200313241861987
-0.447348995979468
0.486232052488926
0.754297729697848
-1.12204439953154
-1.10444353269231
0.0823206107289732
-1.32500654787744
-1.05920775819368
1.06075171975812
-0.933309399835528
-0.145199394600306
-0.492438224609838
0.133579579645659
-1.40607374065619
-0.477856571071254
-1.38027182110257
-1.40790995797602
-1.11318954487528
-1.37760261266372
-0.527921149300387
-1.40471332651714
-1.40790953090689
-1.40709179051358
-0.474151543662945
-1.40704922815492
-1.24698604225227
-0.793744640865182
-1.40790994773579
-1.40781097565306
-0.470870694734841
-1.13856769786393
-0.167141636932447
-1.40765843653071
-1.407634611249
-0.951293692999164
-1.22288690015582
-1.40790995752665
-1.34548654875371
-1.21157062405358
-1.40773949541113
-1.40790995797602
-0.464711814771066
-0.570141863054172
-0.689935198179982
-0.920406739961234
-0.640350174564064
-0.97462592654101
-0.879497080908117
-0.454654271050506
0.0192640556487468
-1.22483105716837
0.591121533988277
-1.40671772835174
