0.226027085274121
0.0258674798640286
0.490316594699649
0.645396153271612
0.29704144370133
1.16292328760332
1.35220633500414
1.38556877606425
0.967235374390536
-0.175518081823863
0.561371948182943
0.280026156466869
0.323800758304076
0.0576946614359718
0.316116074471125
-0.0771116187265244
0.251856666807177
1.40875609034471
-0.107868855517613
0.622187328052968
0.0326367763938779
0.554902396628266
0.0275868882744581
0.511896099221633
0.317255190513
0.541692729180444
0.575550160283395
0.497657224505694
0.537688844959104
0.274747642698914
1.37553628035629
0.814259943786651
0.846455575149868
0.193586417960121
0.828397703243168
0.491432609682562
0.942271855093674
0.611831558757425
1.05380116122432
-1.13364954476245
-1.28353664597357
0.0361040783493576
0.212723356220819
-0.326753584495619
-1.18185437933304
0.133765898921709
-0.38379106112958
0.545694944121063
-0.0612919874066025
0.751393108948589
0.819928502160056
1.15918214628466
2.20058506007522
1.04471272020458
0.699305288529029
0.597030818674684
-0.123703401837826
0.261895314458008
0.976431608438502
1.02878098066726
0.64808513113458
0.615455238207222
-0.905808018873822
-0.786747200005327
-0.272074865580018
0.816704720508883
1.81319935663502
-0.504880214665199
-1.13950423261466
0.53494103944811
-2.18456020306027
-1.05934773164527
0.614205818407096
-1.15884488360832
-0.726443541297191
-1.41192991044144
0.55793429164886
-3.48211845351721
-1.27517774372524
-0.0173463002201283
-1.18760002696968
-0.940149903934551
-0.999229038991414
-1.21401682129344
-0.950677287795699
-1.14319374086598
-0.386063844078428
-2.37656558011972
0.0581141155048965
0.812803654080986
-1.73376882966474
-0.0213374375217401
-1.13659644141512
-0.52128798880062
-1.01614860280634
0.75059151381955
0.0794194383965732
0.974552083288759
0.470120276272945
-0.403314043241764
-1.2101443666038
-1.13788845728217
-0.101278070535565
1.08588586006134
-0.567434943988858
0.091323206319484
-2.26083812265357
0.771638019048228
-0.648957793713185
0.0960092253996445
-0.350208332655549
-0.80932630975393
-1.10823006913734
0.0594128424428901
0.0249539144238729
-1.40742461358781
-0.035283964044599
-0.0625278454411066
0.338387854718876
-0.227260163726102
0.102840400974949
-1.40209850987395
0.722999848127713
-0.739868782605367
0.971973466641684
0.170881001257937
-0.0395377195784065
-0.557535990822813
0.907701578758011
-0.18129620195591
-0.147039772871452
0.639072276084007
1.09459232629069
0.286990994093875
1.28378380501314
-0.397664923496111
-0.32103014947748
-0.095505460362464
-1.12651206857071
1.50932586848061
-1.82343256699193
0.148874774982841
-0.0132477787624524
0.330619821810933
0.239427781988331
1.14560775491843
0.823712417358156
1.02478525534447
0.111894663046132
0.759686923822146
1.88689772249057
0.152274151168286
1.7096630518121
0.513057161509844
0.725136307986657
0.538756586581403
-0.229349833479569
0.236437748410927
0.807646867056323
0.853327235661622
0.721046167672196
-0.196705668648936
1.00746085889843
0.250015789186422
-0.435664279161548
-1.19564718821794
0.261857177022806
0.40622084203049
-2.15541691470553
-0.0309186875955784
-0.283889291458549
-1.28358053471265
-6.68152726193547
0.376590335380315
0.213536899775474
-0.0650730594929135
0.807835641811296
-0.159164794853463
-0.49792830159756
-0.589664268830841
0.147921491910898
1.06816404427441
-1.17951300790963
-0.623897356597225
1.36437473530462
0.0487341602234563
0.810554006661215
0.802962222907092
0.50649321835203
-0.456785248706081
-1.99521799056271
0.250387114223722
-0.194602484555255
0.49265091140084
-0.0913667465206539
-0.854714915463612
-0.196855950546571
1.30452369671957
-1.69874699405608
-2.11986628571294
1.01033998284109
0.313420252914125
0.485777550390016
-0.360595000853177
-0.5712418215128
0.316359670552225
0.564580922690112
-0.266130210046371
-1.11725659297537
-0.154373639346812
-0.558067178036488
0.239500767411083
0.271019584446915
