0.711526698629613
0.781991045004566
-0.283882026443205
-0.204408996128125
-0.0142095774550057
0.953659365978667
0.827537960575348
0.671679146129375
0.436777406984789
1.04914298895462
0.25186299636535
-0.108421710091405
0.779826757968969
0.348752772159873
0.375922609183344
0.28710110309484
0.855780210044575
0.752192276817355
0.101571183413243
0.902598692123937
0.130847144087455
0.549585251271525
0.895675745867286
1.22593824247345
1.27145034410966
1.15636659179667
1.16133446534848
0.943392061018701
1.28783535748052
1.08990281704189
0.425792854976799
0.23554018643526
0.941183082542023
0.476058785311256
1.17873539802107
0.534260762319052
0.525760416333001
-0.14197854599379
0.972882861210061
-0.121548304225696
-1.02385202728738
-0.921434607912846
-0.654058912616143
0.318950066952203
0.0271390390721853
-0.900341538938358
-0.222505164786118
0.0066395151827757
-0.142320013286674
0.0615552808165751
0.981905364048845
1.56924330973601
1.49272895754328
0.73038511357801
0.178346133485107
0.0824075971220066
0.104584558499615
0.0337543407133494
0.61653702420548
0.167128730023739
0.432569256243317
-0.452075814288049
0.471912362076606
0.134300646194822
0.0275788130079485
-0.129444462772852
-0.191264143325255
0.553390715283438
-0.937336210084056
-0.864473507887494
-0.734552595939538
-0.944196810669281
-0.635262231870341
-0.944003056683815
-1.18165460351932
-1.90890845518538
-1.29276971700615
-1.36332403058129
-0.765278917740282
-2.7562282539631
-0.26185610344607
-0.545158938784488
0.262527468892501
-0.373637703821599
-0.375588568016675
-0.902926847144801
-0.90367971679141
0.198027833841406
0.0524868279521016
-0.371726168187634
0.419681154283485
1.28377166212255
0.407468756452966
0.392798517323322
1.10165314469288
1.75478808715131
-0.0232703072994349
0.48048510297959
1.23605999566153
0.864206018964765
1.1141521933031
0.967426405805626
0.718386063078756
1.0667981454973
0.941726522327949
1.64683566260557
0.331003658039144
-0.404752273223914
-1.37534580840316
-0.629826029381343
-0.506182013867754
-0.134492219502078
0.504608407223423
0.520911288552051
-0.00420109104887612
0.770564931343938
0.3375533763445
1.54800664881219
0.944821037867376
1.79327064260541
2.30261724859489
1.89447469286439
-2.22828035451689
-2.36521515724457
-2.13343907202672
-1.8471923140855
-0.787011928596117
0.0764795123696721
-0.894988326900255
-2.74735864715401
-1.47082065869996
-1.59952644711182
-2.69301739328716
-1.89764415706687
-2.63478682162587
-2.53110482647818
-4.07755872828924
-2.06254752377471
0.0969726486740032
-1.4403459443793
-3.51730968499186
-2.3102943452191
0.186769603264438
-0.858752486733705
-0.660484177414448
-0.502929237839275
0.969764339950896
-0.282750265540236
0.382571611284816
-0.0168651359950952
-1.06707188746085
-0.595712203581962
-0.0300623567389821
-0.24380423807364
-1.0538430583264
-1.06421036861151
0.161259155392017
-0.195938434225695
-0.273961399369172
-0.29419242827716
0.196460770821649
0.042634460113087
-0.309935653200601
-0.142783066354932
-0.511872294521813
-0.612653146849481
-0.615064909393236
-0.14015737385843
0.64235601075832
-0.574942509751481
-0.644387604584759
0.447926523599248
0.207458926482955
-0.818872080417948
0.35363907280537
0.0565277315869281
0.222903137090144
0.723915850580272
-0.131659705080509
1.60363502838658
-0.155909039070064
0.563262152439469
0.291684442650674
0.522348230860052
-0.198825321890713
0.0304243060120367
0.712017804050552
0.0229723779722468
0.0338258875554415
-0.239147659196961
0.0457882794615934
0.360232679626859
-0.278474373779497
0.536148880185295
0.322029482850969
0.887303107664149
0.5399937713377
0.290309874086721
0.432542909745498
-0.0910036873057911
0.327165531842827
0.671714855155201
0.558409120220092
0.626357362528099
1.01545169313298
0.817046579764467
0.243028999776126
0.0900949230698016
0.529406980976493
0.855145941097293
0.856998753969014
0.334649228230576
0.670824021027916
