1.67170386272619
1.36227736052309
1.44529577749184
1.08705246986151
1.31720546452399
1.57802486238799
1.64298261579597
1.46166897374109
1.26321999027375
0.561254102478501
1.13513261150775
1.23569176970005
1.51641616249867
1.29511505460766
1.30315506845035
1.37812994058901
1.13447880427966
1.2325684873195
1.71441195711933
1.40806805398621
0.75158181794611
0.728965813853315
0.625409258625357
1.27218999301348
1.5123187761337
1.29184024944886
0.942339581002597
1.40242121072564
1.53315676699531
1.23571341001428
1.19824042604004
1.05725904582617
1.48921142745902
1.39010610629738
1.34811491487267
1.29045123550838
1.33261278539994
1.08875473383335
0.150138203404228
0.462270105079802
-0.256907114291239
0.617580402125694
1.10223071518417
-0.532833853958004
0.380706361717252
0.566306210474308
0.405282964037923
1.23689333401307
1.03157498027487
1.39703668234393
1.30431568666362
1.42138905950797
2.01078371518676
1.11203606749912
1.05488812032031
0.814138132295801
0.874381061592337
0.92981104950593
1.521591517399
1.2423789965184
1.17346587190148
0.457664445574408
1.05435385204807
0.577157755935622
0.381346691315083
1.16092818376329
1.01043268367522
0.137438700560289
-0.111162460182068
-0.02386092493354
-5.02395526172078e-05
0.0273064338904086
0.155519763966464
-0.336326711263872
-0.163430523476572
-1.49482524076347
0.490935338173097
-0.929124732817343
-0.988889209838873
-1.22219968504461
0.0348188571015629
0.0551755006879822
0.248239282550049
-1.67019137040426
-0.373130167032399
-0.196350929642053
-0.663087244257211
-1.05640070956611
-0.940756232220737
-1.11325913557554
-0.869343329427895
-0.479254736840545
-1.07463139871107
-0.572675102994451
0.0442765254922947
1.41893424964283
0.899621032863809
0.593010385437955
0.345260429625074
-0.138065004314062
0.614786928769929
0.229888978378489
0.654356629353244
0.915390676606045
-0.306105839450081
-0.249877129222463
-0.766857606252065
1.7594269058056
-0.915628143344452
-0.544746373466851
-2.00118084233949
-1.35848135710168
-0.488081509998239
-1.05790362951634
-0.834038086867827
-0.797246353108782
0.289709141366378
-0.197404746696746
-1.06771892770788
0.364966687219778
0.196825010309105
-0.128720841416415
-1.78852141533493
-2.05726208052251
-2.12705916069389
-0.949215041254731
-0.795088495039688
-1.92578933892236
-1.09518780561128
-1.31737809262559
-0.786606726517079
-0.959620185975329
-1.86164641189435
-1.56963793742984
-1.06847394673222
-2.45694003483318
-0.857626699821004
-2.05168785687662
-1.22071430398223
-1.25758942978484
-1.36298520212815
-1.83257842416554
-0.571975521221355
-1.0052111095822
-0.359265537253258
-0.520386375735847
-0.129214750633953
-0.211678515211348
0.0661309795742128
-0.941358314774256
0.0384497350030636
-0.712508021241432
1.00273139654137
-0.889821467536267
-0.334708620364536
-0.445027723817385
-1.00739145660499
-0.262891776866731
-0.480335084278494
-0.00585442802856337
-0.0614642801036877
0.534160079456849
-0.573186630751264
-0.923220697438893
-0.509622181104213
-0.816877757432509
-0.171123583714917
-0.48846151672432
-2.89210896666483
-0.567878883801005
-0.875879568737843
-0.73596437531475
-1.97332538382744
-0.0444332993794004
-0.906585259798598
-0.202519465383459
0.194682219473114
-0.110633631316738
-0.67259699437186
-0.927040491128305
-0.533322442829612
0.20245565352897
-1.36920539203219
-0.710876462006636
0.248854907298951
-0.904604313685984
-0.262651333609923
-0.0426201864801981
0.23176728276273
-1.11694311604048
-0.47115010410295
-0.811347784994771
-0.898358918538304
0.0338751855657114
0.482638344040887
0.153344834800932
-0.212050744441556
0.0134669344606202
-0.561887613488537
-1.08998772439123
-0.537478796653975
0.387275576152506
-0.22445722337039
0.170307738931804
-0.537217240867868
0.248042206375198
-0.169655633143681
0.00688509852636444
-0.137371302360759
0.157320935773106
0.488826828001733
-0.801138696793855
0.162505547436895
