0.972730927391594
0.859034140541223
0.446441576384867
0.173097735612909
0.482260704450373
1.36245659707716
1.36718943953609
1.17399709980746
0.654828921774128
-2.01211979362897
0.499113852502758
0.62335050332666
0.904127910634145
0.834801185399894
0.683448927703039
0.577875713294189
0.578229081614411
0.714711296586694
0.517163381791937
1.44553032398146
0.485960081426203
0.671451533805093
0.76107756648021
1.32519055521734
1.12042666170971
1.16776951435366
0.942730020111007
1.12501056815204
1.17028504644299
1.10959773119604
1.10774320954355
0.815250358455553
1.28952540446202
1.31891444809676
1.17474203932143
0.616202818692021
0.983550094710903
-0.531798918112016
0.193536053237616
-0.617338308923359
-0.210232929921197
-0.116277062878228
0.244530164149166
-0.754796415173606
-0.0839806830296262
-0.866553608351166
0.263356722835117
0.426045314403582
0.0817528957166416
-0.575247508035639
-0.592717614901985
0.364611462200942
-1.19664659979084
0.934945073311096
0.625597269112095
0.444722496201132
0.540368467342625
0.488900059646753
-0.0047120969585916
0.335997690428503
0.632131042630816
1.1316114990603
0.496163836881927
0.468000658983107
0.303041144098663
0.799282282315014
1.48190105170544
0.39545791332469
0.278307054085981
0.557955107281905
0.0599266074355264
-0.0829766291238244
0.736337842348608
0.0595269874984745
0.317368291658292
1.30757969362704
0.671254030729047
-0.390038230679222
-1.2335234484825
1.08205218266109
-1.81289003546226
-3.12433267619469
0.409054431116846
0.371862765113356
0.42883561260536
-0.290358589660423
-0.902098902884563
0.491580357045848
-0.330770432766595
-0.511178356755854
-0.184645792533731
0.241979571167043
0.0991705981689654
0.742346250123085
-0.0326096829097157
0.237585288097436
-0.321552779592327
0.465529994414394
-0.576663700747238
0.0934356197958307
-0.512551379173569
0.0758804085325964
-0.473173375047673
0.397847058880247
0.550458417170696
-0.069827908686363
-0.0195199914732529
0.320982722960481
0.320428234349106
0.819479244520841
0.618436731132608
0.203810108537379
-1.2460088561836
-0.307514839923304
0.187023556851229
0.806476999400146
0.272430987386384
-0.373724331429879
-0.257854409749957
-0.275393653045551
0.182146434478113
0.168167367737472
1.19274117144411
-0.288043291283224
1.01710056251644
0.336763964028796
0.30537553997487
0.44821201671074
1.25438715103719
1.76178489775847
1.04703013532684
0.890744118176684
0.922697958913434
0.903053162049279
0.885600808465549
1.69262037993498
-0.497168617226967
0.94891373831981
-0.0177364176943851
0.781682500518718
-1.68199047886349
1.46381629465684
-0.107120401477918
-1.38911974236184
0.283362949282318
1.40896728566786
0.79132348611736
0.0296002980264405
-0.435122864932356
0.167295612513098
0.618236727542991
-0.554413761493205
-0.14686382745073
0.187983537109151
0.579995478864583
-0.442941368039943
-0.855307406570787
-0.310568010512121
0.214462750111118
0.116441503296413
0.0558906081322037
-1.27803862623354
0.209066328411857
0.184197730519265
0.607272018326173
-1.06971290116141
0.386363264471235
0.750462610369449
0.32487997069612
-0.872745901095076
-0.862667315839061
-0.701913304356681
-2.17664753631282
0.446892935737245
0.0652892641438059
-1.09889707443184
-0.052320775573659
-0.9275186006582
-0.738413200836542
-2.42011119404766
-0.332232093340198
-0.943327196274001
-1.98674508748975
-0.73816023306553
0.396020187095867
-0.219494665773218
0.287853994440773
0.85637296402743
-0.226637655895772
-1.44240641333984
-1.99352359628308
0.298152682134445
-0.095218771067697
-0.556439644968682
-0.0408455420366573
-0.291578767537129
-0.112726990599074
-0.628369504861441
-1.96213716218531
-1.57139731277261
-0.788616205949707
-2.86437060599557
-2.65876522783549
-2.58886698489257
-1.68325652686009
-1.85383511834949
-3.08578019998818
-3.05203502955538
-2.35872458505064
-2.52172420300621
-1.24676123403279
-2.16537149386403
-1.57557499941868
