0.574353938890632
0.304165678790138
1.26567867257911
1.15467554980531
1.10646455339712
1.29876771863666
1.07962458310451
0.667541969781333
0.83435197930685
0.296400642348339
0.924492453867872
0.903633923071446
0.447752320805181
0.297350454387105
1.42223548813975
0.729450187870208
1.43471049049826
0.101083982548726
0.27666616074124
0.70887241119276
0.485714471329838
0.452241952772721
0.502598299230233
0.396222516463506
0.0970830192648616
0.368039054414789
0.304386756286634
0.429017307747208
0.365222098508165
0.844928799957659
0.90536654122464
0.816929423826058
0.846898808940948
0.718743563145344
0.861625762267542
0.295384818879621
0.287501651850687
0.383189513206595
0.26477435875292
1.24159672142452
0.461569450413805
-0.531958355002376
0.573297885731696
-0.305280024415192
0.97886721964323
-0.389200674172074
0.190522558252092
0.573074649811018
1.22653203533009
0.178330281540242
0.198738226007266
0.508099440712776
0.309668973101206
0.288223807715207
0.127605526425409
0.230893685253422
0.597002032282787
0.590766557386835
0.487194960841842
0.282359407193374
0.624234878088135
-1.06053427568727
0.214382958503762
0.508759045308296
0.299707969333337
-0.00096280979416357
-0.019765609212117
-0.738958670422209
0.117351863429829
-1.37087979240478
-0.748094553312696
-1.29795453617786
-1.53300520930427
0.338330542560317
-0.0365446777809603
-1.97092827154473
-0.247607691506832
-0.349559280875906
-0.259779757546361
-1.35389153791571
-0.462749463117081
0.647742875257786
-1.56121961969979
-1.7534668324367
-0.546183273594103
-1.2056297257285
-0.306740614067226
-0.121107398099638
-0.871256688694108
-1.79738354631165
0.140100928959638
-0.626523987283702
-0.986695438840029
-1.25436326068211
-0.860358837756361
-0.874818523530596
-0.265540533909564
0.201968328613234
-0.938951244865969
-0.599123330905529
-0.683244028137477
-1.03880906039841
-0.329935614150932
0.696987377167281
-0.334818031674835
-1.00703068857671
-1.87955743389525
1.91811104466384
-0.257908815541545
-0.487175119180141
-1.46259402825027
-1.21917827681549
-0.936012379998989
-1.36275868350978
-1.36945403178715
-0.594611396584236
-0.809853869342189
-1.02820140654582
-0.862185503505277
-0.833711831050974
-0.950269048267499
-0.315087239634596
-1.33989284332505
-0.421442821298947
-1.46787397041541
-1.31683047994965
-1.32800252187015
-0.167177082500923
-0.545880449034549
-1.08643566039166
-1.50284777293474
-0.762377247036458
-0.478475633989714
-1.45803015491629
-0.864749311404961
-1.48049042435128
-1.27379657533476
-1.31179166395285
-1.46743937284363
0.0523623968168251
-0.971542876557151
-1.22161633512686
-1.087651917408
-1.88361529733441
-1.22989316935978
1.32126839087603
-0.879994345249972
0.0100442203358529
-0.653812191313755
-0.444007386310636
-0.0155343111314196
-0.750692976449737
-1.21256850449251
-1.12154553150376
0.0177828434740252
-0.549559820551671
0.0953982594551355
-0.0600668167861714
-0.956270249000157
-0.00533480247151922
-0.304291959984345
-0.795020443859188
0.221256416517939
0.139873379368609
-0.432619780959226
-0.219817813012438
-0.128219404922812
-0.212682971693187
-0.120930757855493
0.766131221438295
0.139078155250391
1.01352047245023
-0.195914212942536
1.44070416152189
0.596041915767222
2.56616609738549
2.29680676487276
1.11156490510197
0.920468090599834
-0.401353823022978
1.41410145596959
2.30774247339037
1.95263573274154
-0.110032540374342
-0.873215455205713
1.64555903146494
1.05303908549846
1.27338732443156
1.69255730676403
1.44565344701073
2.47832746624101
1.38973555049141
-0.469372505899437
2.32847236032148
-0.378747807733809
0.323973881699199
1.94568674732854
1.66299473556409
0.497540898318168
2.8422552322315
3.1430731926649
-0.937585823086359
-0.425842823458007
-0.364402535279106
0.109684255756236
1.87359678017916
-0.279103467209684
-0.558010863456846
-1.116607239448
-0.614454139417097
0.103893645450517
0.0889960343268548
0.777343981003275
