0.869856306286627
0.589581262265673
0.438876687011002
0.574154833420117
0.0573022340931684
1.08874976493732
1.0506862075961
0.766117725593692
0.888137196779485
0.0454086689993892
0.236869345913787
-0.278009538502189
0.980182626794967
0.904619995222989
0.403340481216614
0.680433044490721
0.513707189426186
1.02119042985724
0.534580081613302
1.22958516067913
0.604089940206886
0.763974234286032
0.840432932868131
1.28230276430865
1.01059324973358
1.04923414296876
1.0196910031632
1.08853795510111
1.10834598735024
0.936039017795921
0.779441920704144
0.602704917811301
1.28389536092562
0.967472512881547
1.26848604246657
1.05720101537979
1.15320656577045
0.513313847787664
0.143125087531922
-0.172459155489905
-1.34312359628881
-0.388700802316528
-0.393387272971199
0.156275416514098
-0.578389659765207
-0.883129395478703
0.339195125523098
0.38269697650007
-0.211091283462776
0.770777345587986
0.570168484219789
1.36022081331362
0.497199761649602
0.780128155696383
0.391354754698495
0.938667666843944
0.689246151865465
0.79834545513108
0.150805843267677
0.843981325240308
0.706889354809905
-0.45531770713999
-1.36374147606961
-0.55893689213848
0.320490321049076
0.380001797806619
0.622289390135004
-0.453438997778112
-1.66221256861195
-0.466234025278648
-1.05404796153293
-1.14398773363636
-0.218465523692836
-1.05352131113913
-1.58040838017783
-0.845603184449383
-0.548335890253917
-0.922308997320339
-0.443676333814893
-0.56910165015531
0.218390314321165
-0.000128305226940036
-0.216311287937572
-1.0875395951759
-0.81320662447058
-0.722573520527059
-1.31929977857508
0.0883680273999756
-2.19540199604076
-1.17365200065597
-0.588717429082082
-1.01693075096427
-2.03858010283469
-1.68726051640242
0.00371808644114832
0.858093118000841
0.696372141958516
-0.334432822314206
-0.408036019882778
-1.30877535921563
-0.218114373190444
-0.990613868544325
-0.390494987106165
-0.118495561125792
-0.661859975081989
-1.13208366243061
-0.230321451586809
-0.0748033258129089
-2.63316779195912
-1.29317883097813
-2.30528213377742
-2.38720533386525
0.784376351503455
-1.76094331981613
-1.42659666246671
-1.08011240573382
-0.842114673794427
-1.04969534127617
-1.14836626837582
-0.673559415498042
-1.34421013717783
-1.41208709262005
-1.89733197380063
-0.797723945908765
-0.8396489608827
-0.854958686210439
-1.17663994506422
-1.99841722501148
-1.29231755840326
-2.15410384740659
-1.66654093953872
-0.855410585032587
-1.28239966447002
-1.96770383271829
-0.950808379938989
-2.1801264808769
-1.89356419022706
-2.09441099213985
-0.166112640155143
-0.942529577599417
-1.61546483910229
-1.1926992195654
0.343894699401629
-0.0343984862418475
0.526671931198544
-0.344055767150765
1.06623195406907
0.279783942829176
0.75552656024128
-0.399165228650272
-0.430116164024847
0.238844047743366
0.0563866136589508
0.39494137750149
0.201767338098507
0.464789534778573
1.26411774828576
-0.046947980802733
0.450841862924273
0.188747169145702
-0.545984913157625
-0.728369030946087
-0.0651173173410277
0.454648474148606
0.0309958792203844
0.7846643564102
0.391816445882609
0.24518141433362
1.07414374141617
0.904535961413582
0.826107012986265
0.951554055733419
1.05758587938665
0.959960540084729
1.19480124488123
1.73099682110467
1.12770254194038
0.695019128856079
0.926581482558344
-0.835566939914788
0.971889951469156
1.30028434489742
1.27741016415156
0.557659950424543
0.70972913058375
1.15141231057275
1.14339785148336
0.896962615944387
0.982461304448234
0.722255342810009
0.641790509720615
1.04076457898373
0.717471442969636
1.0689043504628
0.852190139078019
1.28127608620225
1.14954974270368
1.18655969388831
1.5449376130235
1.82126585294468
1.65884415613321
-0.54307560322015
-0.507233979431165
-0.438728579802989
0.795791221344137
0.519756759550523
-0.872772589272358
-0.571582316440805
-0.692911225979796
-0.249881268261255
1.14070339156541
1.11535194427659
1.2656228030983
