0.190296941820886
0.75812342985342
0.588274004908404
-0.275532105142351
0.184527485607059
-0.594640693007713
-1.4233528252213
-2.15510584729539
0.0448812056215107
0.539758544969683
-0.0117856343653081
1.2279520393794
-0.08080023288613
0.0773063035107885
0.583204016009312
0.819103088172125
0.383189536951755
-1.57029878283359
0.542358036082643
-0.240216925181451
-0.315482118373328
-0.138629247940955
0.0919508250021953
-0.0216921245030688
-0.162317391245106
0.0027867993630135
-0.448756462071503
0.04567784973243
-0.0334703711063524
-0.809619913383789
-0.00823330704526031
-1.02355733057039
-0.0261882484256438
0.233039940533047
0.0472815534406597
0.0238474206278116
0.0858757892551194
0.0657140317061923
0.297116586078669
0.360635924032965
-0.565863424212288
0.185298827072938
2.04244584767249
0.243912658287665
-0.499668728430924
0.231163098889384
0.152436381574492
0.153633773071957
1.42976267311811
0.369356321304498
0.543145451428489
0.453979087799647
0.451945885555331
0.203358019066633
0.485249606169705
0.755948788304193
0.420030065044197
0.448778103094377
0.340853093402154
0.383006739625359
0.714405779252839
1.04921997127731
-0.863855074173469
-0.493411343601142
0.154842263682607
-0.215371875372947
1.46452982013722
-0.138332322302604
-0.268740118629805
1.3615924467372
-1.18247319943536
-1.2078649594439
1.54883596065987
0.917350303517584
0.730922986783974
-0.350150655510736
0.720110118849351
-1.83731622297478
-0.944052692068095
1.82502129635374
-1.25956479581402
-1.00631871144783
0.0876098781307141
0.656710765479645
1.28231634904893
0.133345540263186
-1.63085868283802
-1.64394869039727
-2.02480278629157
-0.575261768640976
-1.45286285529826
-1.8197298342707
0.847989155549617
1.13624582609445
0.806184962460072
0.87732943680535
1.57368846654858
0.0687537881868033
-0.668721112512626
0.188294771047229
-0.501870462472501
-0.473457787204658
0.250200446779238
-0.798891851530738
1.23520396646096
-0.135822342250501
-1.02242029599005
1.22029234124018
-2.05925291774539
-0.233892789383426
-0.496556603530481
0.527142861940798
1.28879124634071
1.73442071128668
0.71405558595535
1.68840062677602
0.700624040135092
-0.873096611407663
1.09373442582908
0.32335379087338
-0.0217227370180769
1.31327382270023
0.482021037355193
-1.3056748800423
-0.0374389164818132
0.933137041246265
1.49740823832952
1.92162794712749
-1.4873297053439
0.459889085464428
1.39748505153374
0.725397562125907
-0.234105161564996
-0.909561932313703
-2.40597050094913
0.76379286229946
0.50086041978434
0.290948035370984
0.78531907455722
-0.210248353013295
-0.509568493921547
0.909656014837193
-0.915620617623764
1.40589822534131
0.468420571707147
1.92618250831493
1.05779270557151
0.527428705928882
0.671414080745438
1.18473181896742
0.622238004110756
0.801483129155062
0.498273718714467
0.606106342137726
1.15862808742886
0.805793257782806
1.35969443221059
0.963976633617714
0.149747568451509
0.174897263729098
0.175961497671264
-0.721024127260575
0.800665408396045
1.01048852486883
0.808233413054661
0.182027682347194
0.320152578210526
0.318558030742938
-0.83095120532338
0.474120488600988
0.459281682720033
-0.467566013186711
0.261447304736144
0.184566333241282
1.1846935133462
-0.0500907055786403
-0.0213779919005672
-1.52805040555418
-0.434285941089823
-1.87952881936756
-0.141045146894349
-0.220732698422805
-0.895092488496986
0.52603822557436
0.327892246150198
-0.321079286852842
0.239661950163659
1.02468605002908
-0.0821192033526822
0.371820685215336
-0.264933813363282
0.873713704804626
1.0182896312556
-0.177987923745568
0.0769228586538003
-0.947136024733129
-0.984517880574209
0.202071684891661
-2.23027672785734
-0.496088437635364
-0.498685535090396
-2.42319686251593
-1.82468702915521
-1.4776263554519
-1.797903973863
-1.87847548196617
-2.62055133206592
-2.07780283479303
-2.31487727668977
-1.56611815289278
-2.08517198263023
-2.57512504408508
-2.15808336850285
