1.02865590246787
0.854788992354317
0.502229893151239
0.623140708666935
0.595741851770446
1.02022639701094
1.03930811321381
1.14306321597229
1.3876775017236
-3.16111222644174
0.870733378515229
0.977907277789236
0.909084878184825
0.602509214941736
0.30599745873923
0.453350887253132
0.642911274517435
0.734203220477461
0.663722100199361
0.719688735594033
0.691494572168041
0.478575451917652
0.50952904441273
1.13042170311873
1.0703897821009
1.23117024083643
1.38062632676062
1.33184355140158
1.07442653860268
1.01205624988891
1.62688932737856
1.05804140308498
1.11275257915251
0.902433691842613
1.91909921025133
1.09919462560386
2.54010978871005
0.771508508182903
1.01068403590762
0.0229414066119735
-2.10299507690285
-1.69940151202154
0.16642286594212
-0.138905303976193
-0.969876814075418
-1.57908982504755
0.244397002435089
-0.227728627940751
0.262662533140665
-0.8507200728996
-0.963288749533805
0.3097234840125
1.32041726375448
0.898106804311942
-0.128137040677185
0.89037035872017
0.390461257186813
0.956938005421872
-0.523122606812442
-0.13372788322763
0.340122375340603
1.40556258048182
0.385514069528501
-0.0922340499153052
0.105591292378871
0.251073550247517
0.172489422644694
0.133197861930361
0.921520205687255
0.0214867473940419
-0.0735901934035522
-1.06287380947911
0.70881744827394
-0.167236395649888
0.526952530964167
0.596071461010598
-0.610483071669226
-0.909222803912004
-1.84306151780437
-0.131875184424582
-2.6220848289079
-2.68204648990709
0.507178664933179
0.115651716663234
0.219446010542472
-0.720023890523717
-1.07749252021855
0.101235100321416
-0.159179702516814
-0.481808675770596
-0.141391079982594
-0.148224941353762
0.832467358306285
0.185645118365796
-0.260942458764683
0.109611388801523
-0.63110151027637
0.00979941883232529
-0.330373914221446
0.0254775325577592
-0.557911616377086
-0.738423991777674
-0.696060653961725
1.81158473004244
-0.121401870310998
-0.916272214426414
-0.898771108692664
-0.647520916129787
-0.285790180320757
0.154233457290045
-0.0493148642803214
0.617327617748105
0.0751471542700521
-0.368175352637043
-0.42877970026657
-0.58791383713041
-0.65138113203498
-0.353245565367936
-0.590416217296109
-0.237475311840959
-0.279872506298394
-1.03254492057238
0.457949995511649
1.2565662624162
0.568544999304043
0.018169804605904
-0.234367044382234
-0.814848090952149
0.0751137014188514
1.18454470209814
-0.0164923098427109
-0.0604901391178698
-0.157668403154327
-0.429412386854519
-0.905269840992138
1.24545269173453
-0.807464324478985
-0.874664113355727
-0.177141348293891
-0.385843753046524
-0.741245850894453
1.78938029436421
-1.15326657521867
-2.53169482616549
0.465132935656103
1.43997817502281
0.955549701775193
0.98218940944512
-0.00753058393219288
-0.0193581921949955
-0.991079187637135
-1.26536600349142
-1.24577473932623
-0.587182622189996
0.232245389179761
0.0657711003445594
-0.696060653961725
-0.761086076976265
-0.0884232069774818
0.72869995512524
-0.49186765104629
-1.10300211072586
-1.12895211685228
0.470274519180519
-0.38864731317003
-0.24767189934875
0.356541360335577
-0.191595340835251
1.62599773332927
0.108116710735797
-0.0676217210998951
0.112765269723811
-0.282505678452946
0.43952666459661
1.50198490269671
1.27715895109281
1.30132909189396
-0.819211139470165
-0.209858418362711
-1.92443369591242
0.0296338369919338
0.214543916085728
-0.623300891251326
0.361707853222796
0.550820612296164
0.476793517011546
0.924595982471664
0.479435456096113
-0.266800515611003
-0.939141640493198
-0.00290303663083651
-0.110847315129585
0.378805185529937
0.41639610729986
0.827362671358228
0.309468806538344
0.0231443467472297
0.434041454682946
-1.00833695046072
1.4473669513294
0.810125775186332
-1.79168880224023
-2.90596740431745
-1.93068737144423
0.378616948743059
-1.43598920986352
-3.85360709904068
-3.16456208428671
-2.4511889975292
-0.663997530210358
0.236514938767054
-0.525476976209103
-0.233974190493933
