1.64338600696168
1.48233947565124
0.805194648067656
0.896292607151198
1.30297270156391
1.29716700223184
1.40238972355477
1.39689994280146
0.996122408569151
0.101585399362089
1.20216177159545
1.24001014967143
1.2878493476032
0.986779866559111
1.15513175235356
1.01884803729796
1.30102755626795
1.04693868193947
1.29047017261872
1.14976079708269
0.959832006127376
0.979845507002415
0.863598113987214
1.45738346907496
1.45224091649724
1.43902093875939
1.10520789051293
1.25292038315791
1.28635487026743
1.37530825303946
1.25833092780424
0.983180111013555
1.30063278843043
1.38938207254593
1.36098576879262
1.10761984491753
1.39266501856285
0.785673846433722
2.06355812058043
0.0568489705260489
-0.674021037756966
-0.00737812307421812
1.1675138368712
0.344856535543992
0.71070184978062
-1.25771722017183
0.659499808707942
0.335413541223599
1.11590293743222
0.497887875472138
0.23228303032271
1.49108390094974
1.75305518298941
0.834117414168755
0.614733379954296
0.759183748043677
0.684912977667834
0.34745902334655
0.50840898127932
0.525200441788342
0.769632328511713
0.837632096037739
1.19066315666449
0.858162991113664
0.61043942834149
0.730050633977788
1.51129690668792
0.568119963725977
1.03992390974256
0.439353524046141
0.741803019128099
0.201460267635154
0.64893247025527
0.824329415872295
0.406823355203388
0.0203843377857523
-0.119903569754782
0.0581518930782703
-0.645624054930977
-0.202892260453439
-0.69638770903424
-1.96233883178899
1.01096518467041
-0.20401865874989
-0.193117818969603
-0.0475614506026826
-0.727230768585462
0.326153882786588
-0.147375648497543
-0.56319729638234
-0.0148626086967408
0.430858271949455
0.55023415249231
0.730689836489581
0.989406589692383
1.49193484773199
0.0105197865421171
0.362439324744983
1.45918452505428
0.473902484895174
0.979148528476554
0.329010238646331
0.422955732065906
1.22166396371555
0.529172078237601
0.131954545444519
-0.187345855847872
-0.0848114011360669
0.534713125929986
0.471513963365971
0.641539064343196
0.544167329066351
-0.289911743085117
0.239939649150187
-0.410310863108793
0.0722108588001548
-0.0822556607947346
0.713270252826803
0.0163357868935735
0.592037599274665
0.952259598871494
0.520964228047465
0.17016169591495
-0.438776212216295
-0.172739018283229
-0.521302102043397
-0.221008107789985
-0.543003978180136
-0.49023110761517
-0.028947408781413
-0.293485593196683
-0.537871470975737
0.0331909527112202
-0.0688404707574395
-1.24286336769322
-0.266651826396635
-0.58477324045635
0.103341466940846
-0.816103418060273
-0.563290837066617
-1.96631219061498
0.455219835730746
0.0660428606515745
-1.36335790393598
-0.42966034837906
-0.21355180993588
0.56694778596596
0.167628177249363
-0.100358775853426
-0.816451524792462
-0.620409009202317
-1.12932214991113
0.120249870078016
-0.37110441871145
-0.513988839807417
-0.479939231084828
-0.850550577422947
-1.40568528959925
-0.452507047415876
-0.0694879953297207
-0.915284750486928
-1.23388003442856
-0.891683077104848
-0.474983053655832
-0.998774907610589
-0.870485627816753
-0.69872652523329
-0.830874601882066
-0.786267366433084
-0.946073328405574
-0.635643165894431
-1.27340030148779
-1.12064202823447
-0.587426439313512
-0.218390283067579
-0.675346601888267
-0.663167138735883
-1.35604829213543
-1.07950212553298
-2.06383948851668
-0.938213521349301
-0.953535109435175
-2.11882194980177
-1.53240554338364
-1.40656279728375
-0.856928354390086
-0.454885313556768
-0.530612946730442
-0.913286718372058
-1.89171882516681
-1.99289602886936
-0.961781356717609
-0.857034653179726
-0.8715462167249
-1.61195171176271
-0.743951362009662
-0.839842902433758
-1.12812568992487
-1.99267818282564
-1.82555344697067
-1.60390633511487
-1.70190117110377
-1.20214073926178
-1.43941686374546
-1.58242675895653
-0.739057029957774
-2.92364213857342
-2.11102607943798
-2.1231678629185
-1.2671968159541
-0.996128798684799
-1.47362792369981
-1.34797196664292
