1.46721029215306
1.03091166739274
1.48505230114982
1.06594807790022
1.1793870671222
1.43004479882902
1.49763216837967
1.48562868573359
1.23769966177105
-1.55775945527292
1.11274571850263
0.585495814294143
1.6485049275341
1.52664187716128
1.27104526610565
1.18599317602267
1.17198267318775
1.42232659877889
1.13603906071083
0.960173763502281
0.442194849872825
0.96265817019057
1.10933426913686
1.56686803204916
1.39904417731227
1.66961912148049
1.66174017956454
1.132754216055
1.55852918530046
1.59189892124007
1.33198620713208
0.877418825778489
1.19386935351027
0.858033520471793
1.61362923896492
1.18636101528762
1.70204465247315
1.22320217337756
0.0559256900004627
1.02692228213766
-1.32489081749248
-1.14981339140714
0.613895713797494
-1.29057138872124
-0.403001349583561
-1.52214967854322
1.04816159549634
-0.425719743244457
0.505351923973874
0.689437975994116
0.828693889057889
1.3556853490023
0.660291107459495
1.15934720867815
0.657009129154403
0.95768657214206
0.456568021177784
0.298346249762663
0.745726158269716
0.773992920393707
1.39091650170525
1.04428426157103
0.458681659519068
0.7480607549781
0.888499322722187
1.21710638481925
0.84162033004342
0.456427040346095
-0.845749726656801
0.487785132229533
-0.598683185365582
0.435071067382374
0.534585245198123
0.448022518305154
-0.276505013204303
-0.845331440249814
-0.0111709671414205
-2.08366955636856
-1.59029453313737
-0.227506202456911
-0.533107913372027
-1.3559093253123
-0.271046099928338
-0.575187843554224
-0.783671358150919
-0.224670583909567
-1.03670881012715
0.512992806576187
-0.675041490320195
-0.826658818404398
0.226708729134895
-0.101299605484477
-0.377021118469867
-0.284397489260595
0.713534740981091
1.28262495483679
0.266284848292651
-0.575081242716154
0.0648999678741808
-0.0976364114663291
-1.00307836471698
-0.980589911714951
-1.09287351618607
-1.75387786135757
0.379669905578531
-0.163626948875389
-0.71312729511557
-0.347444354568738
-0.0847164548616004
0.22633733642118
0.149121581256243
-0.109324038625645
0.565788285570156
-0.190656242927637
-0.470656446190464
0.348048726381943
-0.711611293137793
0.677234912108288
-0.101084355827766
0.74620564674349
0.803321417330995
0.0906721165869495
-0.553893916952541
-2.94520666919809
-1.29132279487163
-0.91061971593067
-0.720378422717073
-0.52083479761103
-1.41568618886291
-1.5727312763039
-0.76753886684208
-0.106785316595684
-0.737875400106303
-0.772825652183554
-2.9810351137343
-1.39693900145374
-2.3815838212766
-1.53750989367956
-0.104435554172856
-0.353234333365413
-3.63140831451072
-1.17506767611569
-0.0953618464369207
-1.57332944012744
-0.0534624842706235
0.150052464511228
0.763137685741083
-0.138357897929658
-0.053979238361113
-0.386560277883249
-0.880964218147356
-0.26952030099509
-0.269490968987425
-0.123569174168415
-0.304419976472747
-0.18219414243642
0.683766409780344
-0.688348069606218
-0.262267558023618
-0.403359612569176
0.0525668123045639
-0.526505867815286
-0.248021616110826
-0.250952697954923
-0.252213526859443
-0.613304249803663
0.00989831394664518
-0.0139358361710871
0.952464243428235
-0.142474452002182
-0.153948783641083
0.109255488440564
-0.526080514635173
0.370291234611999
0.604667229827535
1.057711154897
0.22185618057596
-0.748478413065155
0.248066409292958
-0.939926204697707
0.0782101063832929
0.302146803809868
0.289680887517207
-0.190573679366243
0.190291724283605
0.13244131739986
0.504782968724599
-0.237752248392617
0.141985343704627
-0.680635776625759
-0.681886429012997
-0.209121283746805
0.493962336524858
0.022063035764539
-0.387052489146875
0.400442852856588
-0.120252965255632
0.22633733642118
-0.383704515481359
-0.254822321728468
1.18590437809832
-1.47856330161997
-1.56018944837196
-1.69921884050995
-1.1136764939902
-0.919998217085239
-2.91805266307255
-2.11606539515004
-1.27830991194668
-1.59608664987108
-0.101190845153503
-0.503973233666474
-0.00919195698845059
