1.10482329649633
1.04447436884464
1.0970430542679
0.366114311146091
1.14434654677432
1.56855241463561
1.46649179538591
1.19539454232757
0.725941662277237
0.56765048261011
0.82065643420573
0.82855511850702
1.35603446921004
0.912529646594082
1.53342973282968
0.988963695453534
1.29445770463803
0.634826304428659
0.854171277934289
1.37731197583663
0.673314655411984
1.04791629058729
1.17283654169201
1.58067424084947
1.13688070918799
1.67462300470084
1.60405809314326
1.44948982357232
1.45608553711772
1.27818115837581
0.96369277940879
0.292888458422061
1.46592954384137
0.911234153397709
1.4674433340276
1.36154392166719
1.46290431001841
0.855890874175066
0.821349897340337
0.689946195294016
-1.58195378331568
0.0547450691571978
0.861130832941101
0.710857277696646
-1.3136315854843
-0.145752668961179
0.805615942782918
0.771762879902523
0.893954656726256
0.944547561953806
1.01189960142088
1.13618944153819
1.32395952160057
0.268546817918457
-0.695459906727903
-0.288217326261969
0.477326281244942
0.342693618148476
0.858034295495515
0.237531267114454
0.457988171486229
0.550356216822468
0.107452026867129
0.437930720283979
0.230841663915792
0.0879319848300939
0.899070286264561
-0.806001095734883
-0.503970824732699
-1.0066108229661
-2.0926973988321
-1.75540127577948
-0.549932209091557
-0.478904684777923
-0.576030278803726
-1.54806006138933
-0.917987756348203
-1.50018858045958
-0.741385914951529
-2.53930605434051
-1.52063675756175
-1.65558367386433
-0.796801590371411
-0.90391656588829
-1.06938939347737
-1.32487818346349
-0.814019058615658
0.245179273914161
0.140723972013094
0.044868766186884
-0.36006966843261
0.82351312870211
1.01364846797974
0.892156653295163
0.886470083551084
1.10694535235588
0.460808082759442
0.51005582626283
1.40737492125687
0.711346119300476
0.638676448338853
0.890644915187314
0.946132316578246
0.537988310061776
0.977913871356707
0.753011185878126
1.1482446725311
0.599555897076019
-0.127613424869926
0.211605337109861
0.384097670967195
0.935680357312505
-0.0933078788903635
0.676568668214649
0.834891096980206
0.361588021549145
0.948456167853373
0.735730961612802
0.448770365646117
0.730467736561239
0.888842437403131
0.688420428522479
-2.02405938111302
-0.727586212899165
-0.438604965610525
-0.723900566217442
-1.98413440473548
-2.63721046656448
0.48083133595543
-1.61210166394671
-2.42018041869524
0.16125278564501
-0.0427701090921456
-2.08787459736939
0.259775862389868
-1.93433059204309
-3.02598770365884
-2.16373764967051
0.0233783514368401
0.506010637787662
-0.825525940239908
0.376623037854276
0.971409270643611
-0.99264937091538
-0.640905647927411
-0.727496766784711
0.355753216381438
-0.0541474799568546
0.0903403202345224
-0.217830213954498
-0.365485207455047
-0.186536054140891
1.25771184893683
0.765423207882971
-0.195101804970716
-0.754353533867205
0.344342218412834
-0.0533875222318491
0.102087626241798
0.237286196783681
-0.0182342328164212
0.12628869032588
0.27798840738898
-1.05511116003951
-0.973064357356626
-0.596315704900125
-0.76411876940482
-0.919752094722787
1.13139833057351
-0.728737881659674
-0.640228005279381
-0.523544373380819
-1.07486417050279
-0.722086733297834
0.616580394425019
-1.14322816953727
-0.0607732195487552
-0.571954620796212
-0.388048221672118
-1.92425900491174
-0.483818792963199
-0.306297365767899
-0.949075200340985
0.000565480859013481
-0.54820765813479
-0.632075996725247
0.105996444797086
-0.499483299235265
-0.434553509190572
-0.69842443470885
-0.617390824595214
-0.0588999964648796
-0.355690655877409
-0.025564899947871
-0.253376207423978
-0.1144496495804
-0.0745888622175246
-0.488497540476189
-0.823702225280625
-0.675133857569655
-0.903126602088531
-1.33397495835679
-1.43377288660987
-1.1316229349096
-0.530550321447489
-0.854472416461588
-1.85825375645195
-1.76284007647187
-1.44069509767993
-0.892732167734239
-0.444658162384786
-0.68085555105255
-0.5357263455907
