0.298593284115894
-0.285564294278346
0.525693238853589
0.963076254489913
0.336900355888927
0.532325162712408
0.364610594417996
0.458305974947313
0.386925850324168
1.25272047199913
0.557719269013571
-0.133461649546557
0.304070329247203
0.485136300910544
0.873004996537571
0.988853860588252
1.16952119414712
0.562123904100041
0.182962645850505
0.747357208597115
0.797993835811294
0.785041870392192
0.911598450242203
-0.110960366191734
0.107580407338712
0.481707756312129
-0.106467594063882
0.0134506146082065
0.142609558541268
0.17732521435688
0.455701322328468
0.53286870727809
1.09706436110015
1.2779801779504
-0.32528260506235
0.444308304132253
-0.942860497688458
0.286231987370932
0.773410815815005
0.135739198109229
0.597968070699317
1.03620833745839
0.321879383383755
0.408354605466728
0.900844919615879
0.625303161427311
0.642547716495068
0.903903266340031
0.43464836436285
0.616108867781809
0.473709289971371
1.07807376858455
0.830068017655853
0.197743512179424
-0.295877033607797
0.0464499582274166
0.379874228784601
-0.162509681659269
1.0130984829123
0.0437298421846087
0.188819322653465
0.338209617631178
0.118911833594564
0.421552800342575
0.341711788191711
0.0340762517320206
1.51884752134031
0.0611127723946805
-0.856246728998574
-0.604954214369708
-1.1651384261004
-0.799453780089289
-0.632067126411927
-1.29565578213626
-0.807122100241608
-1.93824715722167
0.0667785456408165
0.218696700553263
-1.57166576668718
-2.21346321715564
-1.44703293168643
-1.15601644268354
-0.142274474403644
-1.73087675741149
-0.277619607105584
-0.767975138758734
-1.33575918644103
2.98710766744656
-1.14596830778643
-1.4884545319779
1.16759476622499
-0.269721904288744
-0.779070128907568
-2.16581514904199
0.289757616618005
1.33950528682545
0.557992139984829
0.189892554662744
0.687811899383634
-0.667013527462444
0.524344942883486
0.249301777785151
0.643226803210467
0.192861125076793
-0.468469544235395
-0.292822689963199
0.168338287769723
0.742236729469344
-1.78439854634674
-1.11854012060223
-1.99470648621304
-1.35289364853626
-1.10813266992703
-1.29800161084606
-0.551607013451195
-1.10095672560236
0.566147964789986
-1.3086803330024
-1.35894904289302
-0.478690692250344
-0.229608559770858
-1.71425585485369
-2.56033898877467
0.20004168722205
-1.40136113930701
-0.842146906842317
-1.27034134676211
-0.75384330899151
1.08423414135307
-0.837696633229273
-1.409767918452
0.402838584767002
0.190765649073824
-2.51282896216497
0.700817079693902
-0.765195077501095
-1.49048787429019
-1.26495440331958
-0.359861538599337
1.08251072403753
-0.0972829393133257
-0.336351539863729
0.243602500242594
-0.757688269504389
-1.5238908195756
-1.38984307556562
-1.80307933426039
-0.540970772612333
-0.341158077213198
1.93282877450901
1.40883522196078
0.432729366668797
0.519856953064045
0.524356027607185
0.154895257502357
-2.04332309523507
1.57517388052781
-1.21915989512842
0.0852016375807441
1.07116791942971
1.49348656458347
1.10973714259571
1.39366730992743
-0.862171367878343
-3.18886508617407
0.0260057015408126
-0.807518803239629
-2.50832701495254
0.560354516326103
-0.441226932453337
-1.43057240333559
-0.604401389363852
-0.0913131607107102
-0.729452599041313
0.297897487282658
-0.376058429372551
1.51860567735624
0.0520464286135797
0.522577784249478
1.52579444121987
1.12371973907398
-0.639752081019627
1.66809612477057
0.861813523692706
0.541370985788547
1.67562874447269
0.585658911545113
1.36659809567238
0.693585174393268
0.0686906121768374
0.965223645766129
0.546506225502931
-0.936488474131542
0.965542890513686
0.472422901235436
1.58877692664391
0.0511053537665954
-1.33803363846953
-1.12186377535389
0.097026620319556
1.66864533266491
1.11102103361798
-0.681641548638259
0.323450213077957
0.227644001252701
1.02934602531608
-0.150490261757788
1.21616087363164
1.14609406599566
0.28158312823241
0.300001182918224
0.53223244881148
0.417221302403881
