0.934007475485004
0.779957120026589
0.667799374273153
0.088045701273271
0.505870193896242
0.85778685654647
0.908408726563403
0.918479918207774
0.543702723602562
0.559708276502625
0.511075198221319
0.786800435722074
1.07462716311552
1.00281749997227
0.902442207624108
0.738153423169857
0.856580652173198
0.744121127194645
0.745547600317153
0.677174661177473
0.564745240933034
0.749759049845748
0.946608781584345
0.857869769541555
0.836920878260495
1.01499114237207
0.782464072830567
0.865624218416199
0.925652954094649
0.67146496175189
0.769707349910683
0.291239831830324
0.977596276837253
0.954130239574864
0.822237693083796
0.637235831502174
0.27277823043977
0.210188795670521
0.293456004947041
-0.305756076615535
-0.893642731503562
-0.304515659237916
0.728500508031911
0.829941510475437
-0.558905265929571
-1.38396498648227
0.0148193866077245
-0.163755239328083
0.21173068786486
0.0825403688357788
-0.418148642500444
-0.0543474206420133
0.0432101450119686
0.374093969089162
-0.376476088268291
0.484956633352787
0.70316702465163
0.713598088241553
0.845587611098234
0.497358695792759
-0.0318962723206338
0.0563777408401828
-0.417894716730687
-0.23305765955974
0.18976683182165
0.0547925116250331
-0.0631984220946845
0.780459377843057
-0.745244009919793
0.0475399916796016
-1.09832214578967
0.641851305686608
-0.26098194052434
-1.51631271439781
-0.240945724140109
-0.801140011292561
-0.369377768193255
-0.84836648740161
-1.12565478320366
-0.672315866534249
0.808537970269468
-0.0630699764526233
1.39820349383118
1.05909727358834
0.724874941809187
0.791537555873697
-1.00638357057851
1.42601112073199
0.93405604949259
0.696360469928602
1.40658470451625
1.17413858694758
0.922253682864015
0.549927870417413
1.56066943360939
1.33949011820567
0.593857976446188
-0.0616854135684419
0.554872758654533
1.11017966058193
0.933760353200102
1.23233390643303
1.03026635838075
-1.4915635309743
0.942234605893595
1.01604567021876
1.18215042990473
0.334075476518748
0.617955732948727
0.0191855199625852
0.759421161931279
0.602444810930763
0.627284775933448
1.13505152500273
-1.04395292880105
-0.274201463464165
0.471271900124257
1.77439609747505
1.03379659656883
1.56959480428113
1.72586426526857
1.09639810942926
-0.545683639680075
-2.78056818466252
-1.09390620597728
-0.291217876695138
0.145503374834825
-0.842414729261585
-0.506446411250456
-1.00527566669188
-0.649319920189848
-0.561363201500466
-1.33416171213063
-0.666478687308031
-2.59418268755683
-1.55937172825846
-1.19518636633156
-1.18648428551926
-0.468874523014825
0.406460918520733
-1.70522675778158
-0.715184343485515
1.10888813805986
-0.491073150245523
0.73607097474979
0.0301878682507212
1.45482665194061
1.15398831871357
0.967257276909751
-1.06849639271411
0.296539065196575
0.745227209902731
0.781784301265431
0.93272488020816
0.227894004981649
0.522368199086888
1.20101489352377
0.882652566610818
0.690717675775177
0.0901036285364175
0.823096723667039
1.01588913147872
0.0498192056430003
0.0751836534814333
-0.244918550349273
-0.172990698079578
-0.200382084457322
-0.467786845606202
-0.530621907773158
0.157494651196943
0.455084795610332
-1.88816354968223
-1.60175922270554
-0.33648659418216
0.125794099245124
-1.10354656436154
-1.50250813329276
-1.75165881838233
-0.784429663693627
-4.50597836472575
-1.15177179537224
-0.257898343755323
-2.18842740991407
-0.696256058765581
-1.56782924151353
-1.48527557124721
-0.948640554707926
-1.26455354250273
-0.777997853843109
-1.32242779579814
-1.71817699807228
-1.39291688009872
0.0952279957644432
-0.748359355303351
-2.27595874979741
-1.58161289781969
-0.936194761121414
-0.465357044412073
-2.63482456533139
-1.34128357610513
-1.98309423136272
-0.492834183390861
-0.196350972094881
-0.136974748557682
-1.06708321754542
-1.11172394384506
-1.76566728559053
-0.796749217212124
-0.719327690104221
-0.038980801848583
0.0235068559740968
0.0734234744676874
0.270787922217781
