-0.359061723370381
0.0443376956152621
2.69038176806382
-1.33599543437841
-0.702112602047659
0.124219644242955
-0.283399353968215
0.1007586038041
-0.0199001949467313
1.09047826523929
-0.232986285367679
0.339204920241292
1.61874099134276
0.085270229505845
1.45654236863541
2.57734067368111
1.2855037354181
-0.878979267574935
0.128496224475084
1.79427528881402
0.228672719963672
0.587741464170215
0.644450409420867
0.255998523045843
1.09407371408434
-0.764958527320832
-1.106493550292
1.12397621373556
0.51016554019547
-0.640409672766463
-0.304124302581429
-0.996224126824454
-0.369666282307782
-0.101388002647341
0.960744575621525
0.301869003234762
-0.907624201359794
0.374548846728772
0.673314872871414
0.411258290335989
-0.337679159634246
-0.91665168461672
1.38248576643685
0.402908944273086
-0.368093801218451
-0.667954332891198
-0.244312447479358
-0.60840355763973
1.42319258794405
0.174083806989468
1.5259867210462
3.46188137646884
2.53235342663643
0.0728686410628377
-0.520764428850756
-0.48770392657239
-0.985978506017207
0.82301431492784
-0.91028074396293
0.655204763207441
-0.618479261668317
-0.704522366996823
-0.347502833934517
-0.980757633122387
0.706171225544501
0.226530364902794
-0.27534660608232
-0.566204437720493
-0.637313403880762
-1.13183336913957
0.325197942862047
-0.486313611149796
0.591629228284286
-0.325191881319074
0.708305498012131
0.472245043947219
-0.0608643981423797
-0.614882238326013
0.456352583046564
-0.23379352619646
-1.02644632368539
-0.964910787155167
-1.08540370966388
-0.940047763305446
-1.07086502341118
-0.941324440964007
0.118698331338457
0.814183637889032
-0.470883008346995
-0.942660591422107
-0.334814585090514
-0.237641868842959
0.169866769835767
-0.633706946881514
3.38338436175899
3.15894917880558
-0.149235948856898
0.353538937272087
1.65602796537504
-0.653365134299583
1.05444706235056
-0.0233199946677678
0.509044443637823
1.52601545617791
-1.13337533741706
-0.884196406353716
-0.560390077863361
-0.735060917396973
1.30635251117539
0.157014661586902
0.172258975790722
1.48347817992182
-0.829753918290264
1.12570218083844
-0.286243944542967
1.83611983381735
-0.616955654698215
0.175914835914582
0.991784960140662
-1.16436477963408
-1.02482349185788
0.241752788965991
-0.758815925920708
-1.17011290687174
0.116612084211264
-0.817412887258686
-0.541941073264754
0.248577950246095
-1.16211568448673
-0.644154590962169
-1.06263293683348
0.12827728895993
-0.590390284780026
0.719152697696157
-1.3952486286892
0.430957473092384
-0.370291090628061
1.98826989651862
-0.902579022506196
-0.824702622323094
-0.164531254067703
0.124994650036977
-0.87240998362801
-1.07048778556489
-0.58730184687975
-1.03469792618411
-1.02423158464196
1.04788347778121
-0.301087886673366
-1.43846679038406
0.495106441743422
-0.822157424694569
-1.16535484208058
0.087244138704235
0.387064134308409
-1.41801332228393
-1.33763087464944
-1.3781084356626
-0.494415156410898
0.834748113667763
-1.07607665722734
-0.536458809118322
-0.374324517662232
-1.19460918637926
-0.888552200718978
-0.0768351853690138
-0.532927550686129
2.00966595382309
0.29779791388651
-0.828799042560615
-1.11988001317396
-0.988474419761834
-0.0985570771073149
-1.31987184273722
-1.05165216334485
-0.781025579027531
-0.463255558734082
1.05324560837275
-0.73106803375124
1.40401967642604
-0.886826572485121
-0.71758617749399
-0.203296782727599
1.44925655622534
-1.25475712342848
-1.14695390153124
0.954212650934141
1.1140885235042
-0.953518690519289
0.651752004982236
0.493739132268165
2.18460597156426
0.0970934057530669
-0.506977897527845
-0.726714363831617
-0.329866644046329
-0.953502274447567
-1.01822224511214
-0.0813352225962967
-1.344653600454
0.470413260106501
0.00428285963145975
2.10523567402627
0.834799706458936
1.59448768345666
1.69259800253431
0.64089712015736
-0.201215318195475
0.500434374460172
-0.295620435989334
0.808584371810726
1.59437017389002
-0.465130666871072
