0.866665037806593
0.846006562834903
0.492953531239053
0.423054339882929
0.315144987375407
0.86539480545794
0.868682347852252
0.750653812715523
0.401095207324452
1.87106671005958
0.0510093410336528
0.901537621078235
0.670676010893814
0.972642126736302
1.05420063965506
1.08515370216801
1.4044653723568
0.593451639769398
0.747929418343158
0.840744140200724
0.885184282829738
0.859708610404757
0.521805903948647
0.417933028035141
0.855620002168579
-0.0121503132209705
-0.208935029681876
0.71407346326134
0.394503252321516
-0.047977505664589
0.632090367944922
-0.479731207355633
0.796022994012541
0.858174987942854
0.745726781021289
0.538038325989397
-0.060913476840877
0.775498625169127
3.42891715726183
1.49334684162622
-0.767352060091416
-0.805096494364662
1.40583321255158
3.53619402973867
-1.13616700998687
-0.573764293004321
0.543066381231504
0.779672451936265
1.1660062299826
0.744974507858853
0.796846250953429
1.49664794578216
0.956976529533583
0.355663276212278
-0.163914237682553
-0.37228774026743
-0.291841210817858
-0.206013792575914
0.0603700153249308
0.218744227623617
-0.438921012549606
-1.37314238551381
-0.18461375477862
-0.425407942238955
-0.530809655896287
0.460546398077895
0.0664163212206229
-0.350926309359134
0.00640199641871409
-1.06904412512159
-0.389323332493566
-0.960703430947725
-0.471111895769161
-0.730790465614421
-0.550047949151654
-1.18901689813679
-0.661304653824165
-0.20672803979011
0.44607039221811
-1.4047203827944
-1.58881164720147
-1.33275720243591
0.0476934802646442
-1.3817829686816
0.242979634891295
-0.501473931777947
0.0645413421961984
0.045207279592027
-1.98544643499814
-2.13604863874268
-1.51117937507715
-1.44741306499385
-1.69879149573321
-1.16797039003675
0.18939185897866
1.39327430259983
0.669151141927687
-0.560173522527814
0.00191170007372554
-1.584975515814
0.612481113219559
-1.11022683307962
0.776211231306256
1.34956159605767
-1.19800990386273
-2.0010128214088
-1.4449351780553
0.59491174220893
-1.67143884059408
-0.506500431253265
-1.43809331306104
-2.01312926502794
-1.6350330088792
-1.00112792877585
-2.18050854409236
-0.724155822832768
-1.35242899777984
-1.65159805019299
-1.66652980695612
-1.8910601883376
-1.85655918548744
-1.28068741643955
-1.85875958343625
0.633413364864684
-0.600280761165414
-0.944862695368429
-0.432900076375851
-0.888738725359728
1.16201281716397
-1.38808587185985
-0.908753760697185
-0.522538375179517
-0.0558064195759701
-1.61500195935664
-0.11813438994182
-1.69542656780535
-1.04471559863797
-2.13194130760908
-0.681680389045281
0.721504245513217
-0.684938294197793
-1.08612042736571
-0.351105142366464
-0.423181436253261
0.297238405546677
0.580130397794237
-0.290719556762665
0.386097449199222
-0.251157022705427
-0.569572360212596
-0.263372930073089
-0.796235584764538
-0.27198793944619
-1.33130927332783
-0.202493546757282
-0.517491015000104
0.329978930390581
0.106789009390611
-0.639694481766481
0.715761339812374
0.477028032426237
0.148591006615216
0.386265390350237
-0.226951358968991
-1.334840066204
-0.216575463903066
0.357663146309315
0.352849964318338
0.0819836032847041
0.250033471165091
-0.60845530266003
0.347658790255413
-0.878218671628867
0.680888915938243
0.29175290097194
1.60532691816652
0.605834495789162
0.710024211931748
0.26371786648831
0.400876081885689
0.468768137399903
0.576292338358291
1.15880077073336
0.366516825819391
-0.262610421825591
0.629615813764542
0.686359779130452
1.44519947366397
0.316823818360789
-0.349289915238011
0.345571655758589
0.574699779457859
0.0408687514472552
0.383889814526242
-0.0610362942533387
0.157237409430018
0.484569622099839
0.596129811256995
0.62460365683567
1.49258980396522
1.676946984545
1.42560579450745
0.781778918307772
1.02443085241162
1.37671485619242
1.65474470821343
1.01120009976384
1.33340008742461
1.52723690331654
1.20474076111154
0.890165449208568
0.639006819992601
0.332750495489188
