-0.546474598663304
-1.1130290737986
-0.0091684138314282
-0.691093238637802
-0.347668345262278
-0.939034272707717
-0.666784097973355
-0.310846277723604
-0.0396929585569052
-0.0192291992084027
-0.267214554912056
0.0436991961260972
-0.742729409752823
-0.658596504075416
-0.473872325959467
0.289807500575178
-0.0296930921641421
0.176237082829906
-0.280489001608102
-0.803452115570848
-1.19912697771601
-0.627852512883989
-0.430041168033936
-1.49107593834318
-1.51915572777148
-0.565764111831065
-2.09935677801884
-1.20736911411456
-1.0960831482601
-1.50443039512091
-0.147861500420143
-0.944155576644345
-0.519229526356202
-0.779595954930193
-1.55653540826783
-0.898082548463802
-0.679616027785487
-0.401954089166256
-0.322653048082139
-0.359677407307558
-0.359445526431137
-0.479029954824776
0.415610299096186
-0.0696450719802692
-0.0397432511969171
-0.668603416842977
-0.450227301687661
-0.0928491555034767
0.252594882060638
-0.81866044441237
-1.24649851620065
-0.730350432450916
-0.682065275502708
0.0570548188348394
-0.749148245208388
-0.094302469210481
0.0193459763049909
-0.221925536510716
-0.988094964971389
-1.22894240205816
-0.100647336626144
0.154800498196929
-1.07807570481791
-0.683928644959342
-0.349322199161915
-0.578786628542521
-0.23835002066056
-0.340070244591357
-1.19035356735015
-0.349803777627491
-1.51739145887996
-1.04819943895374
-0.145343556375099
-1.36193269477953
-1.13752189813312
-1.66235325994509
0.18027272826975
-1.07849036806786
-1.2498447800926
-1.12747289027955
-1.36803212745475
-1.05677832043835
-0.958240362724449
-1.83294758923589
-1.21519054810048
-1.26395801234463
-1.17329895789173
0.161184540014213
-0.826019267824188
-1.23455288194692
-0.66557831212478
-0.437205802000913
-0.104971225038052
-0.726972729484476
-0.962526412204174
-1.3139080878191
-0.0882720011903236
-0.421430947271422
-0.596716529715916
-0.427908726017361
-0.580118985030193
-0.166133429468072
-0.594203988100524
0.935980719909278
1.46732856248204
-0.20038760855948
0.573402448781101
-0.00814280728817875
-0.0599785656439137
-0.0625772975439034
-0.0879546766801209
-0.130788050787936
-1.373130463361
-0.824389457691095
-0.770275245303199
0.200280375900312
0.737666954361149
-0.8146793586141
-0.42185381467863
-1.14123831209387
-0.937012617410973
1.68476306720666
0.0489014322595656
0.29496149857942
0.361040838624568
-0.00766853153641617
-1.26345102439442
-1.38654620982993
-0.332899812509448
-0.356317345530578
-0.811002841236503
-0.057932371590444
-0.208678843772449
0.325127439043456
-0.26865727640123
0.13287757960413
-0.204372043492955
0.609421036372271
-0.146434844914385
0.0115075572808703
0.287222555703467
0.818809136511724
0.677720243319939
-0.27033020744474
1.04399397783661
0.796400142151053
1.24747344109995
1.10415758083238
0.93128392563208
-0.564344691559211
-0.262544683825554
0.735110129423231
0.253333572825815
0.384668156014365
0.434036826733759
0.67931749517219
1.31989445291563
0.258350834622855
0.349363158541651
0.329576751614308
0.375061713913431
0.314862652906264
0.213856673669543
0.551219282037485
0.523295669968634
1.06815283309038
1.01271081102162
0.700234175728908
0.533808915399718
1.73853292061717
1.48195226646175
1.88365966710237
1.88867760571031
1.48103653322524
0.918683337013872
1.99763412110138
1.89641567781536
1.92272601508838
1.94001272307111
0.757760038278369
1.96478806493918
1.97935756145321
0.732055299047668
1.74224087077524
1.82371530460139
1.7230698156438
1.90443690784291
1.87847909989305
2.03938738469919
1.78514724267894
1.66187287854109
1.6869726247673
1.95170290224679
1.96568325300276
1.58309572680932
1.95655872952199
2.1426232312475
1.68394058052745
1.96935544807765
2.15917340762033
1.71400079402617
-0.798051321796832
-0.29755426930695
-0.750629080030976
1.51003576884323
0.673028238757673
0.0856874273277084
-0.128634184880632
-0.961943554693911
-0.765805010621969
0.587795582012637
0.0533247567422112
0.194874594681621
