-0.192849039758563
-0.432755496433311
-1.06525628443581
-1.41665055137015
-0.653743602220594
-0.736825960654369
-0.636283817489326
-0.712691509923164
-0.780718270106185
-1.23571408933918
-0.958521242357429
-0.28030550523236
-0.680995764799319
-0.719673161515437
-0.544146957616169
0.140291376926069
-0.00160494803677891
-0.818830122379875
-0.412263635225576
-0.798303141577624
-1.24466817342294
-0.710518472633568
-0.300548816067033
-0.763122498716336
-0.471822385267958
-0.717334319842595
-0.502818690027927
-0.895012200598982
-0.550655472801524
-0.761218127083203
-0.650474659867188
-0.803703935358305
-0.866612877289464
-0.743561451580329
-1.02485681741808
-1.27610194704162
-0.747263176636388
-0.997305934788975
0.224820878593537
-0.71667424501419
-2.37327060012534
-2.44826392813629
0.0542668868899655
0.945530713160225
-2.18784139884482
-3.51911359534779
-1.50807232615984
-1.47938452477381
0.030764333058632
-1.4105616236514
-0.678360981592314
-0.781885737215975
-2.15553418378751
-1.14554880938637
-1.2226924216174
-0.665277153334327
-0.889373985953577
-1.23139167491362
-0.77883193675282
0.359366180721008
0.0949705462533816
0.257767588467832
0.905395246933092
0.520726922941207
0.29118362072961
0.0480816636212118
0.0242466591762168
0.883730224500722
1.93178199131128
1.02810641129007
1.78223381312055
1.36471292251759
0.275001108797276
1.20278473501622
1.25447609822996
0.640530291840433
-0.189079176666874
0.583188661574836
0.615697866327375
1.00683843073882
1.08557086221635
0.0717192288250684
1.64821646017771
1.6724864386507
1.16664048189777
1.31592777771941
0.88529062131346
0.17219396376834
-1.10332828931773
0.0253714586532129
-0.565452693430529
-0.0618025268227992
0.192152359785695
0.778184259356703
-0.532226892956495
-1.41107318935557
0.721785543592584
0.516351257648459
-1.25604139348242
-0.315948093035634
-2.35303183340903
-2.62465902272465
-2.04629227873503
0.222014334537575
0.778486575279883
-0.709849059269255
-0.483075620863944
0.0970001638908734
-0.178708216125201
0.890734920531339
0.489262514988261
0.43885299967914
0.748662688307008
0.16058062217299
0.811547306305842
0.636084998858778
-0.0712271148370639
-0.198949592917204
0.471356017573956
-0.967728090719456
-1.69996485825878
-0.356595505608909
1.14431426323569
1.28888148693348
1.09891856707888
0.759530004647329
1.02034043141716
-0.250105099114983
0.660696398731502
1.20122110985931
0.918254062248297
0.779350158619294
0.653621750895154
0.932733131384832
-0.342840122145675
1.12680449078679
-1.07074139529253
0.505560855323287
1.32956011317746
0.619467355492102
-0.744308776291707
1.23420996812821
0.738038555806129
-0.127031739896798
0.856820003672797
1.97065016706592
0.494252447101291
0.323655792557672
0.129333459306286
1.51307373869948
0.979419882043469
0.527949814654856
0.657701953187787
1.13798199588923
0.939781963768559
0.91928191287615
1.00181107903928
0.954883322873855
0.755679999914112
0.464012368184683
1.29897519359648
0.721367015144415
0.952852752805804
1.20220778262351
0.592837498453089
-0.106918369887242
1.02996552405705
1.62473365791185
-1.50067651108669
0.55173128182737
0.43873138684617
-0.40808468158026
-0.319578522522821
0.704398060168268
-0.0546720501205642
-0.185114520588452
0.799655227797705
0.0750919374799567
0.855349053098711
-2.16056172863525
0.686636402741118
0.562046012007064
-1.03746137623708
0.736198270142371
1.07883465250433
0.637877557250905
1.38304559470605
1.27416375059745
0.664339528861365
-0.0782212878097514
-0.228112817410707
0.960662532857352
1.62912839010252
0.74874996581663
0.753154012404849
0.683758356802088
0.41954911256082
0.763787234757837
-1.94855930102646
-0.88732542923772
0.344170294639937
-0.745129954708643
-0.489419229853813
-0.600427928146015
-0.537766269818687
0.622274102375045
-2.55490453960136
-1.06132422065247
-0.65849148072064
-0.319391339446412
0.768493199909146
-0.112825960889361
0.287313308863845
