-0.11267482188951
-0.103963926248861
0.562586605625294
-0.730934813947149
-0.778690225531502
-0.715264097240178
-0.450687206656246
-1.0355455320988
0.721847047415833
0.640505269235188
-1.08739314427354
1.22513322364456
-0.160411172933698
0.046981666273678
1.19327757631305
0.930711572432194
1.28356348601723
0.393128638847616
0.242910554710353
-0.173806718853065
0.706372079362128
0.603318063587739
0.704952356860644
-0.513275242711508
0.306075122050389
-0.989545372845873
-1.44147069278821
-0.182953474990969
-0.210254382332095
-0.826020393109514
0.691069345431602
-0.393524305343224
-0.630072339779906
0.384282613665573
1.44815826070235
0.496237110214826
0.0823295343682582
0.856354212247867
1.60754227543813
1.4707532509681
-0.212791841302769
-1.13431065360187
1.90702281911014
0.96357570286273
1.01642817659481
-0.867751291974403
-0.00999548399980029
-0.939529356814226
1.91125922153678
-0.639067552687506
-0.80324763600994
-0.578315471670179
0.456678955059185
0.947080726251792
0.809521052568615
0.754296601199295
0.956561778478931
0.924832830050859
-0.00939680273286105
0.688774404843693
-0.896065293927847
-1.02619471301644
-0.227962882220862
-0.759442971491904
-1.34040184209385
-0.795848940619311
-0.884159871380228
-0.286530422559631
-0.382135543672127
-0.974155749680836
-0.257533667148249
-1.45385115606671
-0.821875274121849
-0.440536776101919
-0.0662950494693036
-1.7509364739837
0.112062023235991
0.129263880798118
0.356435147567342
-1.46593382325748
-0.987965144296301
-1.28143157152267
-0.138644274983045
-1.71593507430894
0.420961373421663
-0.746616675419707
-0.600667586894093
1.14120688310876
-0.540049438634837
-0.409906514989903
-0.37055134434803
-1.23927779256307
-0.795854214287102
-1.45795308502267
-0.866589181430708
-1.38709968227172
-1.33463343251941
-0.677494623919841
-0.595725233511064
-1.31487249919237
-0.379154377315824
-1.22848139175266
0.325143109986555
1.34439497454359
-0.938223778039932
-1.5499746996571
-1.18062803323211
-0.404966746268262
0.418982597017401
-0.0818390648985948
0.364603947148678
0.242413258735681
-1.01048242788804
-0.495334492265001
-1.43096545776448
-1.43100378992769
-1.18308244236791
-1.22009789457277
-0.99623381191271
-1.57482680730684
-1.55308295787158
-1.42548387964425
-0.6098217313843
-0.921326817408451
-0.222107070575984
-0.05110362878295
-0.59488365750625
-0.0464455312469358
0.177228528273164
-1.36691239157584
-1.27476759574162
0.0153389727869762
-0.678657465287677
0.277777322657807
1.52047032458748
-0.878567876296498
-0.114948463886874
0.354514252397703
-1.39584968422074
-1.03094393973755
0.0818705591811347
-1.06132429829953
-1.46209092503753
-0.181036859166646
0.112505331816251
-0.402885589397999
0.206968136739378
1.11247536556604
0.302125827133223
0.301051731370487
-1.60229053641775
-0.399463123599391
-1.16085704367749
-1.66416147765701
0.358533459834535
-0.718753509811916
-0.207322324872553
0.627561293359536
0.281670677730386
1.76473663294794
-1.08667800253143
-0.499665050194966
-0.529885754090862
-0.202169294195941
1.71490494861019
0.919020360081014
1.6803555262797
3.18045465426164
1.41394428500496
1.16449834399866
-0.00650950782336269
0.489004659013334
0.349022649557471
2.18553295481998
-0.66253568323402
1.85911068545935
0.867712553779771
0.674977963546219
0.0522316897401177
1.69010231881277
0.566461359121382
2.33930834257399
1.20886828645018
0.698749669777505
-0.202407705161892
0.0202213130716425
2.90058058302148
0.634916816905295
1.21208187985407
-0.407968749475565
1.01900330627059
0.933383749912679
-1.61549922918049
1.13213270889524
0.710081444016674
0.300745669496676
0.312116699261886
2.48149977723868
0.365456817881135
0.907195739144934
0.142612950393654
0.818402273903383
0.127736432198947
0.549972494600323
0.998750772058357
2.09436127574962
0.977418849976007
0.852801267329967
1.4706930208424
0.510518051979626
0.263750609013524
1.3840247116955
0.90658613394311
