0.389527569867866
0.834401989291654
0.859276634352315
-0.886021084424185
-0.199042894220131
0.812467884256455
0.823360091349664
0.00978353559154956
-0.455860798929744
1.53078561864951
-0.283649298822702
0.959519007551045
0.880207923671987
0.578314024833159
2.11945373966999
1.67926385855693
2.7095321406807
-1.0936530162987
0.059495883951593
0.523438464117412
0.346116959556541
0.916923450822894
1.52712882196137
1.45211839521325
1.03280557727563
1.27330566063174
1.4748470049232
0.983440437918413
1.47996568904921
1.11061894156013
0.0576411846370236
0.275002691769544
1.02313075861502
0.586987595236389
0.703070136520484
0.849242372665255
0.844545491671028
0.472065261763185
0.817536851089376
1.40275967188187
-0.841676498747477
0.432275718391191
0.853472962515488
0.701762671006916
0.337947367500431
-0.979850023489848
0.248958423951324
0.72789193474846
1.73632980319923
-1.66873872066003
-1.85168511182564
-1.52445227369044
-0.672241901885269
-0.658208171168153
0.355532141699811
1.21148988824701
2.45823755796862
2.00880985347087
0.36699475173293
-0.61858996031725
1.51688954250302
0.248439571057669
-1.24483543352113
0.340814052666156
0.37002322240315
1.50567792573932
-0.673652017331287
0.0308965779990766
0.294252439759915
-0.682093595338945
-1.02404577212363
-0.269900640222138
-0.557320325100956
0.560758895989092
0.178853081256206
0.597596705624189
-1.13252255340127
-0.333649353637839
0.36282616938549
-0.949368614120932
-1.18707769010891
-0.691218742172418
-0.455931632322951
-0.170694109939783
-0.140659630906074
-0.743702530880722
0.295169052768767
-1.12158076356551
-1.14660398614785
-0.9290315702404
-1.59569093356359
-0.148554377876595
-1.24843836711649
-0.792367945155001
-1.65130341379581
-1.15088949982866
0.0919008917477751
0.223828993389206
-0.407966229973845
0.197606543836882
-0.820307678229437
-1.2721278908706
-0.685864890960215
-1.69708657086448
1.03984998264713
-0.814815406640926
0.48494626243435
-1.62158604788183
-0.261430040506529
0.0326861206928103
1.12627741920412
-0.650419393621613
-0.553660415439555
0.408920184976888
-1.48390509368836
-0.63697946108372
-1.06506032110976
-1.03674393501709
-0.9156786678031
-1.69402476185196
-1.85758388469494
-0.581596315176142
-0.363993736272911
-2.26543644331851
-1.48896375362174
-0.754474998958212
-0.853919646233389
-0.834157150988528
0.374846623403023
-1.86309134935167
-1.22748701761746
-1.00974725134787
-1.09363141725785
0.417658686642639
-2.43873309773806
-1.01682579294649
0.104833404243998
0.821777447838957
-1.14261574530976
0.09913730006271
0.00613396340074055
-1.22800988779836
0.845651513022645
-1.0881988686989
-0.549498973325329
-1.17690278200011
0.561546778385463
0.740779728055688
0.164403086905136
0.16268185034791
-1.48107061419522
-1.12701260320565
-0.413211838366541
-0.403012230911894
-0.689311593087269
-0.958226298210902
-1.06606491988621
-0.667213905652642
0.0128154320155151
2.12028379648749
-1.47054830186164
-1.70433222757094
-1.35250778832229
0.224620135781107
0.0794336405949795
-0.151438711207697
-0.362024991098637
0.399770564613972
1.91175375217311
1.19785948233992
0.415932170029483
0.798312652156415
-0.402334073396858
0.02344662758925
1.6496262845988
0.695608191655127
0.492374063613622
0.49849074340966
0.770480425322696
0.0952257590844541
0.467262875773003
1.71594636675973
0.716458629645955
0.433307447116104
-0.722687102035418
0.866130241979997
0.960014870294942
0.822020664061735
0.894896927977309
0.200197177008052
0.523736212637242
0.442007734624903
0.430224787283237
1.32619381178106
-0.73558715436405
1.12640444744245
0.941047043184724
1.4340328693251
1.16494986835239
-0.548626466324045
0.864176423397549
-0.413697210004924
-0.00671798284834098
-0.733552622778144
-0.280852186450949
0.586016817866448
-0.343030931240606
-0.960697962891576
-0.877891590094766
-0.763425973821175
0.00271020543367116
2.07625398844119
0.436933905097824
