0.33304550560626
0.579724219121269
0.787354011020834
0.199956434803731
0.543148428132167
0.921169507787376
1.13820648959356
0.902187661692907
0.610075330304918
0.143539204455784
0.581678527059358
0.370764098541908
0.144394339753872
-0.20050243726633
0.804318871225359
-0.0603351352280071
0.623214458430224
0.164308694270578
0.0161494445763788
0.25164454801567
-0.111636019693414
0.130596428423681
0.600857400044755
1.05348361250842
0.889166540280259
0.765624405940414
0.741492016392555
0.073826598634917
1.00896755640933
1.20717794557469
0.656854517899552
0.843104954294289
0.868538014020466
0.305039259052844
1.26584303950878
1.20837630643988
1.37282919911912
1.19033024499303
-0.624301907693576
-1.09664652254873
-1.6664793104439
-1.10039301539023
0.00129289024815066
-0.193124272561559
-1.05629922852478
-2.35253337701062
-0.371368100157753
-0.964279790061615
0.0270181397170694
-1.88879255253547
-2.19077651387788
-0.960121887126495
-1.41657084905408
-0.0899329244196327
0.271168823009552
0.249592147010884
0.47576094834213
0.181449896314662
-0.045319118145632
-0.751737268717089
-1.06757671163477
-0.326218262751775
0.169342759504156
-0.224765701450898
-0.549162305045559
-0.762354785883214
-0.609169872786193
1.17825249850887
-0.813800310155957
-0.458953731582799
-0.506399173422949
0.519563198314338
-0.252278441449691
2.5205291325292
2.0985813009439
2.50556109097783
0.20499427613957
-0.514174802736263
1.65363029624669
1.56484523950264
0.319901952380045
0.0143275136294693
1.63550862975548
1.41220190958154
1.12768910253971
0.78283323114202
1.22704386574677
-0.0176768458486546
-1.7511252483772
-0.64450809296323
-0.0565118696453032
-0.207318304793935
-1.8630517533462
-1.60332505130295
-0.0657905080721087
-0.848974362233773
0.223662945053238
-0.197498152347379
-1.48237733927789
-1.59842794033212
-2.68635666911455
-2.19170765359893
-1.79606231688928
0.794196645288081
-0.876882245760198
-0.518829459267486
-1.66184916452671
-1.46088433528134
-0.480276265517685
-0.57630021662569
-0.63416815699172
-2.44820769297015
0.619652689833792
-1.66982526373216
-2.13911691752968
-0.769005658566039
-1.66584713317464
-1.09132263745334
-0.842703881591276
-0.0679068550133214
-0.466421462020975
-1.6798020857933
0.663301285184565
-0.867348264885943
-0.15714974985395
-0.454801692301272
1.30954563922415
0.306918873660745
-2.4501810858833
1.9977366932011
1.33567378944603
-0.610927401001149
-1.43033035423969
0.580897091830829
-0.58202721210279
1.70789985843284
-1.08530431042341
-0.0552846687418429
0.130119954276812
-1.16822355172242
-0.689477975867268
0.561161850211418
-0.292964567655805
0.300330487813865
-0.633476012482122
-0.0243165246824366
-0.424343747767421
-0.536989060487885
-0.219151480235867
0.246270266135981
-0.340326271349337
-0.90489520012005
-0.972206240051464
-0.492806729123302
-0.789277154951438
-0.204040664071088
0.367826255845947
-0.478241615471766
-0.727307461044015
0.274202275562411
0.0332039027079159
-0.292555425489819
0.382693170971545
-0.700693057871729
0.323239438953082
-0.383599788690293
-0.00336442792035247
0.586576464642998
-1.81094512498496
-0.196290619087455
-0.211634215990371
-0.684146424307282
0.721370882277467
-0.705081008248236
-0.612754212997268
-0.765877981182586
0.404469829145148
1.36558209823825
0.251923961937105
-0.0989979925669556
0.0807981369860761
0.764725862369937
-0.749460789377886
0.351360503208191
-0.111137552117659
0.00867990891238335
1.75676743566428
0.583203945745841
0.051973080441896
0.219784766576156
-0.0833178701402337
1.64306654096827
0.24200834112669
1.30019453514371
0.0596903549578876
0.858622676634902
0.118835986979198
0.772915390476628
1.46795278552648
-0.239565614820864
0.713701383116484
1.42154643924097
1.17400369695426
1.35652751212152
1.53936702358007
1.98050698300465
0.59861645741618
1.22176947310702
1.01106712487731
1.4568581605562
0.826040417625019
0.296901105971803
0.722867936447951
