-0.407414610134603
-0.175932379331463
0.489143594550461
-0.590117107898159
-0.901867657360682
-0.840923780107581
-0.857632725174885
-0.906237440694806
-0.605731273156007
0.241410722648194
-0.824445776389461
0.172531391178271
-0.577750949348595
-0.461606378371766
0.790308700530533
0.371826547081101
0.761411128541291
-0.476077560240957
-0.403093638774129
-0.717847911154367
-0.530808973176725
-0.480510268192207
-0.3448276174687
-0.341280404137992
-0.0514236225277724
-0.935294056987718
-1.08016161866228
0.201839772176287
-0.568338562470916
-0.558435964854632
-0.641131865798534
-0.689998325512299
-0.789437323688714
-0.542239896514305
-0.845028253160715
-0.910583396225158
-0.421154410194876
-0.41493604603337
0.523556816790737
0.851658315453584
-0.388409154114804
-0.254331508117062
0.770056716173922
0.139360260138254
0.859997922551204
-0.45861630639659
-0.233805590630317
0.185426793296781
0.981988832520832
-0.949011106307943
-1.00452818976036
-0.579750913999003
-0.332542720913375
-0.0698904399118947
-0.12989592045351
0.173941904062677
-0.256824334256795
-0.13084742775879
-0.230110626572898
-0.410134011889407
0.155905316330908
0.422765351997349
-1.28360331432554
-0.707662732735847
0.369942571990412
0.515235601702728
0.677123486280753
2.46374170484416
-0.417604451504616
1.35646374498403
-0.476763606004046
1.15971674935789
-0.211399317259602
-0.0514504593573724
1.1163201925027
1.46897764294104
0.182127612768408
0.772079475158489
0.508114953949105
-0.0794305396238149
1.21792247497617
1.4807889437877
2.95953871997817
2.74306997773291
3.01429806854403
1.29855903439976
0.611076089741518
-0.943788133388261
-2.3366281612363
-1.597440294037
-1.44406193396589
-1.17816860099984
-1.00465484696287
-1.2823269079713
-1.06609753043007
-1.27479212918439
-0.757045705718761
-0.840875715658316
-0.821500020275174
-1.23780614428919
-0.373837374105324
-1.11899710480976
-0.731891702772113
0.937328611801405
-2.03939402733158
-1.60134481687416
-1.40059399412868
-0.820444684547162
-1.26375074847006
-0.887906274323691
-1.14253038484656
-1.32359169464691
0.0549718452097126
-0.878558186600518
-1.57625359874738
-0.787793849411685
-1.40855991328315
-1.29655894863838
-0.913500412341236
-0.637959010611674
-1.15848411199948
-1.07092423389723
-1.607084129934
1.24616447322145
1.35185751984772
0.513250712845933
2.09462983672682
1.66986939996236
0.171741384036501
0.209322415367501
1.01773844785199
-0.179283915470746
-0.020768129603368
-0.200969867151502
1.54194504855236
0.589401697900315
-2.12417072812672
-2.20399649223487
0.159031602548446
-0.31402444502164
1.1194670036785
0.785996618425239
-1.74995257051898
-0.942886490296821
1.32595586986992
1.08222808876482
0.116476831721619
-0.173130106949078
0.0204246246317756
1.33667016101191
-0.0401864413802247
-0.371262683632724
-0.95248450642081
-1.56803701793132
0.614926537187833
-0.0718645556697673
-0.270206013032154
-0.622349773971315
-0.689638452120245
0.038028892336009
-0.689238961005432
-0.740855048878974
-0.246660871803173
0.259913613353441
-0.946047369887366
0.263280416263536
1.68606838527028
1.26422364271185
0.274022196808484
0.692144153902003
-0.367078501268627
0.411207898781545
0.76931149338133
0.458350620274917
0.300885067897581
-0.402592840073964
0.995070487508255
1.22221354472028
0.690801428466565
-1.12001363156946
0.38782344761822
0.459410628920644
0.0824042589887328
1.76883176188565
0.0543949026753092
-0.240783440953332
1.66156538676527
0.503195066197488
0.234861451516407
1.18891284651119
0.503973667073024
1.8634115690748
2.04937043887074
1.02069745496221
0.314933720103276
0.646192324497987
1.52635723344523
1.48856762957863
1.88555496832035
0.782386597481342
0.528034925756882
0.661790778090541
-0.321903403265715
0.0267288855139799
1.80796093187272
2.03438395624729
1.41569712034618
0.0572323080712853
0.47505623886679
0.204865866906581
-0.0277480486138785
0.457952797414914
-0.413534769147847
