1.05935451311649
0.836804406995284
1.16925173009712
1.70060439592829
1.42704840321045
0.676815044992172
0.865823845000967
1.09742701968705
1.31228996832972
0.761933180044576
1.37829816572236
1.11116556177228
0.560536021526018
0.832054516396693
0.824305394333902
1.60187463455655
1.41566515929651
1.39393702444287
1.42472719643797
0.645825581180772
0.33502076069772
0.341758298184966
0.0237703742214491
0.155171578834527
0.593476399318564
0.172371445901381
0.10642041391905
-0.0258287793029666
0.492699969940673
0.548538501652775
1.33712285494563
1.23371907897415
0.338316898479197
0.629476237451362
0.712873423748374
0.271153211208331
0.721268076718631
0.745716702348416
1.6612188912005
0.654762721710582
0.296334592165848
1.18817524919558
1.32248205445953
1.37544742151737
0.459791642731566
0.520483738686613
1.21024250403255
1.03928271988421
1.16008061295078
-0.0554971910459697
0.00733346000038173
0.85729799475258
1.09441237329891
0.810908011854489
0.0226312366062291
0.0388715943291068
0.839725142601662
0.467014001865558
0.113944057708124
0.411297598238211
1.40217394723688
1.49227122240895
1.11167685505389
1.14179237173194
1.38825986373594
1.81706167024423
0.619962531773606
1.01568023159302
-0.641966351780478
0.901331455688796
-0.583017047166822
0.635421082783598
1.26245046098791
-0.513719479574916
-0.254508070841501
0.0205473455125263
0.991862472308241
-0.462436589098121
0.589026713104845
0.359620415049697
-0.699882158095812
-1.1405211578383
0.938312656768463
0.278767452803291
0.0992225932594523
0.0811694049871748
1.24688081060908
0.236132435854967
-2.58350653600619
-1.79732782251839
-1.18273541721963
-0.538559944530122
-1.58423085400861
-0.0695744925387778
0.318899649031909
0.111924442329995
-0.501891975987986
1.44271775398889
-0.377000099908308
-0.200644102728351
-0.251972618394118
-0.242379505950887
0.171500821685753
2.11424146169118
1.22036320587716
-1.85919355688936
-0.867877207273483
0.464865482752592
-1.52405287424465
0.550697843556811
-0.435222533987586
-2.20493871723737
-1.69540381280198
-1.72494848980914
0.315257558844738
0.369814393179126
0.157453406527081
-3.36546932633756
-1.16466695684826
-2.56276906343732
-3.20977594048998
-0.203524048062755
0.699706629757906
0.551872737272962
-0.0717865532377246
0.178670527455454
0.299548594996998
0.403986281491765
-0.412318580500153
0.826091050678168
0.790254415510828
0.00879646409915956
-0.0309502590956392
1.63230277506369
0.490749963180037
1.36340889453848
0.220704061879155
1.18904615960737
-0.842488926428917
-0.924298183100994
-0.0900332360112046
0.062012299494098
-1.69621002792514
-1.34941589454702
0.215199651785521
0.400807112869784
0.797788677458651
1.35942666262052
0.344532333715812
-1.09158595775874
-0.584515806915724
-0.912775767091697
-0.94591256264701
-0.46815668581033
0.214132859754421
-0.167771922369956
-1.06808335363447
-1.11092022056087
-0.231162917107702
0.21451124367141
-1.89339451364545
-1.1427552570095
-1.53526910317523
0.0139450304684677
0.100699910556778
-0.309931835608155
0.603984731795955
0.329409365365904
-1.09044092408251
-0.567767619385577
-0.712006979110596
-1.02704412633953
-2.02229151202202
0.431667938360081
-0.769433319050324
-0.358301900284124
-0.448737171990854
-0.192259041890205
-1.37239420557526
-0.740302799131784
-0.772508898632555
-1.04088866213505
-0.860821517150603
-1.0045438102051
-1.17672435249925
-1.1222250571046
-0.540566671814475
0.31696980598688
-0.700146875641061
-2.17514095735974
-1.38351560899517
-0.866912955669103
-0.526010685940608
-0.720445137584131
-0.472018603722895
-1.06644587658878
-1.24055928028823
-1.0727941127751
-0.89054481329835
-0.943221586173754
-0.364201004644401
-0.243399634930041
-0.562592972606958
-0.274500801547774
-0.196954187103721
0.416869338076615
-0.281347355423307
-0.864243991624585
-1.07087022370588
-0.121878815011519
-0.566647405312701
-0.830945677546584
-1.09143172184215
