0.980957283730787
0.788001895505046
1.19476199393243
1.2849805477224
1.5636515570072
1.13957162897975
1.17008029457258
1.11092487840241
0.823915531709745
1.14397968168009
1.39005855710153
1.07167492499905
1.21440247131712
1.16841939665975
1.35377455856695
0.838035550457775
1.3013441945224
1.04791198551637
0.841614220854173
1.06431196115521
0.656135778685759
0.869052243735488
0.865996563187941
1.26231222847074
1.25620081083965
1.40729872986983
1.43553402390164
1.05145097730109
1.35914679491327
1.33882444570914
1.00918755890489
1.27570978815946
1.17632127362453
0.800193153360625
1.19704234175871
0.992952823617274
1.05453473866369
0.769049866271765
1.05496668876258
1.27507972045159
-0.933829571470261
0.0376752073218275
1.33040940092911
0.901592926638675
-0.960276864559291
0.961723767213507
1.34565911243136
0.768717170663909
1.21831302181008
0.521395165381531
0.268041386446306
0.385924161052421
0.443528656161822
0.856304261700909
0.393629329023356
0.221236948024842
0.680323825320256
0.255338975030425
0.762749440053383
0.552080624596995
0.84191307732313
0.449751437740164
1.83998760311454
1.6595328404138
0.649481137977482
1.32051520625508
0.117310439239263
-0.362352020992306
1.57951600626308
0.856938199721486
1.75032865114623
0.430420303472638
0.578761701913223
0.689156623687068
0.276402092536677
-1.28271560765553
0.00413794266788555
1.62003981451218
-0.601724441431082
-0.303737094542049
-0.170932658664323
-1.39372484626197
-0.37458696788011
-1.54770775296394
-0.747514702706284
0.795774852173157
-1.15155951580432
-0.660250170720983
-1.87712185138895
-1.76349268893137
-0.931920041854711
-0.816264785198378
-1.90310489652428
-1.44187460842119
-0.466375082414866
-0.0650246339542071
-0.557644949622946
0.307307616969248
-0.417901791785046
-1.09162845835303
-0.0224943468237133
-0.588896958608631
-0.131007981073411
1.4182156006428
-0.936745659339387
-0.585160430237232
-0.900380290926686
-0.216368810526033
-1.42296848198905
0.0349529689362479
-2.0575607549889
-1.55778131032502
-0.441142042614469
-1.98988467187948
-1.15813656067927
-1.53614665767597
-0.933032134780813
-0.746486790635376
-1.62334208107738
-0.210187028945731
-0.14500198902132
-0.759944203903347
-2.26496007163128
0.32703426001808
-1.20723586902232
-1.28385058197104
-1.72481014996731
-0.622225685349188
-0.431088553439863
-1.89518054015193
-1.51120686725334
-0.914691658456093
-0.224197379894851
-3.23973568431515
-0.226231998626869
-1.31733390103006
-1.27706457324703
-1.71380685813128
-1.14902186818695
-0.927254030202171
-0.485243302772216
-1.11379505435419
-1.39772456849242
-0.815655511509096
-0.624053284834216
-0.0635904425988254
-0.0755059807966953
0.410072424478165
0.209827606806134
0.122019208499223
-0.361181908188216
-0.669164633417645
-0.520371148538992
-1.44559909869179
-0.327858266393122
-1.66207358456802
0.0441559982466762
-1.14579922711796
-0.00789966669102411
0.571306282368906
-0.515307458299708
-0.508840367630874
-0.619775857036591
-0.673696730648618
-1.67681391131306
-0.386929703469164
-0.346279206515978
0.176362618559111
-0.333219151421292
-1.2354433641683
-0.888409807083511
-1.04528672345802
-1.1953593325954
-1.67460535129184
-0.29264453620834
-0.900014559242711
-0.207411482433362
0.955486485898838
-0.473467987779692
-0.00660911171285049
-0.280392470820055
0.253562077531301
-0.0401556931231915
-0.518346641867751
0.0297247581946916
-0.0695304100982782
0.791252247969776
-0.0398584512654189
-0.260349565065397
-0.199956391892781
-0.660539952147936
1.06051208141334
-1.49770961174216
0.523372678883217
0.274916888533656
0.0206703483973709
-0.10834546109459
-0.151633853973623
0.351170803991921
-0.148613737791509
0.455272333667712
0.890706727239476
0.881221833290859
0.846852794829498
1.13796287779823
1.22038529978396
0.684524080790945
0.770332168055219
0.834213169737501
0.89768011978522
0.338773645626448
0.368771751802594
0.214299289899193
