0.900906841879743
0.674423791587596
1.42844262518146
1.53734242101091
1.45240426509528
1.20338102855924
1.17973024127641
1.31384488320069
1.18594965747971
0.514771874450577
1.42070727738285
1.19692520275073
1.21121556502275
1.09364815917665
1.15975433149159
0.95015514656061
0.998799358230848
1.39597660757079
1.02994199850499
1.03402419682392
0.760531981340513
0.242176410552961
-0.314536553695527
0.909362270098013
1.13141279134468
1.0688190475999
0.990478569088805
1.06977459928956
1.06124741075525
1.23340096024535
1.35528959305866
1.39481957069597
0.998398992713016
1.05826712782841
1.1781142067897
0.839616883536329
1.07437405415569
0.660845305830598
1.49639109019843
1.00664801545924
0.755745574491857
1.0805530139322
1.24515960506099
0.573440631298589
0.924004894382308
1.02517852960065
1.16137383603635
1.17930139159144
1.05259017730297
0.885242056626811
0.857100833697767
1.28630377111727
1.39855487686005
1.42826687728246
1.17309346593441
0.78391977624257
0.33677186648549
0.20760742742853
0.385236225079472
1.02664369852717
1.38228646878446
1.11911499445977
1.27903149419173
1.30385322022677
0.971984343968206
1.35060305693809
1.55631090522591
0.614567511117402
1.12624854134099
0.955696071154969
1.02861122098637
0.986056712194778
0.963663333974434
0.389871078129103
0.415314602639695
0.404793576384523
0.960331726638309
0.789473999497563
-0.121937805251425
0.506936609728444
0.0798819466514754
-0.814120942070818
0.603431677099316
-0.0699072957897765
0.610892065414138
0.69006837216748
-0.20088287998862
-1.29648229134938
-0.338282004792738
0.316053408100986
-0.491581178361114
-1.07002300648819
-0.799779795615147
-0.526290405778344
-0.0746098265746212
0.195314225619068
-0.344426763592263
-0.441623438207311
0.0870047393366419
-1.00285488633485
-0.305335472962826
-1.06712391177493
-0.225681110717164
-0.172955424162381
-0.591201267789851
-1.18598948454425
-1.07434271750612
0.56581753525061
-0.00939119866172226
-0.305512830636334
0.121269938781686
-0.462256932359884
-0.654463597363647
-0.241241763936749
0.0306255016511025
-0.0981944918741436
-0.375400015254495
-0.646520490834404
-0.255437525581137
-1.64309834387527
-1.61286293488776
-0.850785238390003
0.412501565045015
0.482565695394221
0.283758295223525
-0.0637827789823152
0.356477314579621
0.0304429824644042
0.273484893810764
0.326759946606638
0.142529068105898
0.276799472305533
0.62200550461173
0.319187640711293
0.849621303943836
0.457402351353849
-0.295519905855218
-0.0182822888722605
-0.599371910309176
0.221710652435261
-0.516725833356622
-0.0345566741187951
-0.565264589966157
0.293889948869774
-0.724935314024294
0.372535156938244
-1.04556585081403
-0.334287625331708
-1.17899079728084
0.0511386569745621
-0.546753205590986
-0.855069656350881
-0.028871097317697
-0.366550225529398
-0.331874093486424
-0.503394399900597
-1.11338343246188
-0.510978041799161
-0.85040992534978
-0.520826367949692
-0.220383904030912
-0.14094916239272
-0.302015028283015
-0.217610159528845
-0.989401474338555
-1.22109303161756
-0.0488495411847983
-0.317410196139066
-2.223781149201
-1.05886871078374
-0.545806666250425
-2.1506800750819
-2.34320840705208
-0.417609392414158
-1.18456237398227
-0.819918301462235
-0.206092124134189
-1.64345694356673
-0.851513306936722
-0.833995448697597
-0.518411519032032
-0.380384498964767
-0.80701854922972
-1.06854540809148
-0.317874639797182
-0.470588554362775
-0.266332633732734
-0.232673864304885
-0.446626019093495
-1.58772302749506
-1.15761999928438
-0.997738450397075
-1.10991042981618
-0.582845404883956
-0.729356864329914
-1.54751157813618
-1.7052887424921
-0.294347597018939
-2.89583870097118
-1.43378063946435
-0.862253382004528
-2.64179730465164
-0.640030202263676
-1.50852489737536
-1.85679048698819
-0.606052830245471
-2.18570173731638
-2.38280991460725
-2.2290539965857
-2.72640390796118
-1.23391209321187
-0.927834083296427
-1.57700701369033
