1.98870105644371
1.26960238932214
1.75066701192808
-0.0586645840616035
0.644462675189835
-0.555537850128866
-0.761753565188464
-0.493619603530867
-0.398651139025343
3.03863881404496
0.473776058981371
2.50276637349762
0.717385116150614
1.25532955218971
2.83175541490908
3.54138398477986
2.83155086139819
-0.0799804677165345
2.93943578129502
-0.309977005712331
-0.497840782980236
0.206701723470062
0.215954430675919
0.220891711579754
0.54488070780696
0.407413793372118
-0.196435903876754
-0.326072202765694
0.909105399195572
-0.411719381828009
-0.0794703730109698
0.0457239846315283
-0.14554785885713
0.0741624437721429
0.178915302773692
-0.193361349788141
-0.0983067688246219
0.847511898106065
2.02548857523575
1.86027716749833
-0.520026696827257
0.133477201673919
1.03787597014656
1.67470398129039
0.688231049721606
-0.579040462727801
0.056981444892654
0.0208667349570879
1.72811135653746
-0.443345849481397
-0.899614054400652
0.289655178686596
0.500684476660871
0.38396217765532
-0.0455698471847815
0.319166348891543
1.28356269299794
0.760466879840552
-0.474732043625981
-0.559446181749651
0.136560183694703
0.16286309400244
-0.40538174312211
-0.465975556232799
-0.230328569613386
-0.63122010814532
0.157595797177624
0.0599510922088313
-0.454541658312785
-0.161141838048921
-0.453906252714757
-0.861948578118928
-0.118767768046419
-0.571318947177102
-0.906877068172822
-0.347362800598926
0.157617917065242
-0.158559428926346
-0.747944847179884
-1.01710590178116
-0.989847092652483
-1.71265359950755
-0.527695543371296
-1.56084333833482
-0.0685409259828315
-0.983185350409485
-1.29350182904202
1.5427557639084
-0.950732544817145
-0.908796860099426
-0.552845909520149
-0.167259222348733
-0.31444863805438
-1.16724466321531
-0.695532227460202
-1.09925461819334
0.301211951974902
-0.108551283684434
-0.313788134144053
0.103518225790112
-1.01516235169783
-1.20554425389911
-0.557406795030335
-0.900348322256472
0.0191730958986691
-0.815359703127574
-1.89551090016015
-0.460149464837047
-0.876971628017788
-1.36888873482675
-0.922373784703661
-0.921701604237816
-0.463419519801384
-0.197229375839689
-1.24802889866135
-0.430693995490205
-0.830767103977329
-0.263856250616824
0.382754802032362
-0.99888465867856
-0.578230239343605
0.260267361102125
-0.237182185209832
-0.597440632633657
-0.0778900707394769
-0.399332246363566
-0.52266444701887
-1.13687179437055
1.58426957092851
-0.518901065464352
-0.499422999576037
1.5390274560624
1.15082002012603
-1.54448852127313
0.0654772007157164
-1.6795874217905
-0.0834916009826675
-1.77831096602497
-1.2664182128743
1.65084078689018
0.732634978806925
1.70409212818043
-0.735532411228846
-2.35092670281546
-0.354881482674382
-1.6584501090649
-0.22926807973798
0.120669596365094
-0.875789048390423
1.36433822143071
-0.982155071821457
-0.320625995621145
-0.299934010913831
-0.517714828784629
-0.519128454775484
-0.452036564459714
0.822644325450982
0.0807886856086076
-0.802537272726366
-0.524315371289138
0.384773043021035
-0.311251298078703
1.32647874530086
-1.00139667140619
-0.839494880765917
-0.186889188970043
-0.0928609525857078
0.737976336085183
2.54342587149447
1.35552650548481
0.872114774013313
-1.11763854464345
1.7812306023975
0.551739841795982
1.11174830278946
-0.239468322136496
0.591434368375527
-0.1768154992253
0.89645917562512
1.53643249778306
0.403353071904275
0.62126075114846
-0.208832486085372
1.75296194097265
-0.534109683441659
-0.236117327216252
0.615968204964426
1.27104338893101
0.15432989463448
-0.497395082245441
0.451375839915657
0.00235990374144948
-0.662225662836335
0.408612958534041
0.524593831163873
0.868205524394561
-0.970069566577774
0.273752557933405
-1.06430837606473
2.09860647476271
0.309804536485028
-0.962452909766735
-1.00171592821111
-0.70819951563152
-0.134612796159925
-0.155180247029723
-1.34888141734605
-0.64373886663804
-0.706326424802234
-0.286338437553672
1.1895090099235
-0.625672491326316
-0.231543380301209
