0.281222422120745
0.298353075181223
0.0904443717612366
-0.544456656334213
-0.394524546963339
0.522224013571157
0.534132930521002
0.465523414846171
0.120150779670001
-0.10419753624081
0.336868357489947
0.0982089009670646
0.521729263626013
0.33371252892507
0.345701093860648
-0.0550746390974889
0.206506272447261
-0.585875119927256
0.0278663614638953
0.466475225006142
0.30463233118741
0.351083270648903
0.473941478270797
0.770786178429945
0.630224294399925
0.808474999019353
0.868291542311836
0.568895600397173
0.745943134618273
0.77480497452757
0.181664279977528
0.382405822037656
0.501053636036752
0.30810027695411
0.488553697454419
0.280836616139911
0.167299288972261
0.295184979547624
-0.977147812778837
-0.578321152762763
-1.62797968917306
-1.00799692874185
-0.0336912603838103
-1.43365993612298
-1.24159748318422
-0.700665811680824
-0.467634977751277
-0.843689461230447
-0.495424300367944
-0.305823687773746
-0.315292535829754
-0.416763552220618
-0.739488235497225
-0.339243346258029
0.00772301321293491
0.226745539710363
0.200561230833921
0.424608860200674
0.337998388608654
0.120125557293369
0.125763916045085
-0.738820977519019
-0.698752857740281
-0.495710708817692
-0.353609310660261
-0.633892501088474
-0.340159784394184
-0.170626598044866
-0.825933821663064
-1.02338544453257
-0.763024188312885
-0.291174600793969
-0.937692447156806
-1.82941204637031
-1.80550619338875
-3.00528285184133
-1.44776213355955
-0.94852264779284
-1.72153470428052
-1.39594375093839
0.850523926071949
0.825893219606273
0.31104964707621
-1.29154763612788
-0.480686378274157
-0.147251362816519
-1.1350083902264
-1.26873524969311
0.400826606439638
1.34053206655215
0.439272646536942
-0.078073436231867
-2.0042692515063
-2.01258666801417
0.0565779581073271
-0.687196542035838
0.54909202310302
-0.763842566351749
-0.693788075893628
-0.822488480849232
-0.462396148695131
0.0074789167415067
-0.639310928418665
-1.04743111798885
-0.972656055420687
-0.129482969631112
0.374267098938091
0.620125893684709
-2.05529852461881
-1.83154188026512
-1.63009631251417
-2.16890084120349
1.67904583738063
-0.684620837849538
-1.44199240355724
-1.74599648493048
-0.0482677366993312
1.19259567659901
1.12431554388724
1.10394929843529
0.937641256202682
-0.172869283081745
-1.42199730019969
-2.6356237293899
-0.608520621803314
-0.662647366277816
-0.111576047265094
-0.49627094132651
-0.600188590316687
-0.108915746643524
-0.271627640213756
-1.04830561213944
-1.48965093380773
-1.8091951564222
-2.26242309536444
-1.04214831835575
-2.14199001391145
-2.6759115571394
0.748617823922672
-0.662718236399692
-2.33388727050715
-1.48045473044024
0.801387241787516
0.0601147576963001
1.10666606375443
1.03860356637691
1.34417444846036
0.503773080626844
1.28772533838731
0.721964978312288
-1.50435821631914
0.696655140649199
0.74678522646201
-0.716799066608695
0.00502175031202317
0.176847868410186
0.901300789990041
0.789723441432593
0.738663037252111
0.537623097604809
0.757222401693505
0.93898609595781
-0.236977845986222
0.125554140194039
0.179971492022436
0.993694398359992
0.599737024496288
0.437640919001818
-0.505722862067079
0.957183863571154
0.786167136868867
1.59382572932218
0.897424130621299
-0.184325023404627
1.51583973915871
0.203317971499473
0.326868352216912
1.49414388357931
0.769830021463454
-0.45978298682794
0.724180206582522
1.4300249288506
0.334458589881679
0.82967102788264
1.1116316941465
0.94083301781368
1.11142143500085
1.3309123557317
0.907425054453847
0.439543232899501
-0.307271281261197
0.505279103583282
0.90032549961116
1.43267820393845
1.42002354163523
1.13034117976814
1.18441086393221
1.06422721609023
1.60446620597874
0.909230706419482
0.746414161676972
1.57272773032482
1.12777980741851
1.49490885304055
1.2289547010636
0.929058254862016
0.926383152065562
1.47119571009252
1.13119899418284
1.63829711898821
1.40944095446618
0.934056781322712
1.31835722368359
