-0.291322215705424
-0.374820374012613
-1.09570069299585
-1.49484167152049
-0.988813936865688
-1.23720959895973
-1.45298642637457
-1.30424965238365
-1.24398745718903
-0.974483903112168
-1.00078755866872
-0.394568399239494
-0.47726509106975
-0.408444872040149
-0.896014666056126
-0.747259855892942
-0.824119432442526
-1.10288240361323
-0.311136348220494
-0.88503612952112
-1.00824410129749
-0.690076116536424
-0.208825225948318
-1.14323087883279
-0.529243978082446
-0.978478621630303
-1.26568466585786
-0.717012290205936
-0.753521981838362
-1.35940952782073
-1.4400382603104
-1.31683216148035
-0.951601663730524
-0.675413277959452
-1.71321453662023
-1.4504064480522
-1.78039887579374
-1.49411937368332
-0.544756348979813
-1.19283826163102
-1.6980070644658
-3.15170141648334
-0.317580170522907
-0.618570564528664
-0.805549735176775
-3.1838619452691
-1.79695573280044
-3.43321085401115
-0.819495562693504
-1.05228964421112
-0.283299925224999
-0.360380097975984
-0.909710039060694
-1.55373855286879
-1.43387496233599
-0.929639933061966
-0.847546815153796
-0.957975403428577
-0.238346993337475
-0.682784823088588
-0.383000513770402
-0.117330170554632
-0.650343691738862
-0.376903719232097
-0.343913481760837
-0.789631901724637
-1.41251280452648
0.63723936245149
-0.477111614992584
0.622791031572528
-1.1856537152319
0.449514385869206
0.226564398398607
-0.848132622332267
-0.016687055823198
0.164894587352306
0.0535450098333736
-1.69290179087044
0.0472452315539453
0.662158761817938
0.407084146974832
0.462066009797949
0.652801043783822
1.15913664170102
0.381140630880876
0.665960505940783
0.390025113524914
0.940413007221837
-0.665260438856474
0.124873702136811
-0.0447926224730161
-0.0686700261988499
0.56975465408616
0.923758361114157
0.115886799037675
0.000173925931453747
0.549083881010523
0.693980811134783
-0.766758065774758
-0.155311171019961
-1.36666021040692
0.257946838377729
-0.00166351000009758
0.981494142148156
1.13038864136653
-0.568435430854907
0.514828760985167
0.503438782719601
0.591498229569652
0.973582708688511
1.2481194143494
0.63834702377531
0.342101708834196
0.476298309976716
1.05176099197894
1.08829208465061
0.914400119408744
-0.0922958789863261
0.697528141349353
-0.0246268941670613
-0.159638962543624
-0.193992264301212
0.982306834590997
0.243350484301122
1.19215571668209
0.972791694026218
0.918853414142413
0.521425441254977
0.966139560131443
1.01407781626786
0.827556838807269
1.24518616139478
1.22534404424373
1.21163264676897
0.512664864873551
0.976553838429755
-0.593932824898052
0.797243259623432
0.745209426702598
1.37765881809513
-0.386045720127105
1.15834590291851
0.774832200750793
0.488100340188114
0.792799084281419
1.42743781619991
0.272359030259449
0.164353052009373
0.160714185524943
1.04374225420898
1.01520213580465
0.75563918434223
0.763815828301077
1.16369972982626
1.07867876441373
0.990788372126835
1.1299087897294
0.868268249221519
0.728155205976227
0.0386719456657726
0.886714069136361
0.0906454126110264
1.1036981206198
0.989314846749905
0.894180317609646
0.596588113763019
1.12304417339647
1.16722860435455
1.00818811271671
0.746678519939727
0.783048538168676
0.499492672799058
0.380516147632479
1.10235161279462
1.15322223867514
1.12050114766491
1.26421118612557
-0.0388832749907687
1.07725701832527
-0.752394526345461
1.1023434480249
0.921845226860281
0.479845925947203
0.873670864540637
1.08968572114533
0.915732967885002
1.39470502855018
1.34489514370428
1.03250551739397
0.8041114705272
0.596064519581189
1.24615484312647
1.19517647142107
1.16327064748937
0.520405893344045
0.850875720225016
0.738867532475548
1.00262427676208
-0.393605775072736
0.851850088687568
1.39949103013323
-1.77437346930703
-0.817336147018863
-1.22004731039168
-1.07718446745742
0.0690148687632675
-2.44869631437365
-1.77659937284866
-1.10813738359248
-1.7700158265368
0.606887498932498
0.519171330871477
0.791420766111453
