-0.372514611274425
0.375923003185369
0.618177762582346
0.290451956396111
0.882413942361467
0.316322684638359
0.381503511060206
0.252951380750727
0.496641261521949
1.66962983104259
0.699382407784244
1.47692579432145
0.190803350036816
0.0700912039827282
-0.0645927060535903
1.1079114957457
0.569903994598209
0.954362585935655
0.285571647337631
0.655196806692967
-0.710996445806398
0.253057617051005
0.595387956056897
-0.405332425691349
-0.559753958747146
-0.482330906253283
-0.253143060012856
0.768100975291626
-0.804956015787336
-0.665370502681709
0.521405826440391
0.136969936323421
0.290542105008781
-0.979669685422305
-0.552916336873638
-0.598190899352351
-1.25955004311015
0.47520185355338
3.84581528191062
1.8101500065218
-0.465091192855716
0.69127757203657
2.30012105936019
2.24172048630177
-0.129053802005127
-0.0786557646106357
1.09300445447284
-0.307330210412876
2.03988974501963
1.13313505162794
0.156729338337696
1.52276368594117
0.80592596871915
0.906236391006321
0.288879425710653
1.32644740108628
1.03533250840054
1.36663072817444
0.43206612750622
0.660545681401765
1.37067277657711
1.35652164879894
-0.345720654224811
0.558869996935143
1.29302207186751
1.5577977110169
1.95848549713204
-0.276471032151959
-0.0326965861191213
-0.415525092217031
-0.357249959833539
0.92336556011256
1.1535677617295
-0.501750724870605
0.0333790397390822
-1.46678647958098
0.486192871181284
1.20438842124884
-0.314471840430128
-0.997227410457681
-0.912081617291062
-1.49128207488276
-0.674976832112083
-0.32178488823936
0.776544826467935
-0.134469006452398
-1.12960281319322
-0.0381048833124712
-1.02259781926492
-1.59031487581843
-0.717428302494273
-0.173228320962829
-0.989485714751768
-1.1737309274215
0.389545760852444
0.430582649966375
0.507266603493439
0.664818559643084
0.441790539736303
-1.21393469236424
-0.203887380892183
-0.364461192825835
0.865748491170109
1.71487590545353
-1.02254812853143
-1.27552343365974
-1.51939328729393
0.730797199738753
-1.27070073546741
-0.677647137662454
-1.69043425166809
-0.604046726325176
-0.0400489362277797
-0.798157403721258
-1.94675503397746
-1.70040644114866
-1.06441740685408
-1.04942105135082
-0.483820402049822
-0.319744107279966
-0.516706342822275
-1.21967772114877
-1.05935728633981
0.171929359451537
-0.408175142310327
-1.10671697026536
-1.21680245116987
-0.202666255436438
0.196785549270918
-2.05450022153414
-1.60103455767456
-1.65737817202522
-2.00840435415925
-1.31083076974982
-0.135699609220295
-2.06770779170992
0.10007445355065
-0.446142082863963
-0.423099658714562
-0.914109209504621
1.17746811107184
-0.691694162160848
-0.621499349687389
-0.503718447130874
-0.882965300823379
-1.15192722755361
-0.421970559128184
1.15125518098002
-0.200136060205279
1.267884731321
0.19069914208116
0.00621428049776719
-0.563293722050912
-1.45460131426562
-0.741803292329346
-0.497014824171642
1.70200017434361
-0.643013564018136
-0.311655548860096
1.22228977570539
0.962348775554228
0.722279893415121
0.285074745641172
-0.575345029715755
-1.9454229684953
0.519103415213956
-0.754779034461559
-1.20899173008362
2.10371831876114
0.252071297109003
-0.395799554306964
-0.688390737982405
2.26300552195368
-1.03312901316752
1.14051370367891
-1.56773294244819
0.471753161156914
0.0340150234982464
-0.733307224117852
1.12566551293064
0.153782191947158
-0.0242217590446756
2.06833814197741
1.3532262766275
-0.893513786057887
0.0591785300439615
0.189158178303433
-0.30061438406584
-0.710058427397537
-0.983427324273179
0.46710991559941
0.854271221218782
-0.97409289176387
0.584138980976887
0.605987547547007
0.395095181912674
-0.727338733515116
-0.924118214249566
-0.0564871467864108
2.12546323877354
0.129901284963812
0.850609087930423
-0.805941375836348
-0.208870358168413
0.528338669953524
1.33176064586867
0.438632296826134
0.0592187188000105
0.158738657256987
-0.322743222293911
-0.711595202093419
-0.307198555038251
-0.929628833078496
