0.526731379755171
1.01264866926623
-0.104603311304638
-0.671276933565297
-1.07795600475785
-0.0381381507795152
-0.0937576608121646
0.0941027480126245
0.541170072648254
1.87032697469908
-0.958651560511771
0.597775004609901
-0.809902652257312
-0.0270591352309831
0.546889277578205
1.36186019706702
1.04160237776945
0.28055038746732
0.915181636867924
-0.456753019570648
-0.096436628112008
0.409370876702903
1.31174945170822
-1.3129253417755
-1.08462013440249
-1.59395306911672
-1.14361957927002
-1.03668134641955
-1.23901762110877
-0.89338173597578
0.230518178949492
-0.553248570152888
0.36348373073602
0.217723224733374
-0.597231898395239
0.0238538467144246
-0.284153026211141
0.703950374167906
-0.733332896959526
0.530409011411912
-0.358262817490947
-0.449505631926487
1.04823576392077
1.71820508886164
0.826815217463948
-1.14874608932606
-0.784569861340745
0.817690165342905
1.48983773298423
0.949305288985575
0.620765184162716
1.38713145127494
2.070792206025
0.69140182872279
1.10271045808143
1.37472044412128
1.60805107913297
1.46372505292291
1.067976321406
0.935678096989554
-0.288843475788792
-1.05672658300768
-0.0845797083457552
-0.174489079067573
-0.75424554496237
0.726356566116439
1.02070199170965
0.121201893161217
0.116875065874426
-1.17551017880839
0.741737526280892
-0.489066608744647
-1.0054622675641
0.276098878700607
0.292125597567728
0.275124137398372
0.457411705843498
-0.683634110981623
0.612141419984046
-0.402744072287326
-0.433526183282879
-1.33049686380981
0.0894825377513347
-1.13904782622259
1.25479031900177
-0.807955456411186
0.480880965888327
2.384909181557
-0.710778907031529
-0.965281153820758
1.14523431345149
0.340859334982604
-0.293312190101192
-0.384527654114242
0.70744824791667
0.842236558654187
0.61840919551865
1.77128031575661
1.08822950244442
0.0267952814664444
2.13977606063663
-0.0852768023882642
1.29986802657448
4.00988626051823
-0.0829888719525539
-0.668853584672701
0.0862288826093981
1.11360268672756
0.186820934614109
1.22585561301231
-0.296594913657336
-0.34442570298567
-0.0724715633842587
-0.392106270419559
-0.488412128955764
0.645561652190681
-0.434262071342203
-1.0683299129269
-0.371180917066587
-0.800594464908496
-0.859490554829919
0.0709460206439368
-1.77802213825232
-0.926259373534923
-1.36315581466757
-1.49877918299228
-1.01409114811075
-0.00556572046400141
-0.03026356028889
-1.55999454815165
-1.82417233070537
-0.835765093106781
-1.75202244881409
-0.582715175577137
-0.752723955246431
-0.506764129985846
-1.21082720115261
-1.37185623917401
-1.78246040425987
-1.03153398664102
-1.35990502487839
-1.4515169128679
-0.204344175312784
-0.452029207610425
0.203033481167665
-0.97526400450741
0.0217889739921219
0.915187528927891
0.290310952809508
1.79100023808559
0.977623647269307
-0.820208360695877
1.15829597932074
-0.814811605437458
-0.262313059115927
-2.15701247147005
0.497650355034037
-0.972487216903626
0.641449666217419
2.6305593178202
0.294248706235519
0.0819853814321144
-0.0474633163349573
-0.349775732293281
-0.214786643086266
0.204887452415594
-0.0801331378307268
0.415964818529108
0.909468845580057
-0.989892744661114
-1.49136577300319
-0.57782015232403
-0.177140469815291
-0.800125658698433
-0.234306999271451
-0.217028398054349
-0.111033122037256
0.358817160166594
-2.02173449625735
0.760462863469967
-0.890714712375778
-0.950991046529562
0.943383559687139
-0.233865315464199
-1.00929620638013
0.0241276761616358
1.25536340847941
0.737479598374654
-1.23577998763367
-1.26649359584898
-0.699675856001969
1.77952503772758
-0.658169801589463
0.451646594572676
-0.159999162485251
-0.483837576843563
-1.36619488442132
-0.75929141716198
-0.407699650425577
-1.25249683745792
-0.138180016207231
0.47783121816443
0.555491199424915
0.538354580877586
1.69243559869326
3.3424731078378
0.758029183238285
1.04940441116036
0.0725164481630839
0.516827483936862
-0.532434020981563
0.309504797041146
-0.231353225814176
