1.61563498901294
1.64756237988873
1.34111093070224
1.00607019082512
1.26518816973201
1.54177855381651
1.66984197857674
1.66557643046938
1.3146340708696
0.710777942631783
1.5504817208419
1.75397005284553
1.60643689839343
1.64164935389928
1.63618893046725
1.51621706928145
1.70006891164864
1.67915807514708
1.54994015092075
1.38092917054194
1.13780288737769
0.997800037875053
1.20149373022001
1.41932665698533
1.50011962216022
1.65030710232571
1.61640742774512
1.17431299393368
1.60134580712571
1.63253440185509
1.52268344080802
1.51569845008787
1.32210622623351
1.4530227640952
1.56900148085817
1.04872770388992
0.324913974407611
0.640790786959204
0.716578519845239
0.647478427243478
-1.15311163588787
-0.961275391596
1.43858093749241
-0.165916689760602
-1.49636285259852
-1.80928062996514
0.492638943988508
-0.00704733947587293
0.762708433300897
1.09339553007303
0.355408584861395
1.33454833647298
1.14060576236068
1.4428777306943
0.731186643669586
0.890211883399065
1.42381482749582
1.45677542888736
1.84617062778082
1.69262196536453
-1.0033717699916
-1.08179454611125
1.41427722799151
1.59197715586554
-0.0305317180654228
0.341810507368911
0.127245006263225
-0.297300821342742
1.23557048668527
0.0460847483794642
1.1484079217817
0.207081964717783
-0.560395532997526
-0.526934891568543
0.388366192284713
-0.809838592983207
-0.959343797439185
0.745041863263083
0.0616856050954454
-0.356390565649646
-0.446746623003318
-1.19869220926317
-0.0689099821532324
-0.59549256002429
-0.54782103405727
0.237300844072914
-0.000411387739308714
1.18503537432249
-1.32810897615609
-0.946901135392789
-0.31347131872927
-0.81760233776989
-1.27052362401764
-1.87520934606121
0.529569823137012
0.723435153468132
0.388083832572384
0.0965151822602614
0.208556665461598
-1.0753877192589
0.060445028047822
-0.216863617402988
0.341132343954807
0.843547150101911
-1.6132825509397
-1.94405157376238
-0.790923570582934
1.09440474897411
-1.4285295301209
-0.723225907085079
-0.113665454429989
0.515458093952601
-0.501532599497868
-0.87992411422548
-1.52478469344937
-0.653152983337576
0.0284115748652025
-0.982245911444562
-0.96474940009261
-1.74007072574346
-1.80771646519402
-1.23318188471852
-0.219431563915693
0.0476211369901572
-0.980633925346327
0.0554047744381076
-0.317345738986792
-0.0448527261528309
-0.0347867394847993
-0.270714948939605
-0.125888763138429
0.352081901745459
-1.0204890009929
-0.22408242493256
0.38892132575538
-0.215819468605455
-0.229560677261755
0.0281686965919012
0.70137656843765
-0.0923002236419848
-0.959407243089751
-1.16545285862407
-0.949857923430409
-1.03632383050419
-0.453061326949594
-0.0863617810061365
-0.826964423661702
-0.293061679505454
-0.635367583384789
-0.624610927398871
-0.681843377534455
-0.554461065466132
-0.0271434265579652
-0.923082091978987
-0.718632630644888
-0.150813089865025
0.537705537133032
-1.23645003491141
-0.694067561555281
0.49816016419769
-0.0802014873646697
-0.32277157489236
-0.556452487943341
-0.320763978915994
-1.31172223108005
0.674918340261558
-0.326160014311766
-1.29147161454167
-0.745737819991508
-0.848630567929442
-1.04846519227312
-1.15593707991763
-0.977497201896545
-0.489999431452424
-0.642555583494702
0.247655822805264
-1.37001817208358
0.011406839364484
-0.694879605037681
-0.304399308223083
-1.10537568423656
-0.112389768492245
-0.84800808763552
-0.372750327141242
-1.58212492100685
-1.47997399275323
-0.0171860414226008
0.43457479293751
-0.673630002371041
-1.10630392652559
-0.640001180060782
-0.151209778981073
-1.6434457735056
0.33101369685334
-2.05708744338822
-1.05706897283134
-0.658913489868909
-0.0632256756167814
-0.77120858234773
0.357056803123307
-0.170618075016177
-0.402809046675983
-0.395354189574967
-0.708115655185382
-0.115782637068343
0.0943115738041546
-0.518083593834668
-1.06952617692614
-1.66846040302861
-0.528717612101093
-0.86052828653845
-0.420417025359563
-0.606111748313013
