-0.104822727509909
-0.0665690916623808
0.136846690077771
0.0775469554106984
-0.160175865836393
0.62679026126709
1.06943257299245
1.04290710245562
0.069182357428999
-0.597880180000155
-0.219560237347087
0.221328020263557
-0.47452464427842
-0.495128404562603
0.187316852928759
-0.0411891870371091
-0.294568075334352
-0.106738610463767
-0.0856331373283747
-0.160077653305854
-0.434040205673235
-0.414574338371778
-0.175393287093148
1.03787328952829
-0.414725128893847
0.731159802220799
0.910663963459507
0.235589621413349
0.308591838260285
1.050185264487
0.340837368188358
0.405889088376713
-0.255696411617588
-0.180287274651739
-0.187300926203445
-0.403968009886355
-0.223263842901524
-0.524050861796947
1.07101023782104
1.26108365391768
1.0750946489704
0.743307549143062
0.201605553339201
0.811560955830265
0.737777426243861
0.113429158101003
1.1061945263378
-0.0253126474152529
0.920652401962583
-0.741667533129718
-0.8473014262251
-0.666123124066445
-0.247282052222671
-0.119032360464948
-0.408954830760652
-0.5034313693684
-0.266783801174296
-0.778078661993685
-0.532182869021524
-0.451969537094821
0.91640445235661
1.47483020992083
-1.1937755400815
0.152759857477833
0.281299707249333
0.239977025511187
0.765968228946077
0.774776107230047
1.95245424425839
1.02926910117033
-0.270824889124949
0.90922210799202
1.35662921971933
0.0960832450691033
1.37492170394912
1.3641356359601
1.63545525965348
1.5315864660097
0.0459293585585486
1.56549804113706
-0.852036089063432
-0.824132691029133
0.942957534154728
1.24556913144041
0.936649817519893
0.953256314204847
0.309878279412508
-1.07239108992872
-1.92859930284241
-1.34022368680262
-1.37653199389965
-0.360299883977514
-1.62590280577044
-1.79477972684542
-1.1890771571649
-2.01991350578897
-0.795270877081076
0.540202517098524
-1.55382443830747
-0.901230320910782
0.373183707344128
0.865558075504786
0.602555065196973
0.965248299451709
-1.33264048425872
-1.71581072713584
0.0125115740963123
1.06603220999626
-1.18916217292923
-0.182737762678467
0.0670757692024527
-0.636191522942583
-0.978138500228767
-0.806875599546172
-0.618319084735699
-0.22547802750056
0.531475024019235
-1.3301311483278
-0.536791995991922
-1.53647914237435
-1.6302474966011
-0.265782595014244
1.06571163762189
2.56430683276705
1.72106362655646
1.25274713344259
1.05338423469511
1.52603852446685
2.35949212043161
1.53722855440097
1.42951678409982
0.163472759006091
1.35115583577488
1.51027658621195
2.26652429517576
1.77304752207432
1.08129614743867
0.992256863687917
-0.530369017805195
0.0594242444779112
1.83723032720462
2.06763155897377
-1.20197720248927
1.30882822711236
-1.39971521370422
0.612390976899996
-1.31755937388208
-0.547673205150791
-0.99237346883752
0.632663575931888
-0.356309121139986
0.338365331586075
-0.375828353781366
-0.784354125271753
1.06681887074228
0.339926828982731
0.507786884454093
-0.247077752862824
0.841989580818136
0.527428217854427
-0.660621109928967
-1.33949384853406
0.590830327852774
-0.972105326082275
0.492906347975365
0.0744007844253833
-0.00389126553700006
0.361095868277376
-1.6892004599816
-0.223157217718605
-1.09044277722385
-0.885702719652277
-1.19645639779884
-0.0241902369786799
0.179947323436103
-0.105199550758548
1.1154939753168
-1.16306608228158
-0.0337103504632663
0.264423781118918
0.171063884461214
-1.27409249836703
0.73898977322689
-0.245837409267947
-0.125212692512851
-0.124464210468617
0.235256798764205
1.15632580269881
-0.281685954969664
1.04783334316493
1.01029271016906
1.31818566866652
-0.280681550168594
-0.680560433330961
-0.30470741695636
-0.620762417039117
-1.21249401855938
-0.728025990478292
-1.90632536689965
0.351137969596252
0.20654410358546
-1.68529023211511
-1.20074605682809
-1.65974261220552
-0.754985778480624
-0.646331581565826
-0.758902537281983
-1.52681123113391
-2.20419031470063
-1.5747616049957
-2.10046630701353
-1.49342481429675
-2.25307721578566
