0.0568597501546363
-0.443590940451238
1.12594663966046
0.590596324542242
0.899718228950223
0.191728247180328
0.165517220939035
-0.00760803914291117
0.782161044108724
1.50525237361223
0.513572902521312
0.200970993267683
1.24396400698775
1.10302019937522
1.23314830735803
0.889637662983248
1.680959871834
0.15774706916382
0.569942244610696
1.18234463708825
0.79609499349698
0.239749984575384
0.0718237214143153
0.714586367487564
1.38939915749772
1.0707757132582
0.439307422813995
1.10996585105362
1.48566043180097
0.644326649030674
0.351534810534093
0.0643367130952985
1.4143619293402
0.634171034403862
1.46254254337456
0.914092476095022
1.31141178720691
0.53172121301949
0.314094151233324
-0.0979577465897466
-0.623687730967924
-0.165986107340957
0.305264926769081
-1.15033295511545
0.315012087778566
-0.434854671072021
0.899779607432106
0.156256673313272
-0.22601992868821
-0.345311376940783
0.0270543169421117
1.76091765100774
0.535375986267965
0.576518985522469
0.288489037462886
-0.464140557149073
-0.224865477644207
-0.261854584001819
-0.380708942676251
-0.319189831970816
0.553818909440447
0.509324049861021
-0.29917864013789
-0.0892782974748217
0.0948840022510897
0.258722904782958
1.20937491291368
1.17796115900103
-0.217131970599409
0.666693273828558
-0.184751839303512
0.190402298653345
0.256341520544455
-0.71525501727074
-0.77010424244484
-1.01966186405017
0.857151521659786
-1.96623180575199
-0.987187852335776
-0.71460793647758
-1.60699174269345
-1.70257322048356
-0.447697284575834
-1.44072577905274
-0.736545414018455
-0.581443730586288
-0.424590343321113
-0.671969468613944
-0.500332455004931
-0.420242994424122
-1.66439065688227
0.598004035686971
-0.852263398113255
-1.67370113221934
0.543941887899589
0.603416090070389
0.0469178451462919
-0.106413623859389
0.0922348490537755
0.0391687124936971
-0.221066907536016
0.260244183901367
-0.337047645257079
-0.630219852034834
0.498358465121964
0.286030285277143
-0.280910523980672
0.527175835682266
0.782330270821217
-0.287295028596814
-0.735048288153467
-0.537269125102473
-0.445598554592224
0.193378731051582
-0.447937219053122
0.700715340748933
0.160397910159105
-0.0299125917432217
0.616854541574704
0.419198516698733
0.514371845323151
0.225682103362947
-0.576338641634154
-4.21012893759708
-1.18936582866726
0.435224784848329
-0.280653096117347
-2.70654085598664
-2.14859875586338
-1.50253545790438
-1.07666238132633
0.204038219614799
-0.048688530523269
-2.27621584550068
-2.13116486596794
-2.85807291176067
-2.78069551690885
-2.32901949922246
0.438794436806376
-0.108074555435057
-1.32492678671743
0.622946025152688
0.332840183467008
0.905707818815777
-0.335071877981337
-0.0248019451536309
-0.568850047659338
-1.08804953434171
-0.491849303569736
-0.289043479681153
-0.338530198157726
-0.0289271507407094
0.0459794635767248
0.926134684321061
-0.291768206358388
-0.205409454532351
-0.257589688899143
-0.00440672480216827
0.0783392255304848
0.137408226169174
0.452386622923463
-0.484022804583578
0.154209509171408
0.0735313279120566
-1.34249348796056
-1.65084012816824
-0.236398800675022
-0.86044743005701
-2.68104409612188
-0.0193003212340268
-0.297166516095707
0.00275262573719333
-1.68666643242299
-0.084216125078185
0.631677223682657
-0.26968699219459
0.837485925681519
0.190927734175639
-0.445148989341999
-0.318293531014059
0.018683379115561
0.0341500864656116
-0.152969997897784
-0.338239452337563
0.860752934613956
0.455497995623589
0.33687510863841
-0.329586219392963
-0.083404688444765
-0.458691047465856
0.719262539225976
-0.822183396931858
0.598739494049626
-0.100728820937155
0.637941500672025
-0.386982252683817
0.077305822671605
0.365729057614739
-1.14996321474189
-0.972155095299337
0.356216881451351
3.15061485302023
0.672917475974313
2.12496999249003
1.77897723778512
-0.353010577683113
2.13300946554799
3.18525386526037
0.542764744576035
2.826185373073
0.0620018662308737
0.638514434708045
1.03974773629977
