0.763438610747871
-0.158198149625842
0.667580027651014
0.321413786948685
0.559598839148912
0.765268235575649
1.16726645537815
0.968347658503161
1.12172818842901
1.27813916846337
0.432909905630756
0.589006981072595
1.06050797574552
1.19599105441015
1.31488156564095
0.337654423982076
1.49433845300951
0.59646870283468
0.929752539239159
1.18192667628355
0.882028278067886
0.938625654782249
-0.0296340850256881
-0.17261360521988
0.972532176486529
0.0977944917059072
-0.434874609731099
0.977725150057763
0.731134159705
0.0705331259115169
1.10804953681272
0.2037159649953
0.590711336303601
1.12999049776786
0.57271121655936
1.43245101574056
0.811184598203961
1.46750788415352
2.70302070244578
0.500521837669351
-1.7780476933898
0.254793660314057
0.879340867357546
0.595619270773763
-0.582674139194572
-0.942995788110226
0.0678544008090896
-0.881942858793105
0.667795833872621
0.266735336163851
0.0907845795518435
0.72258999611431
1.4771102494608
0.466549670275083
0.0919020612361916
0.136383810729738
0.401553755524394
0.191108633490817
0.738869452962019
0.306229131318723
-1.62047474054711
-0.303682342963266
-0.194681859622713
-0.263037934468842
-1.4736274923447
0.701556232474585
1.1199322516798
-0.0558699090758602
0.569230917606754
-0.715379635289621
0.049829574174309
-0.836410784525241
-1.25707970638428
-0.101166914906057
-0.873793905558645
-0.502152848018524
0.0150715770311634
-0.547585285027695
-0.3497736934885
-0.398631395731879
-0.71000263693032
-1.34104010866764
0.247877122567126
-2.38095846838453
-0.51088081839072
-0.0792275057755849
-0.642010511999219
-0.953972813560241
-0.778829215421527
-0.526846310307839
-0.417673002182314
0.277600358742805
-1.13384937445892
-1.6454878008205
-0.0649284094081487
1.447744661338
-0.564869789222494
0.471715915365506
0.724511392025601
0.391661793071591
0.905784842477628
0.77748357131462
0.513146729462957
0.286880130847804
0.140520025792809
0.841455618799274
-0.711368553935227
0.484699538702549
-0.309632419832827
-0.271092283156198
-1.60299169396982
-1.4958638931149
-0.536833702103095
-0.268408622426068
-2.12219723849796
-0.435050445146152
0.596459370461933
0.366816654139976
-0.180603965090883
0.914634978562181
1.21494041376319
0.333355582418722
0.195232090729817
-3.25413635833679
-0.440284933937383
-0.526477404541641
-0.197221815898699
-2.52756563965453
-0.663140763880688
0.316095547482186
-0.608171836941771
-1.23449952668257
0.736997095196685
-1.89092854208155
-1.16268207387088
-2.64744043223284
-1.21794591130622
-2.77360951426164
-0.103653073639471
-0.0418735886068284
-2.11582755720262
0.158689121864917
0.249052123326861
-3.39602412215589
0.782173504386431
-0.225729714651066
0.918977730289781
0.764977664199831
0.63661304632069
-2.22254570283277
-0.301250824240784
-0.172111827972969
0.736485345926016
-0.480881780634841
-0.358002106486608
0.616983014303488
-0.0906933379496758
0.71307696095518
-0.0269836348700585
0.724048686380232
0.190370543462987
0.17907930757226
-0.0252660328576187
-0.424703659188912
-0.748941257763856
-0.453216170629776
0.78309656912775
0.65399840808378
0.934311597432936
0.179717368255961
0.179694169770678
-0.588640094944207
0.343988845709104
0.945241966985938
0.815992629406538
0.921830690142914
0.242720992383742
-0.533700736426308
0.772773621432918
-1.38192301004084
0.698090006412132
1.92363809726232
-0.292697932173937
0.228367916445786
0.64468396203779
0.363784395481059
1.40399271862225
1.27330715663774
0.891940660300705
-1.4791348896429
-0.539499067436926
0.0090329505009258
-2.23479219904092
1.70035362071706
0.614035424316608
0.683573593080128
0.531953622211258
1.70471355151333
-2.56918737402397
-0.929813927337012
-0.552456841560118
-0.883847122016547
0.186375314509415
-0.175682879498823
-1.10811759131699
0.630150092581825
-2.67469525647398
-0.609221943021613
-0.426007878466889
-0.323502727186439
-0.0793204478939009
0.442258037730071
0.565943423330129
