1.52505281338662
0.168532058572774
1.6330549642909
1.54184847166851
1.51974695502353
1.23394943606868
1.78287573676995
1.795572140902
1.59715207477926
0.567823807113808
1.60059266082644
1.07636437570008
1.41186863729754
1.18465780691825
1.26398297728982
1.56508067400813
1.2242760545637
0.515587077720203
1.53983215554533
1.64788109861119
1.25528227127672
0.74856882228088
-0.0357946571037845
1.45579391410668
1.50269249135381
1.55560511525893
1.51657489462553
1.57668016604254
1.60290146115988
1.51271922169839
1.73751035150551
1.64978458666167
1.48267881128068
1.85728020702181
1.58745549628484
1.47506904920917
1.62095011382482
1.17997090633442
1.34897986033843
0.892953942817971
-0.304369361463423
-0.358221943737071
0.85528925325182
0.3824497427601
0.308196161147543
0.0688356074119836
1.36501792186078
0.681862280373451
0.289055197878104
0.432084482279141
0.713346003420958
0.97146441879365
1.69500425837424
1.4897014078496
1.06233444564382
0.725148733863414
0.601265801246292
0.685374565766697
0.5749338480202
0.504453526661827
0.943314135772374
1.06053422874634
1.05734613717342
1.09834531474322
0.828023433900149
0.908094716285067
0.694660384527802
0.638559943257151
1.24218207608269
0.619419045817935
0.754606234068032
0.0308182222794151
0.778234648132421
-0.105811678441383
-0.0443015275571225
0.142011877251473
0.378139020381996
0.831306247869883
-0.470898518696806
0.086546081158747
-0.813516630471006
-0.840147826191472
0.713614666823496
-0.840270863165015
0.237719057857798
0.390469300224495
-2.0622848067251
-1.43442389402283
-0.569512651280523
-0.441832170157275
-0.915177996324157
-0.299161924719229
0.0209098059880737
-0.0844482334472876
-0.192678897849315
0.482363025186327
-0.270271171354024
0.668407580716787
0.318483371315879
-0.106008524490826
0.469981907455161
-0.171313184470174
0.328004057333574
-0.366537627099593
-0.352983208067683
-0.223782128673663
-0.824379959765676
-0.162294522193722
-0.0389380780782759
-0.100913820790543
0.0210704531305882
-0.106626921828479
-0.027826103389737
0.256929256215169
-0.380132961599925
0.434411728586934
-0.399424969833337
-0.430705737468206
-0.118510278917921
0.042670878898864
-0.166980303019401
-0.0701404661173362
0.209505921921487
-0.466098323072423
-0.129567934598712
-0.197196790906751
0.0320344265810013
-1.63209257895606
-0.205548901141998
-0.294097638365435
-0.490866400801947
-0.0647976460693054
-0.237296274068913
-0.741433388778394
-0.0795401699399028
-0.569825076722808
-0.438273792659103
-0.30565497858599
-0.152440599448064
-0.388598166092569
-0.522729933966689
-0.868019928850868
-0.150375509491957
-2.39630092350942
-1.08890245514678
-0.911561796730637
-0.340408677448388
-0.7612013724166
-0.19958222945077
-0.552123997556645
-0.514586452366996
-1.11161996308152
0.16985844580328
-0.791473381886616
-1.18255446923574
-1.14745226682977
-1.03046785190591
-0.995103056451244
-0.940580366974597
-0.552036068871193
-0.843361738184411
-0.901106452311497
-0.836264009717821
-1.21253009828818
-1.61318875778293
-0.89070064745159
-0.460884857675738
-1.67497594665381
-0.942818611738544
-0.790362815540854
-0.872817101038586
-0.632142836562537
-0.55581368167179
-0.382454515901346
-0.208407596171958
-0.831457261434858
-0.759876742509645
-0.814115130268353
-1.93205468433231
-1.67773667152255
-1.00629452203342
-0.939974725224373
-0.72988219766451
-1.34580428416379
-0.337567540625681
-1.30351041095162
-0.967928923803965
-0.669968706785436
-1.00979296930378
-2.44245962516062
-1.11519723568763
-1.70637668331211
-1.83804772248104
-0.625254866496109
-0.134161297296312
-0.437251263119267
-1.1694472312348
-0.50382661163919
-1.69878334255558
-1.17651925556823
-2.21145116388093
1.04990607205179
-0.974891629339194
-0.0684900914389115
-0.27659798779804
-1.59382986397309
1.21109406489815
0.135680535286873
-2.26804568518762
0.774285406077201
-0.687575524130841
-1.66682003643216
-1.1006885616045
