1.58295242610401
1.13704344342543
1.32056990110535
1.11661431144219
1.01058248566013
0.606136905433291
0.702910392871725
0.823807087447291
1.71286524407732
0.276013239219244
1.36474482405357
1.62143407599601
1.09643594814713
1.2395501836258
1.05511708810037
1.35814243453582
1.2665051356734
1.91668140744899
1.87170614364636
0.66243774171352
0.654680826350075
0.470544287671904
0.407618242191134
-0.314569741313098
0.538425552944844
0.257530104147379
-0.214936417222596
-0.244276369697465
0.115939074345736
-0.0315406867890858
1.60206578813682
1.05434508353953
0.616721124657066
0.894186501496021
1.43451861971431
0.237055165664789
0.564845914539922
0.285391590204721
1.67583667662818
1.75493037292476
-0.236580624559616
0.895523527832289
1.48505797970736
0.865591410218781
0.0825504433573815
-0.319267931615596
0.703605916867211
1.63115346861505
1.83457055719976
0.639364830952616
0.264323065221348
1.46140063469181
2.08072846708131
1.76161558227162
1.23355587544394
1.56575907800067
1.17428652805226
1.23268577732106
0.228190318186885
1.50926118653994
1.19584725498073
0.571721806881217
0.285530030386692
0.204369381828292
0.926109590307461
0.947198781774136
1.45642528647853
-0.262308234442331
-0.710932999529426
-0.88202623096442
-1.28747066244779
-1.2039328997662
-0.0701230804384954
-1.38755072971372
-1.09534874207561
-1.47453603508515
-0.717694029117238
-1.17571409523549
-1.16763075208035
-1.12630593259007
-1.31201869066698
-2.37989295282737
-0.784596222672223
-1.84880594869593
-1.26132627656398
-1.31476025321164
-1.45675992654203
0.178107337650636
-0.696705727313891
-0.256445935547923
-0.271021831744816
-1.43923073937253
-1.65447524733705
-1.50658128557614
-0.772592339449911
-0.0839443855252692
-0.567627765744969
-1.20744501328155
-0.073709920801726
-1.54652372602144
0.736048667197955
-0.248736885106897
0.59208280761562
-0.838316630370368
-1.45841049650814
-1.79119598269547
-0.722519861383608
0.26395571180112
0.40687114661884
-0.107978387258747
-0.769337360901876
-1.5632349034413
-1.3082566884971
-1.96508571714954
-1.52494442028199
-1.19199518799303
-0.692794121384427
-1.78213548372239
-1.8341752417084
-1.91776972914051
-1.50132666864585
-1.35609351113044
-0.302587842064587
0.240520892691664
-0.509497734989395
-0.909419244251047
-0.987796441063465
-1.22107114631418
-0.452839399175728
-0.197456865539982
-0.48583568040872
-0.41868032985416
-1.00996105825528
-0.0804108581436038
-0.395950127713119
-0.00255226989729581
-0.736246395685223
0.114031914089148
-1.16120173178049
-0.0694038605176805
-0.592917281770454
-0.134414840330191
-1.19034044341493
-1.06346772507489
-1.04840052639082
1.05974396711437
-0.695615768143035
-0.00464777325127728
-0.362338291354097
0.363613988803676
-1.35553132518156
-0.654246304470326
-0.655670689559426
-1.58800065181662
-0.189835094171508
-0.490990635859905
-0.757123790912382
-0.365296573624297
-0.165211812603301
0.10752869438926
-0.466085917384778
-0.495478725871105
-0.342505458964299
0.174850348356288
0.0571876505702019
-0.403099622269448
-0.669500897714309
-0.116240495517772
0.213861588610694
-1.09765405412266
-0.479199066198334
-1.21955951078163
-1.16741172091525
-0.955083058001329
0.620538999600587
-1.10547388731128
0.403030810366958
0.784930849866386
-0.359699636983283
-0.0837969667089028
0.310310643837554
-0.260349311999077
0.413258685592634
-0.32847612415148
1.06492887703446
0.619012573226173
0.548835216635765
1.02253678143844
0.123540350911259
-0.0503988292813498
-0.0605338367122
0.595689442549924
-0.746824274514693
0.527907748821415
1.13983117542926
0.696293078581286
-0.44747599113767
-0.109299143510447
-0.575785309420558
-0.586926684144296
0.948884067931921
1.4377764669154
0.222387086500981
1.17327432677784
0.922706765329292
1.16908364425776
1.29489104721111
1.16032079232789
1.67938933729404
1.31990479342679
0.889991956231913
0.816942890377667
0.355421449033663
