0.685976161018091
0.260374129366281
1.21219489262678
-0.371394583214008
-0.92790910251919
-0.135818106807283
0.803341132889555
0.156567843227464
0.0943672748235746
1.80389532574677
-0.919335261693792
1.09812486982739
-0.212142678983457
0.374744076781714
2.1043785492068
1.87169282012413
2.16365684968589
-0.190891634632084
1.16338730480661
-0.481513564848715
0.318579269184647
0.576853129379002
0.476172854495157
-0.373986975743026
-0.224716861185391
-0.0683528176525838
-1.15135864178481
-0.00718471462721098
-0.408490061185313
-0.561160841824704
0.107435886228653
-0.246518783862272
-0.177169278568001
-0.196821854953926
-0.637969220767882
0.248195270671763
0.436402726736913
0.86260960347323
0.863183213709492
1.60264892526019
-0.488482166606584
-1.02506981156802
1.89434794614089
0.974945176923908
-0.00695920646245015
-1.3312464757957
-0.00353533870530438
0.472545226698696
2.33877803946141
0.262997121740244
-0.69039344194927
0.117001669995788
1.03679011252024
0.734799268354963
0.870102821372669
0.55083318757971
0.613998441062429
0.186144965809291
-0.0603005666687075
0.245296759311393
-1.04995350680143
-1.34058682582403
-1.10429902016119
-0.893368953322009
-1.23830595846804
0.050995756235148
-0.592245933210674
-0.858405718549799
-0.378791963169804
-1.07126427295394
-0.194399571732041
-0.592169451137022
-0.823228553622229
0.0437405344002608
0.606977298118603
-2.03016719326541
-0.025038285444878
-0.202599984364484
0.619645214600722
-1.71173307940337
-1.45617910207516
-1.59353110347881
-0.737179373607124
-0.327828344588468
0.892091507778266
-1.0616200795032
-0.707737090648776
1.52219251853499
-1.52855037804627
-1.88336875393246
-0.418166707195512
-1.34071917127826
-1.16946726491211
-1.23514795152135
-0.887688336943514
-0.644723460761057
-1.33312485658826
-0.402323570395025
-0.615512076525573
-0.947503457479922
0.802857817708182
-0.348939995221937
0.802057444112411
0.716932749966409
-1.42077193641205
-1.59818481158262
-0.754263802149911
0.46644510988343
-1.466361060129
0.372492588992058
-1.26428930137465
-1.83293130202895
-0.776301275288015
-1.71631941662001
-1.29529416793401
0.472898871861613
-1.45784982823418
-1.45220733260541
-1.0862484577578
-1.32426124976919
-1.59264779166036
-0.175646918805879
-1.37551259682354
0.4277917989994
-1.19337186851157
-0.679566231322454
-1.19953773121788
0.641092425156422
0.290735715407765
-1.09884242959613
-0.918051351806814
-0.504514387652457
-1.67204855463096
-1.79341014699918
-0.925464262448988
-1.3711352603201
-1.14977462380591
-1.60723399019133
-1.20027186479599
-0.560571072651158
0.0934791618275833
-0.81689952802481
-0.329899500323129
1.30170209876943
0.745033869921004
1.94817029124156
0.0105835320166841
1.34993948444478
0.579037065439481
0.449390567531375
0.649467381009085
0.42221480217679
0.379695800282115
-0.368797347864495
0.341805354002414
2.43183092411827
1.1105197967762
1.00118396578637
0.59599021688074
1.43911302220345
-0.0236142110282648
-0.180395983529973
0.791134745176956
1.95417199450329
-1.34325871869301
1.51214929656154
0.186874465201374
0.745930211385695
1.65561348742402
-0.61832568384233
2.2620400886669
0.506426919192087
1.20426729420177
-0.894077175756911
2.06793005794956
-0.536173339079277
0.192772336119321
1.01360836323599
0.475042257766525
1.53937451193118
0.0895383795845008
0.367618372917433
1.05046860775147
1.20374157549197
-0.790532203409125
0.379493653284162
0.458634932789616
0.122773359695987
-0.385284870488935
0.34924878741277
0.610297239799047
0.608143260024635
-0.607403638194913
0.480518330738973
0.185497886256792
-0.655320847733773
0.442122554336558
-0.161144681850842
0.246914199321785
0.698228825030958
-0.0595132966660291
0.820214523899519
0.862228338422781
0.761122566670234
1.37562256672986
2.20284191435334
1.02463254141278
0.85913634207621
0.551573020944229
1.24269533159118
0.371575516226574
0.493905451949612
0.750525749901222
