-1.2989636329305
-0.862545650502544
-0.799452928583838
0.69011524997405
-0.829512497469199
0.308696233462342
0.346271839015755
0.155880194249984
0.28741219528995
-2.31787007574936
-0.68857254026418
-0.657595861327147
-0.879158173400587
-1.39665819134817
-0.645645580464508
-1.7155535256994
-0.575956760979484
1.5851206594391
-1.96255316114377
-1.12193725518968
-1.87674482445463
-0.761002171473532
-0.482807374644576
-0.933200496530159
-1.36770291401684
-1.03912602530496
-0.859925696242161
-1.30327405372445
-1.47307638924347
0.0623258552208137
-0.941841211082265
-0.173140036985416
-0.852465226724955
-1.34436791179122
-1.29807924342489
-1.84425601446774
-2.50413279999401
-1.4143824249352
-0.19007953867442
-0.735925473077062
0.80055197094498
-1.50420156138009
0.612730537016114
-0.10292436878976
1.96994832935286
-0.517095631115784
0.322709894495129
-2.79759166086536
0.3282338946217
-0.941609909572855
-1.1434838742608
-0.20650649025297
1.7678339902457
0.52258126941999
0.250136524798783
0.215676794335233
0.130759109744793
0.420342260633179
1.01673461425482
-0.439562621306415
-1.0310666290135
0.264661295372268
-0.604873620498534
1.24064560145454
0.70089948140949
1.1341844380488
-1.97881538375275
1.87934884845675
-0.42139478370684
0.0501667748658808
-1.96952113282589
0.272377278195084
0.436954370371691
0.23282187738916
-0.362693907495058
-0.520093197480395
0.0989647607715383
-1.87861737650594
0.725915252513327
-0.753513487053194
-0.519418388113591
-0.143113406009028
1.30791994244997
0.55827309478884
0.348815653847847
-0.28387259062991
0.71995926908102
0.935098891437115
-0.618185451789355
-1.30910609065006
0.643553515982712
1.97516137004711
-0.689912665418171
-0.747698161784562
1.58594885760134
1.21797408706563
-0.812179547758769
1.06162522490187
1.22577789010412
0.291250290697171
-0.697504952928339
0.210257775158574
-0.834164115476137
1.21512438788528
-0.244490954051808
1.07054246889247
-0.850356424287578
0.122003965991048
-0.76899748694182
-0.477064149643848
-1.45531224458636
-1.83502921744247
0.112385962134073
-0.780834194446467
-0.711474113456852
-0.273154934138287
0.859740720161369
1.31690853041514
0.332528455668685
1.45344524405509
2.18565900411767
1.62102737734172
0.130698289579895
-0.747002566314889
-0.905464512920183
0.560657879446155
0.474348594498962
-0.70608798146377
0.0931824492284753
0.740203163189446
0.485583918290214
0.360587112113026
0.55877778454767
-1.16733952229999
-0.863095521046988
-1.8728277558494
-0.348538091017246
-2.38756735968171
0.985638203435349
1.09136338334184
-1.11652757156964
-1.18849732312432
-0.40837868272879
0.117791713819501
-0.58380292725197
1.30156909220295
-0.338027868824177
-0.0725630282947694
-1.13611567942464
1.12813689079214
0.923282735262623
0.576940090976778
0.658401731101403
-0.349931907396198
0.249142691368072
0.748596084210773
0.462275546551262
1.13909503836267
0.45860747211969
0.211967919231773
1.70852828528283
1.38449519116695
1.11031216738331
0.436813294618263
-0.14441140667238
-0.822678690656069
0.151878079530932
0.2494404084833
-0.519602406462195
0.779283330404151
1.437399328793
-0.0952089066148601
0.0209928527947448
-0.0243510065491878
1.99376574303075
-0.82342216775078
1.54743956007204
0.179701220410291
0.252237936766422
-0.0860710353885673
0.622402196267268
1.2212642544538
0.523763866670542
0.286907179714226
1.35450879203695
1.17012084819445
1.1451891469376
1.56530780547841
0.832876119218868
0.11725122728308
0.0639252699512941
0.559232323118519
0.0277066703013579
0.922569053844934
0.868870486785572
0.393289073041692
-0.0259561918067699
1.28020286636788
-1.02041510398735
-1.23173630123519
1.34269277650477
1.09458081516252
0.0644163595709587
0.0980698336131932
0.455860037457771
1.00246334700067
0.625046154509293
0.721075068735793
0.382365624323671
0.428292283599064
0.706225001727441
1.08866875504407
0.482300109092931
