0.846968891422353
0.782447251861921
1.3983088595316
1.63826137355962
1.1236952747741
1.13276626150461
1.17424259526346
1.04088058992623
0.480481122431547
1.35656903081818
1.51491377498227
1.67351657647986
1.09855251581763
0.703340274018682
1.37896901295164
1.60578499901763
1.64580578555164
0.417651754082936
1.38408205573733
0.849753853152415
0.706698047643548
0.744803904716746
0.367863182260826
1.31631866914912
1.00015677726813
1.49104923665045
1.62919089382905
0.898461916122137
1.06364631458914
1.62287846041935
1.18162082800143
1.74649436838462
1.36606298829941
0.878594890163552
1.33148252201295
0.976781993545993
0.915892075477295
1.06078398826091
2.40741868576598
1.38143003968139
0.606126776181591
0.843512295121319
1.78911486937512
1.20240384303988
0.275337089488632
0.687220910391734
1.13441839737585
0.817181307700328
1.45671615420332
0.446845359404238
0.598295172794573
0.829223549696277
1.08548551630745
1.01013321650026
0.46102904628246
0.488254371634887
0.790550953604585
0.449512239755436
0.164345790542262
0.43313594204509
0.245476416908011
0.680389174500084
0.955494487343224
0.954821927221958
0.30619173141303
1.05185693988764
0.937343661338409
-0.157448233537612
0.834898836295881
-0.507015228129117
0.587915682303996
0.327151900565809
-0.241230972651459
-0.127516675855244
-0.0756978123053352
0.119980093017317
0.232043929819812
0.473194593894904
-0.271972204819625
0.401755836229602
-0.924307717137326
-2.25960991575055
-0.245896849504009
-0.696719029800064
-0.00752124526993914
0.143204298076157
-0.462924133606919
0.154565246014655
-0.0198861276474157
0.10579267384947
-0.103474280223021
0.203096661993199
-0.13096739101774
-0.384873306197987
0.0742783625123111
0.320183087136678
-0.964755760050181
0.385220298147029
0.33115500788946
0.108269749411177
-0.643041189363667
-0.45500792816508
-0.962845106269761
0.273652780920226
0.0392985324568442
-0.567512794321862
-1.11299646807001
-0.275602775522415
0.273683237946966
0.130079305490686
0.152930434395889
0.048225652441985
-0.801231072577852
0.599490427576724
-0.636323725160523
0.406035591912346
-0.345186584520239
-0.129861171651299
-0.0136094685237947
-0.308955968904268
-0.295723987984883
0.0558314071636612
0.383370041351633
0.712406016799089
0.196659302176904
-0.592655219405957
-0.28710767067756
-0.359106445535192
0.12607525887384
0.364009908193355
-0.073557552099581
0.212571193559942
0.880636528789153
0.0330713357687602
0.906673759329887
-0.137229688936019
0.0764843927414655
0.181975714503152
-1.40111854504515
0.112437918505634
-0.317604586406048
0.684067785406027
0.0412247522431404
-1.14667817998855
-1.67242892939158
-0.378241113743573
-0.412174753839803
0.357239047867467
-0.722121687853805
-0.507942152474121
0.219285189742903
-1.1204162324422
-0.52386244726494
-0.174517205250279
-0.243965241276594
-1.00338863842806
-1.16958158271881
-1.53577309268154
-0.564027382254678
1.10455752489477
-1.46274898128483
-1.69220541957959
-0.0479062625093918
-1.30044526045621
-0.653900446234612
1.10179349542729
0.483874015743877
-0.422285069712135
-0.831287310181841
-1.4268111450125
-1.3194656514809
-1.21920794580958
-2.6195684540102
-1.09024836274595
-0.589370369660689
-2.22176907233878
-2.18298737763982
-1.48887503285234
-1.36961336330349
-0.142199614291817
-1.72908894305528
-1.86910244574711
-2.16215973395436
-0.619484946927114
-1.14660096927808
-1.30163179681114
-0.465898348804785
-0.741282243025963
-1.70983273467863
-1.0908660097209
-1.89135752071163
-0.627014380485452
-2.35187920024962
-1.4710637007811
-0.674216672627583
-1.0525749187796
-1.20374653284869
-1.08100255484494
-2.99062363522166
-2.17756098741006
-1.09098267705032
0.394202472502136
0.201164239879974
0.182830934532964
-0.0770614758831163
0.147537709035882
-0.249597771679541
0.142736834105201
0.499609967431358
0.221835586686913
-1.63002830896537
-0.827557024686964
-1.99897918315392
