0.951176630782168
1.06368185167039
2.2309728557786
1.64052209370471
1.99366160646723
0.601064195615706
0.512541433698628
0.769830489607194
1.4565394552146
0.463540605848118
1.98897129215166
0.49754225020714
1.21993150519206
0.785184466640539
1.33430025605649
0.753815799261392
0.397841327209362
1.28774765063527
0.78683231017881
0.430776363939235
0.534138265495214
0.768166543159193
1.32456434161157
0.775345350424698
-0.176511329677136
1.13923191762554
1.18218342667148
0.166322783946047
0.49718336675845
1.10038822312079
0.931515274886048
1.04471061482146
0.34399712318061
0.118019733942957
0.377300235592561
-0.130736928688764
-0.00401940621206956
0.162037425985556
-1.28398562269904
-0.295374892070478
0.308426314944256
-0.165113183566354
1.20798157857726
-0.870045475712859
0.562255977435464
1.34657162261504
2.01725119687434
-0.30751763687434
1.48711076252331
1.56409753799191
1.92277153863117
2.66811325564772
2.54570785826498
1.30482966735523
1.0884680442559
1.47403191121873
0.398250545671603
0.784863071936651
1.6898129598605
0.0218376530946917
1.63370628263202
0.621018329896278
0.933526397096408
1.53845130535235
1.54854195989383
0.21356132925458
-0.966415665848089
0.294929144429122
0.959681079275497
0.249099643292479
0.1789397533962
-0.369077066284564
0.987531613746921
0.188837271213828
0.866672597472034
-0.833730056467835
-0.479860890657417
0.509220448908918
0.17517717587206
-0.914446139318776
-0.0977932676021082
-0.83275587199583
-0.309182394704236
0.0833743117296283
0.0282054926192728
0.0230811376406506
0.254511274506968
-0.158698813507994
-1.10479485056385
-1.63066591943964
-0.503986614555864
0.66870930378449
0.333729502944828
0.45632653483937
1.42640188127129
1.5904414767144
1.60497262962922
1.59074474839093
1.41288213270587
0.0461960731268402
-0.360335368008949
-0.627218626620929
-0.182533979177964
0.900755878092338
0.867377215679543
0.487867497304626
-0.770057583147647
-0.814948239755892
-1.06039362094998
-0.192854749184892
-1.04342814322793
0.349888623358253
0.0977596300819077
-1.08436279332338
0.0594439848322539
0.220155241849128
-0.15987643856011
0.631913520942791
0.12137817792263
0.276301286423819
0.624775113020661
1.106349968253
-1.9132553973875
-1.33527945672772
-1.75932440060461
-1.15066053928204
-0.692707487723067
-1.25255659668675
-0.950385632044304
-0.992656179180377
-1.04395295579808
-0.608638691888386
-1.75357844189662
-1.92000825769233
-1.50870506763219
-1.72321947184303
-0.992596190430037
-2.40041274108015
-0.48723984881191
-1.36607246166477
-1.2608406448245
-1.0580664358443
0.927284485025595
-1.39292932488074
-1.44490911272227
-0.979261067081397
-1.64368246594933
-0.736099335697503
-1.2408962984135
-1.01087758318189
1.8358549901748
-0.51990082756441
1.09458885654273
-0.0444279303991006
-0.371980683508891
-1.12501458195509
-1.29470711839378
-0.994934078023659
0.343157442871033
1.1940909180498
-1.04990790536239
-0.739631606100989
-1.01703618956491
-0.625676618738632
-0.981563917066715
-0.554207022253902
-1.07370335961673
-0.701565270323313
-0.68894883577953
-0.204272993042918
-0.340975246981925
-0.549955099487629
-1.30200009637026
-0.896465358932996
1.01922638817899
-0.875510818609279
-0.129955768000154
-1.03007549158582
0.169093526766912
0.18392066791862
-1.17792856531905
-1.10831153581131
-1.44840306924554
0.125110804636972
-0.77780421220165
-0.407641511188185
-1.01202407963202
-0.182987204779521
-1.15427061697506
-0.884255463113488
-0.0701385625875009
-0.859064369883139
0.0702678959573103
-0.537834734353799
-0.149139397302539
-0.790258688041021
-0.536577646795479
-0.565783980066736
-0.666491669854624
-0.971139270646124
-0.0301035144720519
0.533622116532937
-0.947089175299458
-0.191821452201443
-0.441283529468767
-0.649060404160071
-0.138777095705939
-0.0303104641331148
-1.49141334367967
0.29149728004446
0.142214775240729
-1.13045342116483
-0.304010230198932
