-0.426728243539687
-0.496683293744358
-0.591353949669605
-1.4936220996852
-1.7517681957771
-1.10765715667513
-1.08051452056681
-1.08817926370744
-0.350158955159503
0.443883961454296
-2.14303022380329
-0.301993471669092
-0.714877419029034
-0.446763699262492
0.0450000774061945
-0.279565672776833
-0.0871727998700782
-0.772369342429087
-0.69697634110262
-0.39876596631977
0.12671175091352
0.828971076121075
0.935248131378185
-1.2855342447049
-0.374560494083886
-1.38835423666043
-2.36569565008386
-0.0500926851452886
-1.02610431642937
-1.91488665250673
-0.831940051678954
-1.81767879560727
-1.23582035501499
-0.996670806573212
-0.82026533636708
0.208724235427139
-0.13717371585261
0.686948327172005
-0.562413392579371
-0.356367739165932
-0.362961873804437
-1.44805114644995
0.912944975965064
-0.37143328058173
1.05712574422597
-0.852291926627099
-0.621085363678622
-1.59617359068955
0.369490229637845
0.146394870426471
-0.307517069257856
-0.141188654837631
1.11076518959366
-1.3233383986914
-0.383235281898392
0.742487763827177
0.743440848005112
0.886728595226903
0.528774721725533
-0.543396618600066
-0.0776562856907228
-0.631786513629235
-1.63665787679353
-1.30956624094935
-0.948055968077558
1.40927826124453
-0.321637196295839
0.399173779758389
-1.44223618063603
0.23121176808047
0.136913007447305
-1.70389763316652
1.19564089747297
-0.418432764506934
-0.927275933012557
-1.08349466057158
0.605448772479796
-0.618540667514732
0.687421414652275
-2.27379483172859
-0.994407474788228
-1.87216960385481
-0.958554472170911
-0.904084088389191
-0.982107623743447
-1.86766004707331
-0.230710731017341
1.11297461806033
0.0662883304556049
-0.164021449757901
-0.109443570160294
-0.92533004875443
-0.144469189520016
-1.11243402430694
-0.321049679753118
-0.402501758399351
-0.0368476619272677
0.0833043098271587
0.703478451140324
-0.981626335477658
0.5930009467664
-0.0230865408239854
1.39941848320956
1.46342832185181
-0.853352711665854
-0.897173869932182
-0.103099635668784
0.798513207619531
0.353478345746819
0.171846468713171
0.313082063397358
1.17347397391829
-0.336582985943669
0.903264913037186
-1.0120326844573
0.290601138570541
-0.88488402450109
-0.710668040525854
-0.127345804501502
-0.724779039043227
-1.02472743123975
-1.09107403341013
-1.36309939070965
1.54691850881298
-0.87421315368426
-0.638574686540467
-1.24309705052842
-0.207511661470733
0.799382896593352
-1.01823831522945
-1.31511071367943
0.0698767933811706
-0.33941531937653
-1.32652503052648
1.94923308601255
-1.64624912868562
-0.465903602197541
-1.45580811416686
-0.681857494005481
0.00406265010769899
0.256073658225971
-0.872907482491776
0.846378614437287
0.701533347643842
0.23626683924711
0.479840423056314
0.572083454284606
0.954071133068223
0.829955050055825
-0.0682208857486219
0.497864941886347
-0.0252076584039154
1.11590443522394
0.285112648884305
-0.0879358429946958
-0.977787964964837
0.349908260514933
0.0815842317289154
0.417824283000884
1.64213609353897
-0.441082225827095
0.0605454859786705
-0.67983203649351
-0.332667916006543
-0.297241118782881
0.993770736182649
0.480829744712378
0.509585735012843
1.21941664747189
0.00613037154918432
-0.292952787218514
-0.118104833096955
0.0447566488902504
-0.478807934538186
-0.463107961472969
0.775562600030525
1.757624799595
1.68124640527129
1.21980415676438
1.78754676816887
1.19195675927484
1.10113881946459
1.87998722936216
1.31965121810938
0.37764063713106
1.18314839842117
1.19163027496488
0.913099794721114
1.38782581453681
0.773623050901181
1.63929677463642
1.43265198601039
0.265480178279305
1.57187398396436
0.79251417728625
1.17760783874529
1.69416538363775
0.688542322068912
1.21786300325332
1.49092957112823
0.824618922685122
1.68710104516463
0.841137863115197
0.940044039267825
1.70775835651921
2.98577479864546
1.35331118350231
1.69404349908133
0.74365779509012
0.986056886199713
0.829562820720559
1.54541422338282
0.776307844018968
