0.647418865550333
0.382656827116431
0.078385163235136
-0.0664165789503513
0.0914154708137992
0.907441784018432
0.8091030662851
0.714825265351179
0.672327486413107
-0.565542397067828
-0.0913534601098883
0.221929978288906
0.653754081075245
0.624166841311606
0.398541991510306
0.580162748405396
0.465083177318012
0.634676221195235
0.537901013103843
0.880388599356127
0.648572835285201
0.827329067022945
0.919431773047027
0.648760601757758
0.644704670357719
0.441101825988923
0.199564753095561
0.855359723173173
0.581105618572285
0.354739434509783
0.842683078612232
0.0222942731840647
0.98866962212947
0.88264111084965
1.26882291756091
0.911869222821227
1.21643132423517
0.760489624128013
1.30279285942648
0.507756900961428
-1.45523119981058
-0.226951931979051
0.35133937465656
0.732985262996189
-1.20594549820777
-0.784867018167079
-0.0922114043658265
0.0190473930330711
0.422324311421296
0.245907930978151
-0.229602012673172
-0.211657414989957
-0.161481244600049
0.509434638190143
0.18289313571288
0.57164426733118
1.05770257777746
0.768854558229609
0.672578063242028
0.545133194977875
0.62310203671079
0.324547461625344
0.343100456071232
0.0679194991494923
0.251747560652574
0.265173051818889
0.0608063218370591
-0.939860358297307
-0.117014351972605
0.102891477455043
0.488744330712209
-1.10013674524747
-0.317572910701144
0.029765303245887
-0.692999987662717
-2.00977027899502
-0.719521334527117
-0.329854506156721
-0.966667805321841
-1.63312133518559
-1.05545586670913
-1.99667324682205
-1.55157694895957
-1.8747050565112
-2.71213689783482
-1.03268031473655
-1.36172742946124
1.21251151279721
0.457923076031633
0.339605525013857
0.67272311375248
0.994941343705083
0.948134087602599
0.67186578129167
0.950487224255691
0.813538400316795
-0.286712889342311
-0.118524569772643
0.500482488703334
0.944711263596413
0.627438144853266
0.49621813156364
0.45777879760612
-1.3123723850012
0.248779158941641
0.791427469082954
-0.0718121109679127
-0.182339842040062
0.759931852131232
0.776177945128041
0.517939246235364
1.00591290119502
0.109468786004337
0.829348938752452
-0.664718087287972
-0.225378693212252
-0.153199056078081
0.992492788804756
0.419343328789915
0.966261289015599
1.18847792457056
0.534892524502723
-1.31433729828711
-3.50471734873832
-2.16601489969809
-1.40557073932996
-2.9052555996134
-3.2431761679391
0.0773571388243455
-3.03927187790726
-2.57392496736305
-1.11470098052689
-0.370141430218312
-1.0597887263317
-0.991185828860495
-2.87192773593014
-2.2062610874784
-2.0829633422838
-1.18161401579632
-0.920883115722389
-2.36919519334352
-1.60474345547306
-0.149636038731878
-0.760826236662432
0.272248767198918
-0.826156219717827
0.628649332948765
0.333593812450789
0.20627522230288
-0.639232215216643
-1.24568501225753
-0.299446475415823
-0.379082560164492
-0.455359889802777
-0.0571528553207676
-0.35536945485811
-0.0171453715683549
-0.433059069575717
0.142084639442337
0.283457219686676
-0.74938608835523
-1.44186953612939
-0.563171192370996
-0.982368085835953
-0.289925267456505
-0.194280733536648
0.0975611883716048
-0.040260582790219
0.368471098841347
-0.042141170667032
-0.22533888708282
-0.476567158127873
-0.650900664715323
0.45259805826211
0.17249759488042
0.433038184705616
0.405920678816502
0.788708993640586
0.275287130359674
-1.20674687142168
0.32332418229281
0.312664840667572
-0.519013597251398
0.0912106171093861
0.4858836682394
0.213922747095384
0.294989215884666
0.223649894351421
0.308031139319403
0.0627680941363086
-0.307620783934462
0.169478404097209
0.0221856765187656
0.329524146093817
0.145844230818415
0.240215959556708
0.40395285610532
-0.048968081201381
-0.264796550541343
0.0809459499159951
0.15968098578989
1.99320206119913
1.2586729719483
1.51290548344117
1.91286059312716
1.90835380065467
1.42333155369299
2.15276635343578
2.29583676018034
1.69072503956521
0.857860654122025
1.08380582058442
0.176875801465217
