2.02210830486355
1.60563750372482
0.688377302216431
0.00853114019652576
0.399701863339283
0.945578443993235
1.28678618951969
1.09794936715312
1.14029494790348
0.790020810731087
0.388934174815096
1.45814104250784
1.329495397416
1.62187555707518
1.19823565454731
1.41697770503131
1.19686553872449
-0.365186734877107
1.67741253900876
1.39536023201027
1.71275476369725
1.64125133147282
1.32730859179708
0.634731915590638
1.41562230165318
0.899569875602765
0.407654584633392
1.20898361562176
1.31345991435872
0.48324299388098
1.15964125199389
0.312066516736795
0.743483684852007
1.29031357854405
0.686956992010266
1.28674846264413
0.655933424824319
1.28340323219446
1.70590049687133
0.362627670505773
-0.0873893076280045
0.0349820738941652
1.38672859544711
0.321701009029366
-0.0835801430282451
-0.428347689419766
0.0966461085286732
-0.471034488072098
1.21149417928816
0.70116341607682
0.745349539138819
0.992656819379029
1.51520125169831
1.05288921386271
0.124115562650981
0.485804302617642
0.52608811871271
0.18268953780674
1.02101115663167
0.09856742281287
-1.35519557810751
-0.229298497636674
-0.158663585959508
-0.16011972330302
-0.848246015533938
-0.430005224180042
0.607983983239504
-1.63185021665959
0.247903304096563
-1.1897252973901
-0.17329317182414
-1.28211322468917
-0.699949961547113
0.781692456438285
0.190502741223743
-0.611016256208004
-0.892976151738015
-0.105279093327472
0.400281364319263
-0.975582982136386
-1.37765678956487
-2.69268546235473
-0.490936273031367
-0.862701399560813
-0.63415545455325
-0.413525882278264
-0.114198468078192
-0.286007003858098
-0.415023938690993
-0.834782065159556
0.198409413131078
0.611795325581707
0.180854861143511
0.407761215252706
0.937949525102883
0.4768426747915
-1.15472746324584
1.53249874303543
1.14700292564727
0.967893979729855
-0.107293011221925
-2.43316204773434
-0.809099804108357
0.514198284879139
0.494951141405209
1.07129294084918
-1.4803193269155
-1.09428324369173
0.291413319695862
0.913830094606244
0.424421426851513
-0.0591200278142256
-0.429552555136512
-0.374691840176582
-0.576868221519929
0.148798971568449
0.19267969932145
0.615139851735948
-0.842361709798285
-0.611405078949728
0.463172298040162
0.0177794699131211
-0.695940725326913
0.0608084767275623
-0.31094734247121
-0.662877580363824
-0.346151282001472
-1.64981986589393
0.0961860099160028
-0.467021297066841
-1.30884092891259
-0.0569863322365005
-0.0677349321321809
-0.224705887731624
0.228703424018499
-1.44934766958865
-0.815758402284076
-0.471794806670698
-0.359871589743605
-0.247180072043031
-1.59035486280463
-0.686481770558275
1.15901990629864
-1.39329491343654
0.26654662933192
0.162936534337026
0.584233284729901
0.633488690044736
0.145260627207628
-0.238554737684955
1.45153239234941
0.342656831442513
1.56617369207418
0.726166827095305
0.59574139457802
-0.682069454953335
0.48826709553072
-0.390656587534586
0.75235695478937
1.26733489980692
-0.285376669149586
0.114227755947105
0.273050006069784
-1.14612216666955
0.429521558955351
-1.65564682893864
-0.077803799488912
0.310202798836752
-1.02488041479003
0.161786504427456
0.000965547168468982
-1.71023983964628
-1.66445030529952
0.129015798272098
-0.396915386986296
-0.321764001198142
-2.78426255401024
-1.5388503545636
0.161132589484381
0.486357204658217
-1.24888374777863
-0.504082586725575
-1.66001290115117
0.117957618146187
-1.21663001523854
0.102126169752777
0.264771243588971
0.802214304984824
-0.6441138331791
0.613312899851221
-1.92522537476082
0.612275397428962
-0.14748279244071
0.246360308701493
-1.96335002306788
-1.84850971209041
-2.07759083236252
-0.362363344826233
-1.75318766932585
-3.87662182415285
0.795063575285388
-0.44879200353126
0.0780010956167672
0.0795977848946275
-2.18760182723428
-0.108186743452117
-1.78066875166463
-0.646184904244162
-0.0462601718626233
-0.677556091875532
-0.938612864509754
0.654862463147592
-0.436261740571301
