0.220283978777327
0.401463426069163
0.271544029742094
0.75417195808507
0.550118683174567
1.7899761133664
1.70508393020905
1.7244334372077
0.909958343501668
0.719054808165073
0.986575987094789
0.46652982960991
1.16115632603119
0.682345630279458
0.918036185116481
-0.217839393948485
0.440494223912814
1.80651241411926
0.115156646643078
1.32787776659006
0.584388947565682
0.649891594456924
0.558235405318701
1.57687557957677
1.39721747308846
1.41215216234864
1.55412178972889
1.4212205751667
1.48415416925541
1.79208237135774
1.31060869756397
1.2962324506374
1.35928573211169
1.0327368841298
1.32916192323496
1.31060335963658
1.23342852101666
0.715757361663286
0.866411921588456
0.273608069809341
-1.59561856640914
-1.61364887528281
0.717918727437341
0.557474451715341
-1.39252809189692
-1.48257190844636
0.030256491997573
-0.857208275460848
1.12199608852066
1.03448406663653
1.52309440446934
2.34034782160646
2.55029874234559
0.964416687686417
0.794593726436147
1.57714950173688
0.943425904561284
1.53241596217258
0.744111439828313
0.404127517393459
1.12787420495334
-0.0485822358064211
0.980117594353107
1.30675419895786
0.0222291360890082
0.580081096597076
-0.74071559005193
-0.03019040303646
0.00850056191058058
-0.382178153080549
-0.387874776756876
-0.719926765026069
0.403395541963538
-1.01477280096157
-0.578456510080394
-1.31010761719276
-0.95231846644712
-1.77896071657809
0.0117903598984702
-1.54620853722077
-0.488695425344443
-0.568143806242805
-0.0184096717575743
-0.291860235797226
-0.791303928681534
-0.726276107216537
1.09213409391559
-1.36570377939943
-1.33637796320238
-0.542712112620466
-1.85762587350115
0.304065204833358
-2.25537009924657
-0.462476844749123
0.715486931338474
1.60443860373983
0.610919473723728
0.178682935266019
0.915119116448744
-0.0379094027890013
-0.0332929298376079
-0.64040745143249
0.490599944010565
0.149280931221243
-0.0517876176902476
0.736352928972139
-0.90589743382887
0.976782204521452
-0.51238627560688
-0.514798730765932
-0.906532788344179
-1.57252101677542
-0.994591804415743
-1.29382653724432
-0.561226597504126
-0.332948487229311
0.286285808992865
0.308635229802524
-0.468293519300453
0.390253849323156
1.10435955879844
0.851687542631622
-0.156024470738781
-1.38532338220843
0.217177748623239
-0.668733662011951
-0.507208653810837
-0.930539464975223
1.23614506238975
0.0427890397505233
-0.344429765935154
-0.115211267012468
-0.0681805497680202
-1.01003653270846
-0.153839123944793
-0.401751231097517
-1.47562000561376
-0.492274493381691
-0.990817397282738
0.536678496424201
-2.27097091044493
-0.514648287686229
0.0860358146944657
0.423617859865897
-1.26660135435388
0.171782250840798
-1.33186783854484
-1.36855299571299
-1.05199162817523
1.0526406604804
-0.517004773516757
-0.658201204600747
0.809078618060168
-1.05189964673292
-0.726471703819834
0.274535992882762
-0.170287526542868
0.336394293702057
-1.02697900077416
-0.34812402614334
0.844030457340003
0.342107829015513
0.450957359659491
-0.11454207003634
-0.451996383143153
-1.50552705507601
-0.993328758946497
-0.606490814963267
-1.89211488377717
-0.487656808111474
0.137557256133456
-1.72860198981925
-3.66570402568485
-0.934483905166078
-2.00715420123639
-1.07093197797097
0.225275049440393
-0.349740771682153
0.319416572706706
-0.455523310812117
-0.171789834840029
0.417396959858648
-0.720307182927204
0.14945901203643
-0.330604832611234
0.0574411858674919
0.60356383257504
1.04874743873317
-0.106299430040825
0.0714854839783964
-0.0533489431191016
0.190555171096696
0.562897534025401
1.30675955313736
-1.26385815450453
-0.719979839732655
-0.555876868519438
-0.187277629452438
-2.69288805994791
-1.07151568198278
0.575450127995768
0.024795964631837
-0.809467564816574
-0.268918547024967
-0.4950709847628
0.702567310755958
-0.0621786349578481
-0.111693714921359
0.137184219923301
-0.481281748663028
-0.446268181112441
-0.908143097239144
-0.550170541035252
