0.27003163674155
0.555977964336765
-0.424723246724593
-0.0261986692712988
0.320677113363379
-0.49897876928634
-0.718699567921933
-0.683046383456843
-0.59810533584866
-0.136665730934502
0.0274968034207215
2.00251609317729
0.404130567479512
2.06486442479169
1.75881555882912
3.16106345468921
1.10069247927781
-0.649203446330526
2.37573220756374
-0.563052907248235
-1.40947175856664
-0.565867515199882
0.0723071599563485
-0.13534909293622
0.739237504613828
0.809686152599401
0.567557682497925
-0.189519479147928
0.707764057090204
-0.138402417848666
-0.699567182286982
-0.424511997355051
-0.49767993754653
-1.4050453894715
-0.169632036144073
-1.43051378759423
-1.37560265406215
-1.05254749601049
0.942066251928667
-0.946225737451149
-2.04144517246358
-2.60304794919552
3.24310287501331
0.311448218698571
-1.0405503929449
-2.19960639239248
-0.118997119507194
-1.78092488975496
2.07787144741226
-0.493344035181306
-0.393177760289465
-0.199664470271691
0.173651507570147
-1.03361281344455
-1.07263422457949
-0.678753034343236
0.164588477620404
0.2930254473598
0.731100871819293
-1.09189581056808
-1.28929847759883
-1.84674693404397
0.0605417986912952
-0.312651845410139
-0.807415631653223
-1.33522623776801
-0.265158232104081
0.0327066718126199
0.12777149665029
-0.104757141472392
0.329021964811769
0.728822168399624
-0.918992003979865
0.675808475377873
0.548990544807727
1.13931782514194
-0.374109298840309
-0.691817284540733
1.46792243243147
0.139841165215123
0.549948407479123
0.815966523380206
0.504065311696761
0.685935495509688
0.987709263561994
0.824066787366277
0.891835460703492
1.85262474404199
-0.648348908949207
-0.247120280369634
0.1679599221217
0.00285508564337235
0.149058866041647
-0.085873367261349
0.414222165741175
1.24614547379575
0.184627947130627
0.929331290065536
0.723201695675833
0.229750870419178
0.0370638337511635
-0.71697819567998
0.0660299546498162
2.25137339320725
0.090951238730732
0.421866210039013
-0.818445537173304
-0.567294022832169
0.490407877738079
0.726239758462996
-0.0133279143781814
-0.251255609247947
0.828577125831975
-0.576393615126747
0.535781921563021
0.0361735639149204
-0.300745029005447
0.393080466749358
-0.308440237374144
1.25218249834943
1.44919075532489
0.560838529399917
-0.389778056387497
0.678982130550249
-0.610539276905374
-0.0650180160463526
0.176000391628505
0.875744145518738
1.03289158892924
0.0141725437123847
-0.0752185769672636
-0.654951710909158
-0.547035803399155
0.424914574319282
-0.477193583536415
0.372744457083848
-1.04119703800953
-0.435063657263659
-0.440263593941529
0.226170951470942
-0.339571283096794
-0.319633979094796
-0.53462003074069
-0.649268478098061
1.17543189583667
0.44175738701277
-0.249622586800866
0.0618290112362201
-0.299726765445427
0.305488779060875
0.884819893643829
-0.528334932203805
0.809149067714232
-0.697850166313581
0.445816318701885
-0.406968147660761
-0.597414451036691
0.193172117113848
0.118645131512739
0.557558323275677
-0.830870730631717
-0.751500020783644
-0.0567342406806452
-0.139630844272512
0.218782317602768
-0.248814343132641
0.944442899609295
0.766375958747555
-0.225385652214231
-0.385526963234524
-1.09336328988738
-0.69964310121685
-1.17857191093743
0.0538466639418023
-0.5103411661849
-0.351634358484022
3.17268104878419
-0.736820966477793
0.0855546374798071
3.38045639461451
0.582872973719971
-0.193501748615573
1.84785631036527
2.61657013238591
-0.0355016404398463
-0.0870821798539782
0.268524809208701
0.988319072866063
0.0987894337758032
-0.970997066842915
3.24276140366329
-0.115501402579004
-0.572612861308919
-0.20506521846423
-0.587790314439421
-0.754790609194102
-0.954432969851758
0.145660399349844
-1.620841198384
-0.884329837189556
1.36019685274489
-1.03940002027106
-1.14152940930753
-1.07112401893653
-1.01291029934029
-0.531311866844999
-1.96174586781162
-1.00890603257685
-0.995890312831483
-1.81240792441545
-0.636685613291824
-1.24969608841415
-1.01537032486792
