-0.930019602062447
-0.503952457327582
-0.790496562326855
-0.939049948026098
-0.547881246882189
-0.906064076078031
-0.754216772384316
-0.985103399947803
-1.31767372707364
-1.08964949601415
-1.13831693541726
-0.274538425694464
-0.557003850308613
-0.780452670404175
-0.479696314879344
-1.10449910053078
-0.34533648443505
-0.241880590397991
-1.17844173685128
-1.27107477910125
-1.39339242091607
-0.89848628967553
-0.209813777771186
-0.564998681236531
-0.550517597727822
-0.536253403302074
-0.532419307506086
-1.01599634488843
-0.377165113304733
-0.613066456905787
-1.15838508831834
-1.46205169588274
-1.1772424584178
-1.39775942836398
-1.23025845538956
-1.51791260235669
-0.907033099382689
-1.14323141496624
2.71488927654387
0.449383758202902
-1.12226282277998
0.108300761913446
-0.820381879432558
1.90788954699242
-0.767603391781494
-1.46543219907703
0.312809190144793
-1.00826640355107
-0.92072300778243
-0.793671870497146
-0.895556786237622
-0.714544166725979
-1.07551719955081
0.0517952992591664
-1.20843910721263
-1.02747426210024
-0.340708274386623
-0.44364940718702
-0.00669789171869268
-1.00690049955571
-1.56813360650393
-0.507491281939281
-1.11407153637073
-0.72583303098408
-0.488132593654017
-2.01864920718712
-0.141272437067603
0.47573220232053
-0.377415986694254
-0.407984545236844
-0.46983786130811
0.85614125846233
-0.377309842714242
-0.679647423790767
0.236060440276444
0.686356536398791
-0.379559809145614
-1.33621448807758
0.212817907848085
0.42128879394099
0.539149094998953
0.364414128983975
1.07048834811804
0.893940646908789
0.905978464940605
0.331267195304129
-0.0709534377657075
1.63715465723934
0.361513695280889
0.852863136107925
1.16142066910895
1.87918167076122
0.507195018894221
0.270914542672125
2.06917216701776
1.76321430625641
1.12633555668268
0.9762432255543
1.39407803149561
1.22342453837577
1.23168928190793
1.03902544769304
1.13798222155571
1.4604717837618
0.773478246151092
1.94034287821503
0.906087045488713
0.503643528871555
1.30880378780649
0.501864552958263
1.40523007645564
1.50126229668279
1.19035555123171
1.64616925433339
-0.551451764014702
0.606610701744064
0.463215604122822
2.13404015742089
1.4113458323476
1.85213613471582
2.16080891239905
2.04256036211913
0.280704960902329
-0.00793494024426988
0.269052911494153
0.0587852235448967
0.194966299140599
0.429242975280316
-0.692965622784048
0.0929355551944555
0.139947169240262
-0.083574428944104
0.323671380990393
0.345434363240384
0.675902023083546
0.266268468051014
-1.70989833295905
-0.510711019619465
-0.248414319638359
-0.734781817991038
-1.82745300318898
-0.551875593782592
1.02658442481717
-0.716488525777019
1.122360977501
0.551687058988091
1.96946118860882
2.14780895206481
1.43828408055596
0.957481484270509
0.969295858048171
0.209083821007271
1.50836782333842
0.639677665309288
0.718222087497941
1.15378866256327
-0.865784648585765
0.191749437525915
0.979521019811501
1.88056025204473
-0.390803289562608
-0.590642450460026
-0.553561257420339
0.933215923247235
1.28993684020225
1.02839091541444
0.645775143999401
1.08441315279701
0.552490804428107
0.197217823270094
0.344532271796777
-0.187357436458258
-0.0530700527342822
0.411342765088073
0.777952628411172
1.81158072887983
-0.464411064476433
-0.035898979338679
-0.667377829846126
-0.415393041692479
-0.0960580595757323
-0.419488691612918
-1.43780619652683
-0.532955692369055
-0.760368463770901
-0.608303358167338
-0.0980426888935196
0.140767427034193
-0.160954294894935
-0.502196749487558
-0.846656932008322
0.1986648041781
-0.366054054037662
-0.00668290359091038
-1.36642917588514
-0.661345731174936
-0.190658588209051
-0.36960120893522
-2.04204962440114
1.81511782244648
1.91377303834746
-1.14503502823904
-0.191686941859981
-0.503079597251724
-0.288766901268288
-0.798885045866371
-1.56439973866826
-1.54256564767904
-0.805821821995604
-0.75509043986377
-0.219832654574415
-0.728466574497012
-0.693755643347993
