1.13759905462297
1.40586608186161
1.26474825499207
1.67795104650863
1.68112271053601
0.540387476374015
0.156183078434953
0.653419902630342
0.729955166223612
-1.46225223423932
1.26740048565505
1.96967050026169
0.302757291129576
0.259255778164559
0.87129578208728
1.38355476483887
0.481123680261523
1.226056284104
1.66067961946242
0.45679136591137
0.849964693585794
0.387032634437442
0.0449527280917816
-0.222256856013696
0.0301530044886565
0.284786665157639
0.110799838854958
0.010824228759544
0.0644236172802595
0.303515646956333
1.14235489103102
1.25494381516421
0.296727380267754
0.723491085151583
0.799798239635769
0.422637221789662
0.525950183897578
0.46406543878109
-1.19088144409291
-0.326812326989092
1.0983436260589
0.713437697183831
2.01575300731454
-0.371351028484254
0.767174244612959
0.809232419391481
0.775298625401129
0.421341255127245
1.44416450196426
0.213326249719851
-0.0749109809466315
0.364128800659831
1.40445728508795
1.10815173011084
0.858399676186269
1.25456909005212
1.06656317461755
1.1646664817455
0.812218032215652
1.46219055869674
1.38620309340359
1.87866213003048
1.33552459595479
1.09826560134807
0.657151610717969
1.7962878341971
1.28752753147166
0.501911810086679
1.21202611096691
1.45375498568644
0.561079236665947
0.994273771795486
1.3076262196784
0.865661801446937
1.29834443485672
1.24176528822474
1.98404184014409
0.986643471742951
0.773401093907375
0.897641780542303
-0.347667532676017
-2.21028401551117
0.874439815629228
0.510499739501376
1.06326747326106
1.00275422953107
0.335213672390008
-0.885730545133969
-0.0553126694626266
0.860972345199911
0.157070854182122
-1.44602131222353
-1.20628810807081
-0.984151632261872
-1.32084075459348
-0.706850407657055
-0.453519625350167
-0.504671107650896
-0.255939297390732
-1.47989081816969
-0.799582291842086
-0.299600493259655
0.278193919375583
-0.190289802841938
-1.49969215942933
-1.67895551662223
-0.676483471499616
-0.296822395889312
-0.0669039143057356
-0.213435877208364
0.0388258967695753
-1.02396855388314
-0.598607102205345
-1.01097615315743
-0.763000737550692
-0.930879917943814
-0.581304544316429
-1.04831574602081
-0.612744468240183
-2.01741290697956
-1.68614185321576
-1.87917743534157
1.13685197869488
1.30588538440082
1.48244615483134
-0.109713240723554
0.87168615458906
-0.234050345392716
0.782933206326375
1.23345424362008
0.287600304743712
0.449124855314659
1.18661175167951
1.03093427867311
2.29452418425537
1.46972309143929
-0.575717118181563
0.816531136494505
-1.15167550246814
0.0439889280840937
-0.186005271489429
1.53929425213428
-0.542974556625477
-1.00597082403228
-0.749368224905716
-0.0800610164628739
-0.920115004638717
-0.672992543312623
-0.990405539561487
-0.987956477998288
-0.107513623447324
-0.806465627202842
0.178099931851257
-0.508504811202279
-0.185290995634217
-1.3271165309454
-0.891525605629064
-1.39340867585715
-0.686660226607283
-0.366239707024944
-0.818300575358438
-0.81909178033959
-0.215426598536839
-0.582872871184739
-1.12397076944618
-0.929556579469504
-0.343438101803497
-1.00624338751942
-2.25521619506421
-1.18561831433489
-1.54782660053477
-0.18169455497986
-2.39316104710299
-0.43381522448607
-1.39424787564665
-0.783465567997009
-0.664988231075445
-0.515768057412686
-0.856003446704041
-0.686730227030365
-0.584872516390896
-0.753639799805022
-1.11791201180664
0.222283103416871
0.203408449583863
-0.915302263035463
-0.694232211901779
-0.394593379755589
-0.388393805813794
-0.5949798712782
-1.3095229018476
-0.50270328748435
-0.954913861834094
-0.852943138860505
0.583642279535092
0.243502256002557
-0.116919517368841
-0.459002179751779
-1.78509650226382
-1.11529538007986
-0.632415134724606
-0.807016565168975
-0.713288246871014
-1.12454199925366
-1.58200223758033
-0.397261788531754
-1.55854688710177
-0.567429795435625
-1.2829981982665
-0.316356490159617
-0.470313555330819
-1.18576916461939
-0.821856001553754
