1.4560925513834
1.41936748243239
1.34878838145521
1.20187406576131
1.43226326828271
1.38205548232391
1.38402437177596
1.39213736613094
1.08170747166991
-0.0376065779382976
1.25504168082963
1.35725242476193
1.32512488527477
1.20491414339158
1.3218178925884
1.23092663945044
0.864649317399723
1.62463758375131
1.49661539013366
1.27064650627336
1.15284869000189
0.854595312297889
0.495363150978481
1.05267272979796
1.22112142572855
1.16236219988814
1.12699593354188
1.08539370402319
1.14190435462071
1.1605136630511
1.26207935947279
1.26453740386113
1.34835847814128
1.30910754576818
1.25183278407132
1.13112558044009
1.13196355201084
1.26920474660125
0.584563880244322
0.231158199560129
0.939148504121117
0.733500147769908
1.46578602897653
-0.544657168802316
0.559109928636846
1.2137773912872
1.13420534339141
1.2588511119714
1.20409066845674
0.856946060630238
0.832049205330094
-0.376399700105922
-0.504013061837045
1.25720337573054
0.929754181122327
1.04029915383935
0.607994530419397
0.603336418161746
1.0486044147303
0.981018840364418
1.09536818374862
0.713397785210468
1.38882218516945
1.3180048880102
0.88128777261831
0.899798711164204
-0.0553756817572296
0.556486140886077
1.04248514242906
1.12901401313378
1.00542652984026
0.984665711686733
0.808148169618772
0.975073980046447
0.994649257473406
1.06393979611298
-0.22051184615492
-0.268350396250115
0.909764139009967
1.18586167333477
0.809067011517217
0.497565024117383
0.604244134700449
0.326510128882286
0.967115814337379
0.872287911747421
0.619476751372386
0.574496548645089
-0.101707550842628
0.243635981416658
0.78442855781215
-1.10307897943025
-1.82324451040239
-1.62175143962626
-0.45063660251288
-0.531154399763999
-0.442960336775266
-0.46669900683089
-1.16119373998936
-1.12800663751445
-0.975088266551884
-1.03398499821914
-0.742441111584582
-0.291160062063027
-1.39195211980922
-1.18410117981969
-1.15992703733563
-0.356750430262202
-0.770099252132388
-0.834444930566634
-0.951373515501671
-1.34988947032035
0.279372529564882
-1.08375664635844
-1.311851704757
-1.06652506604641
-0.857239776086491
-0.549309383571337
-0.804046675805604
-0.404788560600525
-0.853717673622258
-1.1125965127958
-1.05883064442854
-3.53965495780112
-1.29179418160797
-0.646662931590546
0.929831891783848
-0.538880408482724
-0.893678579623171
-0.219551720398608
0.328784590069751
-0.99930485846262
-1.05759799880299
-1.67263789963054
-2.11335334970578
-1.59365687024688
-1.22465741502092
-1.84550160054066
-0.338539788719556
-0.701150512558534
-1.17552984288996
-1.33362653509846
-1.24413153766932
-0.419545795583158
-0.580558938430731
-0.433202733513297
-0.450108702373128
-0.558795869472878
-0.633564076794676
-0.715042585182993
-1.05089567998902
-0.525738302670541
-1.04412237851825
-1.06491504312698
-0.467417123694334
-0.534504855158085
-0.25698929067501
-0.43578389476584
-0.362732256753783
0.124928995164303
-0.30627659212503
-0.32454275038743
-0.432753684505925
-0.486592730622862
-0.386522050232721
-1.06382614661829
-0.4159172303314
-0.368952605801301
-1.6800893581549
-0.428704175576635
-0.865225050046776
-1.34218792134439
-2.83983897635096
-0.483494339487648
-1.00896225375123
-0.486346054349889
-0.440363204154257
0.205320049233478
-0.361205516120185
-1.85693197135567
-0.415842807065775
-0.231334956690742
-1.48703606615082
-0.973531923173013
-0.238315172073729
-0.283796009020374
-0.33131230029272
-0.175159335479279
-0.246292321118874
-0.344981620107931
-1.291714644686
-0.44269778448189
-0.521014554848461
-0.28094798275344
-0.94600492710991
-0.994797495803273
-0.906995099316412
-0.355671761785191
-0.961293439990507
-1.18419457777297
0.02554048203458
0.809647026684764
-0.748653956240446
-0.23890135605001
1.22938104683905
-0.566562689037909
0.92773221051345
0.444142270914697
-0.106103818497054
0.522336713676284
0.572600688548874
-0.141293420000165
0.334278458009379
