0.466309698298537
0.122388376406287
1.5646721146089
0.5581928121038
0.0560213491301687
-0.399121730041123
-0.735422425842338
-1.84644237217014
0.460315363152494
2.07076630901639
-0.0903290506419345
2.38091469680985
0.901197904561504
1.06328008338404
2.95641469098547
2.07565691057568
3.87895138283399
-1.00605323585969
0.115007569805893
0.00367237145954035
0.622760454666958
0.259924639534441
0.443016828328245
0.000544708510042307
0.0292928750515778
-0.597282141271221
0.30208927730445
0.11158229284699
0.294507629868054
-0.414116868819579
-0.316952464452159
0.871812173588155
1.18377228629448
0.764781101928524
-0.49964672462812
1.25255227703267
-0.102426298503065
-0.69142558493258
1.93467892073563
3.72765317406702
0.104247476997976
1.87437846184239
-0.119822194164227
0.885161909032011
-0.775733307310224
1.68246395596931
0.65005458542078
0.119298810626522
1.28078365995667
0.425925422552029
0.350894037444353
0.0455751632646856
1.217759371708
0.803105486153342
0.225870976852382
0.313202345100465
0.904674074233566
0.151784356302157
-0.350823256548167
-0.244406718614551
-0.396743621942247
0.577220903816543
0.118749716245629
0.102079422749606
-0.401545795767654
1.13370906702037
-0.226843875588168
-1.27231878750804
-0.817555683226
-0.308762260893518
0.308768749533181
-0.315498529494148
-1.0831944674093
-0.751031459373315
-0.536501897164185
-0.454042528733408
-0.0207465855274746
-0.24325651046755
-0.498164024370026
-1.05683177008919
-1.08157070044741
-1.64438859261378
-0.617450182010477
-0.473438308938966
-0.188161039668902
-0.228839029412872
-1.19463077040027
0.68672165950017
0.030145425838746
0.914872891714683
0.996797250279314
0.909587626151973
-0.110156165355322
-1.1032376546333
-0.972374014274911
-1.3554775912147
1.07645544395204
-0.0490545176631167
1.63282752489869
-0.568599386223748
-0.110384314546443
-0.323302857917379
0.376196086191692
-0.215756464314522
0.193667643026272
-0.199850083402552
-1.1701504390095
-0.676891534031964
-0.0122962588245766
-0.580825381918519
0.238408521493477
0.431528429911231
-0.822545878089984
-0.0157867236944377
-1.7371734197324
-1.60643140204164
-0.764769677388832
-1.41613283032699
-0.187006305091385
-0.817560914780531
-1.03894693521459
-0.76314452278335
-0.0409492294805454
0.959997320004452
-0.27309541891805
-0.345045398832668
0.165922434426744
-0.529043364687583
0.653804757050317
0.0460823875893196
0.114781181534606
-1.50041364553115
0.402749994257084
-0.172038855396914
0.624759293013141
0.112084067280795
-0.631652255344249
-0.993449546970392
-1.0181887254532
-0.864858684075686
0.189601255170404
0.820188716430012
0.712498728409659
-1.90272028476376
-0.93009217403844
-1.89628934618367
0.173291089997433
1.18852265261853
0.162231749209319
0.491690162229161
0.51949246010958
1.70295910873845
-1.00766787393356
2.59197472752243
-0.630152195834121
-1.54549758850525
-1.36866505409286
-0.275550611041876
0.0242357776643195
0.729203443690252
-0.566424176425389
-0.555518343238878
-0.556911646237416
-1.8602697744215
1.74583298085725
-0.701214304579643
-1.33303110512647
0.912216862754333
-0.936267823840954
-0.602900782280545
0.616110544794225
-1.30719468165276
0.202748097161169
-0.799102365610749
0.681733527619984
-1.08231051039618
0.0157560492593631
-0.671632441811418
0.206009610313927
0.723626248523125
-0.36061153918998
-0.270716456080672
-0.416653681957993
-0.369919700595066
0.776232272149351
-0.278791602467107
-0.26209680651245
-0.830459047408036
-0.704345614196594
1.73801010899278
-0.753909590648232
0.640588102741051
-1.91094483912232
0.144326690622111
1.04886331991357
-0.354247329837072
-1.02360185576382
-1.18813481768664
-0.488067413652992
-0.423192540676036
-1.92559086372229
1.0905286419056
-0.147962919373287
0.0229034677998431
0.464892585685826
-0.0985595560361529
0.364914918501052
3.34278561239352
0.831809231193923
0.61181852901423
-0.297393496872816
-1.00064759042007
-1.18005389956598
