-0.094816644783162
0.781283363182377
0.239654107547582
-0.990615964219947
-0.934195536900687
0.230763131008045
0.172201781022735
0.178309858496721
0.0555252013957943
1.9613324383422
-0.863041453852487
1.61993831965646
-0.252120747714771
0.447390486346303
1.4140068176222
2.013865770598
1.7134477331538
0.198177458572975
0.959047211818181
-0.0166899508018698
-0.83541531254409
-0.0303397757644238
-0.0133904930974096
-0.318668410351696
-0.326349052261824
-0.452543002360484
-0.450980221313989
0.266385850134713
-0.450836511971654
-0.7240777224415
0.304139802534972
-0.598710903746901
0.0291418491083624
-0.627346570161767
0.332711036828653
-0.54021973766618
-0.867374409465247
-0.00692461971784294
0.73261657184742
1.09635460170329
-1.07850797867125
-0.70847224788598
2.2809835415467
0.255638718356861
-0.766964601379701
-0.543430889563521
-0.33882445501202
-0.426884164980421
1.80431744281758
3.21436236282396
3.39366989098746
3.79396582378683
2.50450094187016
-0.0580966201922671
-0.816884046190452
0.274253942956585
0.216193364886439
0.3420917056259
1.24072770906635
1.58873281581577
0.19894144927613
-0.0469524521375603
-0.923420760474336
-0.565800272917851
0.746382071585598
0.599878055595085
0.581195551967044
0.0518769763447304
-0.789177504247353
-0.788765958150845
0.282903373005433
0.682794618506202
0.298636057323472
0.795722676733807
-0.108228792077007
-0.567058239079435
-0.761062601941469
-0.313549423635592
0.0761640551489041
-1.04163311828876
-0.89659817471333
-0.977521147909355
-0.888800054985354
-0.99719967421553
-0.532275340576748
-0.802606728919213
-0.619863946907961
0.982072715187427
0.734181056293596
1.10279292064943
0.481815065074095
0.235396646004943
0.209161421328385
-0.385517374232943
2.65102577373416
3.22089058215674
2.51302167625399
0.143718054807129
1.304549442812
0.332744669522424
1.40729518391437
-0.104258225867917
1.37484915323202
0.588071540427608
-0.470902802031245
0.572339744989309
-0.876977642040571
1.97280771162146
1.76762838607407
0.836035797043655
1.16002660261118
0.613455158910015
0.655860834055895
1.45767038662878
-0.670050712621226
1.1575708038254
-0.485508647014514
1.03610957341944
1.59096067642545
1.12526831626776
1.21437225005942
1.45184917913719
-1.19999226365864
-1.17820428920812
-1.05879500912251
-0.938960882679378
-1.0311323715131
-1.12435847985556
-0.953808236996275
-0.897948272368192
-0.931587087542712
-0.435586127261042
-1.19581879200491
-0.77963312092171
-0.705622985272754
-1.24892827580483
-0.469886767776193
-1.22846968572857
-0.995173809324481
-1.06018703676672
-1.13636772863406
-1.11712379114151
-0.835958304373976
-0.363854695491041
-0.863501941704968
0.665999368627901
-0.934430912065283
-0.490080269856251
-0.321231158924333
-1.19865185263376
-0.771737116963513
-0.37959454307954
-0.718336531703161
-1.03314425007393
-0.637367751374553
-0.301507008098738
-0.464097987618096
-0.0899037513788319
-0.323880392048011
0.463147854076621
-1.04978698324566
-0.161909411603794
-1.08334276898463
-0.360786775959919
-1.1852330945649
0.187095118938779
-0.847701796572016
-1.12962429983582
0.0167116950686972
-0.51596117527147
-0.654194095237196
-0.0180732637506348
-1.06758376712718
-1.22030220264607
-0.586423986548544
0.275519916029485
-0.38781206857272
-0.898097862205704
-1.02664805401034
0.283195564820341
-0.292830182402106
-0.592008588659728
0.9847285347906
-0.556724424312619
-0.786756399847266
-0.260513142457619
0.267357651089695
0.720665508138531
-0.539951179075662
-0.774075363881009
0.268494429302417
1.19951830098585
-1.17081294235794
-0.558050509770818
-0.397847723510946
-0.692566856889936
-0.158904329514365
-0.835105628741831
-0.63901011480724
1.11912707476763
1.48043618890541
-0.733883469436804
-0.724961393959995
0.241663195076127
0.18022201742382
1.31310696734321
-0.665116530336831
-0.950450539780568
0.230856517328665
-0.769833735270191
-1.03028983054014
0.0744350182352832
-0.351559167705076
