0.9309796310634
0.820859404077531
1.07610133104544
1.03502871549038
1.11489170222848
1.18081253840483
1.07831496296484
0.855687527864321
1.12634164471924
0.283977630912689
1.08083859721113
0.611222112285152
0.95532061740586
0.839860498414931
0.717428311701476
0.435765460392434
0.585168722508704
0.754202035910787
0.503080320010444
1.10757389708008
0.474360769622288
0.636797435827877
0.572936155583892
1.00897686602889
1.02626869729062
1.0326133839015
0.920139657369069
1.05807504987293
1.10427478161238
0.952409599430959
1.16230954982859
0.834866066534156
1.10871889234475
1.06684126347212
1.16676733749754
1.10221298155693
1.18124264291435
0.925792058155337
0.123720178421716
0.398241481031205
1.08430227593381
1.21182253167183
0.683879980062588
-0.135059705330766
1.15852710700167
1.32943250450405
1.20737024359545
1.34902850412739
0.640768817735894
1.23345766349467
1.25527708766118
1.42228121452511
1.21784773067806
1.39102887622771
1.24181409093893
1.03416846688515
0.85722221220508
0.727989917140926
1.18285415040412
1.269312298788
1.37591666467642
1.15203424790304
0.5669626209789
0.912547179819489
1.15915720875583
1.13893975492939
1.36494062356264
0.666829122357764
0.541828966901015
0.859505789432672
0.00316379407197909
0.461080786514033
1.05144342151348
0.984786106987433
0.611494374863799
0.290816196775476
0.908258574859516
0.319664347968148
0.775439303050207
-0.44559511152644
0.00967519900727513
0.00698029962657034
-0.031890463520822
-0.549161609797774
0.147619863245843
0.0388983746289112
0.154850246708271
0.558867103462699
0.236538181971431
0.322543870882367
-0.6051465942177
0.408301351281921
0.38966693102485
0.575936388071765
0.762420989409544
0.9454285290342
0.461451495629368
0.726422013269641
0.725658969471008
0.752653071626308
0.670798184817092
0.671084435157819
0.565482341937049
0.021521604011813
0.924611519427518
0.615842952823958
0.102031361506839
0.791121187548284
0.220922992348499
0.716305432806701
-0.278083003012777
-0.0616684366341313
0.543069061320362
0.302767857457755
0.180326699523794
0.68670851295852
0.647680457981519
0.115057925066401
0.718433461218193
0.606652924468427
0.564149181504323
0.802397888699204
-0.444332166808447
-0.533030537752216
-0.515438816132902
-0.416246261413935
-0.375980466497288
-0.565712065149636
-0.662594335384588
-0.458006388937879
-0.271504939100687
-0.0408927524029887
-0.300236067955394
-1.05455411090574
-0.260840757042802
-2.13956555073675
-0.767220114491721
-1.46362057540056
-1.24688516860474
-0.854524860434491
-0.94953460468678
-0.451694211591746
0.409865844296882
-0.823737791032812
-0.671333354656222
-1.40605615415227
-1.15841834540275
-0.667026821103954
-0.515961318304963
-0.580157357619038
-0.354828947785674
-0.324872842316601
0.792321405714843
0.225460381511565
-0.216161056763612
-1.26073411424081
-0.785793101231305
-0.736878007579501
-0.751083235399746
0.146457017656861
-0.109930039369069
0.251027442247473
-0.151320173769088
-0.64166224175422
-1.68944905047733
-0.820507622203148
-0.357165783516596
-1.30045324143187
-1.27942690407881
-1.34973442264506
-0.577912916668778
-1.13742677056806
-2.52648338295609
-1.24082210101247
-1.00947435395012
-0.717141817790408
-1.32731338144618
-1.43167718968372
-1.09379145418437
-1.65601418227114
-1.25071446983383
0.0196121133971774
-1.2348982241837
-1.45742510062512
-2.46451157522325
-1.70623597956895
-1.42573135973706
-1.11762970323264
-0.130116893961992
-1.52351502938323
-1.2659431052904
-2.09119420534382
-1.8362887338025
-1.2142892155646
-2.11488087232278
-1.30294519616514
-0.236086771185901
-0.520620021283432
-2.1069050387212
-1.11525971817119
-0.673124915817013
-0.874159144704447
-0.953624786974032
-1.06896110402201
-0.672886682460763
-2.22356757915819
-1.22771896578835
-1.5749664457433
-2.67122628443733
-0.923600441250534
-1.6562186557808
-2.17935523471685
-1.76546772796112
