-0.313334043905883
-0.121194420489653
-0.595199964947781
-0.368820242904592
-1.38227563160292
-0.195965133138462
0.0586788567972643
0.181592255375046
-0.374486306994403
0.378224690208235
-0.646633731952255
-1.48573025426306
-0.170568013534016
-0.167820957246712
-0.448383441551133
-0.42434477447281
-0.652977851166635
-0.0110720231882385
-0.5053301876566
-0.632709924753656
-1.06722892521852
-0.588121947547495
-0.542611910607973
0.211563276921694
0.0796977722510842
-0.365335044690056
0.160276702753533
-0.206579701274582
-0.00988129613215044
0.340961271155494
-0.16319676474292
-0.0267158502474205
-0.902664451806019
-0.854969208263397
-0.974129937599389
-1.07440179187297
0.140596407769316
-0.799770718627464
1.03839675686235
-0.514933261083285
-1.26952278279786
-0.823688199238784
-1.67585662106267
0.468674520862757
-0.956713791907927
-1.43721330091564
-0.443684216208065
-1.54758162568052
-1.54076338983313
-1.51416529968733
-1.23063158770859
-0.89721730953095
-0.948167115155125
-0.194188272980087
-0.385128513039444
-0.889504154382849
-1.23717047251247
-1.40708594646064
-1.1443232256211
-1.26276239067161
-1.20746661189794
-0.961188445809527
-0.747568086767613
-0.996104128379836
-0.970066487109869
-0.667964193043789
-0.206398964085851
-0.0897219219209808
-1.1589641124628
-1.01408039899922
-0.12090163833649
0.207920358722847
-1.36180999599573
-0.958738187176747
-0.764531570957616
-0.860864312244276
-1.05083742624697
-0.344214510474611
-0.483764527297982
-0.970863179399702
0.795540229261404
0.416007467846506
0.729625326482272
-0.333818217056338
0.0690380296428777
0.118105555094787
-0.828194615652594
-0.563440174167424
-1.88409796830584
-1.37556340665237
-0.956523233135116
-0.677211760245392
-2.29335804219558
-1.48917241754099
-1.07781480458997
-0.929136212064421
-0.214401905116957
0.630968434784101
-0.364086855188077
-1.00840552396971
-0.592086575658616
0.308260226134362
-0.208397422743007
1.00286446948109
0.384315009061997
-0.125160474422238
0.749497629690995
0.211746464430081
-2.18875213846272
-0.61555057074015
-0.993496397040025
-2.53609592231177
0.305950830416672
-1.51904980050247
-0.687607265351786
-0.372732329112775
0.30984980154742
-0.960018535654612
-0.00339021365113389
-0.438766213588073
-1.10238351113384
-0.909440348629294
-0.291645177668204
-0.881220455664125
-0.426599385805188
0.105394083713536
-0.469380532588262
-1.47975885922992
0.657915934821933
-0.945009106931859
-0.77322161959532
-0.0592606605386872
-0.380496190515259
0.19809186905112
-0.291670322275401
-0.994095418886423
-0.393870126129048
-0.237801803281485
0.433091807135712
-0.573337880636041
-0.778525950762648
-0.744287514669452
0.937199095333699
1.13949266315858
1.00128869158834
0.00376108239350588
0.556498560265022
-0.337989764842271
0.426848220874142
0.524323414080326
0.370190032486695
0.758377711859196
0.809348398294185
0.72616453523473
0.360723366831012
0.677605130291968
1.79138197501058
0.423177889071052
0.457797551250822
0.293982250827089
0.978708169977145
1.01187035999958
1.42908255506926
0.620735779741819
0.713454635697335
0.871764523828929
1.29803251828272
0.734363178376806
1.52488332148505
1.25299292404455
1.0328994041529
1.66946531632109
0.971026846425069
1.41834469647823
1.14863751787138
2.30349737093345
1.51941045259303
0.963404182694833
1.29718689024428
1.37803892731445
1.12624654302416
1.96103959427733
1.46896874502999
1.40746418570232
0.984479585754718
1.37498015513424
1.79722879234823
1.33874475313205
1.30150308049761
1.36909000475854
1.34284646156665
1.47623273572738
1.42839848118287
1.66903607242909
1.069827998711
1.58104136979864
1.65968825925562
1.67743515002927
1.22288954408296
2.233104734965
2.26823424664423
0.618564665153637
0.706134039395994
0.695993946561146
0.982512148545012
1.06993831214281
0.577725761362977
0.598524554171901
0.760735470766587
0.621471471126342
1.74290401674526
1.60025314264682
1.81308405105798
