0.682221327406189
-0.193725092079583
0.305439658973322
1.50606251600278
0.00893901023128989
1.71487317842443
1.76550450991202
2.09257605569568
2.50230702250774
1.04932383281128
0.776166693789302
-0.483277390097585
1.39757357327513
1.38231357441593
0.164069788181076
0.693946786903788
0.308486483010745
1.77778689704661
0.159014686798075
1.58784525095499
1.66588661615975
1.13815510497581
0.799068378588642
0.983562062280419
1.42953028426693
1.00018969975392
1.01614027967621
1.61204317927311
1.15313451358563
1.29754779453809
2.43550083203547
2.15047556537817
1.43713859711252
1.91933084801154
1.63916941157865
1.09672386117824
1.45191593145542
1.36870189052631
0.578129494087563
-0.239386124161199
1.20354609500397
2.53052020110265
-0.713245260854439
1.33965612507943
1.69047854672238
1.10173725476742
-0.100781158204966
1.89592805057091
-0.204067807109713
0.104714497734958
0.747037499087273
-0.085444891706379
-0.0414722532120867
0.788077158751124
0.270409240778561
0.191366078945369
0.383855354845136
-0.469009158882737
0.120014745888164
0.541414860542302
0.173028276987203
1.09047169998538
-0.732224085685613
-1.00093282102401
0.657614805463902
-0.978186010091294
1.92329757828533
0.451448147641074
-1.31632235365243
-0.586000338810527
-1.03288243196838
-1.53894255847624
-0.250355528516708
2.80121645057755
1.76705651128467
1.02312837523211
0.970245148677241
-0.961627463519061
2.60994749330629
-0.836282203092679
-0.694769972955172
-0.197050135918328
-0.493071378407761
-0.205565020829399
-0.323171365884714
-1.1580323143953
2.22957829845369
0.240154898021789
-0.902556304483434
-0.342507295025691
-0.751872038066708
-1.40664618185956
-1.10472857902883
-1.16565217351917
-0.521308616373823
-1.35878818850483
-1.09701889897436
-0.633477178008246
-0.608741404943164
-1.36181869758804
-1.19327005711899
-1.37902494107188
-1.11236616275997
0.0155146023254487
-0.72610218245583
-1.470643364296
-1.27368678223881
0.382105900310047
-1.14079625144204
-0.847565204807509
-0.714482748691242
-0.94919086487996
0.378927025939481
-1.33922570302414
-1.13148081817823
-1.38644398436886
-0.449003386221355
-0.764894477179334
-0.771089107189289
-0.664585101563394
-1.39497934219067
-1.25908722453054
0.191888616849405
0.243266451637721
-0.727739740466705
-0.129025501538863
-0.843397935116306
-1.2765609664168
-0.372653905849341
-0.656185152377002
-0.831170647612181
-0.67572617412451
-1.37307849988173
-0.434382662548015
-0.467702900466488
-0.332266191234696
0.695074171808533
0.998936375489468
-0.978123153283938
-0.967012209753326
-0.857026244237912
-0.364416113654289
-1.00358845251765
-0.476315968820552
-0.804840944380753
-0.484043756127474
-1.02235429355121
-0.178926935090978
-0.717869202634437
0.138735007300722
0.196514890412009
-1.01067854541158
-0.674863079745216
-0.918898723946602
-0.627624926351459
0.411913817538108
-1.04509654106819
-0.869426570160753
-1.01330005085223
0.126079562869842
-0.632898031124508
-0.48700265194884
-0.557692299778592
0.3272215752765
0.542300686417475
-0.819433938210184
-0.58696537635259
0.333675285976804
-0.656262405933419
-0.385714538298194
-0.947758729110881
-0.999236518810153
-0.439924962929093
-0.0175143071514979
-0.196398366216082
-0.244718718271508
-0.285354183709595
-0.192195449391833
-0.0409537008882463
-0.529943361086513
0.0897555350280585
0.829180562932728
0.0654574851933783
0.263746670515193
-0.0644792124740937
-0.390981099679836
0.951190414586753
0.591274198470187
0.257898725526188
1.44528578512022
-0.322661309071108
1.58244937328999
-0.988425382925642
0.202731592299686
0.204857440387355
-0.177080205158755
-0.0870434404410346
0.215232097387633
-0.446661895041111
0.40404164480579
0.650303338366627
-1.05603359079889
-0.452441316174009
-0.798152768400728
-0.0817085025260318
-0.513827690904907
-0.632305837203304
-0.543231975666988
-0.947621140032894
-0.629684707183417
-0.876627371285169
-1.2092405302245
-1.19696753485451
