0.295976405775877
0.173949997204848
-1.10489415607513
-0.933179868322473
-0.971810595098782
-1.07592592637949
0.724592700405091
-0.39130583156545
-1.46129340178047
-0.0127527844489317
-0.494098623034539
0.184612631436856
0.604505818608369
0.556253820291657
-0.142827601748682
0.0701486133277467
0.547678890716195
-0.677541792431579
0.123347089619891
-0.451288368198983
0.929982194691548
1.47250795887315
1.46626426936908
-1.08891538157922
-0.696724999692324
-0.0416981422595815
-1.04068744624544
-0.369783713385188
-0.277506035725635
-1.28158442527238
-0.941068489260943
-1.27265858058413
0.374503544543158
-0.0930212868056641
-1.41088343158054
-0.439434879928772
-0.101024099726064
0.535289943334879
-0.359471225439832
-0.153852891368011
-1.29648757898358
-0.880410023290114
0.676321568398027
1.21567210153693
0.611533998490096
-0.151361632635968
-0.457273786499799
-0.263754232084096
0.76391471438335
-0.0203394870267804
0.130401830564044
0.191885954322556
0.688810446226194
-0.575073040464566
-0.523471463941878
-0.640412809737462
0.682077528929048
-0.320047184528794
0.162810447316266
0.0150660003052979
-0.408541583977937
-0.257567884918933
-0.563192419549443
-0.635638282324586
-0.78800979388142
-0.0924983382501885
-1.48223154260953
-0.503079243588463
-0.39902916408586
-0.459157716286515
0.315932168317428
-1.07589695078926
-0.629468596805982
0.232461350151773
-0.529566747735242
0.717131988603053
0.298564267701308
0.15048274308562
1.24099648818848
0.0440758002260013
0.15458496293996
-0.26161233316234
-0.428628437046647
-1.4491358206815
-0.107779037919217
0.000236833825997308
0.616190150449533
0.402584742438646
-0.167833034663855
0.511813706293638
-0.299256903625009
-0.621204791731989
-0.846059904520246
-1.31643275287411
-0.587390261674262
-1.08784224200378
-1.34248921806526
0.297967002509971
-0.674852816851806
-0.363561413971864
-0.3711098985428
0.535235602235937
-0.572478370718899
0.981274961236446
1.24095541952278
-0.917174668922353
-0.638559179836554
-0.299606813508478
-0.501365464887177
-0.738756053680827
-0.629758848769894
-0.716154255644933
-0.409099321076117
-0.30760143022652
-1.23155860901162
1.59903279494349
-1.10128359352314
-0.500656540173222
0.62358872366521
-0.800748221938134
-0.600125095950319
1.05603440565801
-0.229755445043645
0.012450936129129
-0.191674300690573
1.16441984424598
-0.624357843029554
-1.49541628983387
2.01772784331131
-0.392445066892895
-0.529576628092831
1.88620837152135
2.77093568084505
-1.37417188863348
1.48727166416049
-1.48818443978916
0.35918154029858
-0.87380211016483
-1.21238623698288
3.93655725850918
0.461002544270942
-0.134591750822893
0.154021609696035
-0.465239238291809
-0.281539020846617
-0.889955549383231
-0.399701986441883
0.627592919749127
-0.0426577867703046
1.23857211226056
1.91753579371296
2.05098521959467
0.392571104418754
2.8069702410732
0.798291443991357
-0.0138235814899428
3.61745149129366
0.0793809861826369
1.12046607471439
0.706971492723649
0.29547392262303
-0.478258097194483
3.35267424317005
-0.990081290425447
-0.716819368091883
-0.705975551674213
-0.177397259982952
0.565581626728401
3.38539029223006
1.64520482994422
1.75193843496449
-0.341937829503652
1.96615118584724
-1.26073409714254
3.25456584417168
-0.657849022085183
-0.41126582787676
0.649506394225633
0.710042687525285
1.55084461651001
0.544535856687192
-0.891694082529836
-0.0104355044766871
0.66852469351835
-0.976981445102415
-0.258149310253677
0.459649729637787
-0.599852490138696
0.613685408590396
-0.667765539370764
0.157237172215399
1.1940406956528
-1.29033772522493
-0.834742272952382
-0.18345858626422
0.416174031847828
0.180732577201403
-0.509104332432214
-0.961748693546598
-0.678644860904386
-1.01908129860233
-0.0698681794676573
-0.549061902059767
-0.475135044128503
0.275583864526537
1.56256457100101
0.631746923658685
0.113518898818542
-0.900292140865031
-0.367178862764115
-0.562394775212125
-0.407493747858794
-1.04831013619246
