1.2665656980645
1.01168245846691
1.56156388018376
1.64674300400087
1.56222057146479
1.20346192787019
0.98026701292285
0.8282205754849
1.37928645688506
0.691981467716036
1.62817994889317
1.32174228266303
1.50859923495585
1.4379515688105
1.34598540198113
1.56144046826791
1.59382612545209
1.22351133390817
1.31105916625385
1.52611344574599
1.54789115448159
1.30627960997934
0.956617641548636
1.35726194905986
1.30076459307232
1.45961785147596
1.39807469234477
1.43871749747814
1.45167990088514
1.32158332215323
1.47891162948824
1.64428900116186
1.57400826250465
1.37077317436345
1.51795003053481
1.40084653847144
1.52446223863722
1.26822003774454
0.733744758752243
0.669242741700333
0.461025994683746
1.29152552716057
1.02130682820586
-0.14608528025217
0.240125821238053
0.945813412674668
1.1031490539026
1.2809961283636
0.672245006469117
0.98165898831172
0.808895496499478
0.542802272620904
0.376500461952254
1.39395128385692
1.12788419747341
1.11597685871885
0.953684762662557
1.04125659656559
1.32755289188995
1.35351277484231
1.55055093153298
1.09043378247598
1.02686760140021
1.23992809186664
1.11298804752177
1.83235253118701
1.20029397702891
-0.221116393343575
0.760998820759896
0.486906293044484
0.656461712278153
0.206163176814854
0.575030658312311
1.20590244109495
0.919803098654133
0.17256933353853
0.370564745595194
-0.109912204403128
0.226138788400774
0.647358491145313
-0.254653280793074
-0.799677649341792
0.205545812749899
-0.112735771336833
0.117879937537364
0.390523027009007
-0.781121900336752
0.25609595329557
0.11752650814357
0.0471424663514027
-0.00926546187199376
-0.759256983513036
0.0632409529846488
0.530081711224371
-0.451743551628286
-0.21955981913471
-0.372147579751388
-0.0341112799610057
-0.565626264499794
0.436305825185075
-0.509219581137515
-1.85649105978839
-0.74553490812458
-0.583292700297396
-0.488224891968633
-1.08025205139503
-2.29338101611635
-0.582731660817747
0.191575254571755
0.418766105863546
-0.621061680498763
-0.69591435273297
0.0731046998941383
-0.639619232492622
-0.535275004957517
-0.782974959182936
-1.45618399436946
-0.351195497174398
-0.571540224122627
-1.03323268112065
-1.40147518469607
-0.924848646778735
-0.338009543270823
-0.176172354377291
-0.491189157605274
-0.680417731069314
0.206725587306085
-0.454869929691797
0.230007100002845
-0.857717369592108
-0.622575368266516
-0.948511973424188
0.276361218083353
-0.597902475951707
0.492125655217032
-1.18914215451124
-0.961394833031253
-1.35395060778326
-1.93051640401649
-1.23100524750466
-0.761464380181402
0.216491414683881
-1.20951034094785
-0.967342143205623
-1.51601509711429
-1.38004680056365
-1.17637530910639
-0.230752161023782
-0.794466520631526
-0.954877932289414
-0.22116691737043
-1.046400188947
-0.817387136555368
-0.883363979828815
-0.916479058383924
-1.57986584935775
-0.587503631371579
-1.18515769889557
-0.762365533296995
0.424131415258788
-1.69136556600957
-1.39386604140166
-1.21876026814228
-0.587354841897245
-0.851620849676442
-0.777601406623628
-1.80823908397364
-0.744123961979289
-1.23565851028053
-0.480924974832281
-0.720728011735326
-1.08017421262978
-2.13057716218643
-2.43307976098862
-0.0828189863303976
-1.52504509593054
0.288604200132986
-0.730269218991332
0.263736015121048
-0.758550441530052
-0.42668762271551
-0.905251369154042
-1.06453653716065
-0.198758252554107
-0.769957629592187
-0.200955252260964
-0.24791316614834
-0.127500741145232
-0.797257093075152
-0.385337037339545
-0.740819891318986
-0.306448625835105
-0.714702529932063
-0.179274353466795
-0.350270485227598
-0.594683463959846
-1.22491801454523
-1.03726966260674
-1.00997534075492
-0.715579128688477
-0.294694981597875
-0.934495553067476
-1.00772186967815
-1.13815237375541
-0.765641173820639
-0.343335233974486
-0.465520317428319
-1.1165818723627
-0.484247303977651
-0.941551016669809
0.0709876730505919
-0.513210319334045
-0.8820888848462
