-0.261160776781147
-0.286047386459977
-0.319738631152745
-0.698943082367463
-0.35696653927562
-0.577571810492764
-0.604758423205834
-0.909739138706011
-0.359878886611881
-0.643761108549043
-0.468947902327867
-0.344705067210315
-0.416530674380784
-0.470974640184681
-0.651139716694826
-0.603940964037995
-0.39854239053249
-0.359354915267611
-0.348929774430579
-0.626504425152135
-0.899661143296373
-0.4767005274554
-0.156095903231791
-0.74688736746775
-0.718798879671928
-0.504448462916634
-0.218007212406075
-0.642298409930824
-0.567945207934281
-1.03313118949919
-0.45090802859866
-1.04472309635867
-0.729766782547907
-0.745375676562148
-0.658200103998725
-0.240434660079826
-0.233130602954833
-0.344563423754994
-0.208532193494171
-0.492666402869933
-0.675886100108954
-0.85508846537157
-0.508504830048497
-0.462322558604617
0.0877470699509018
-1.39602443173218
-0.53522843022418
-0.476011400242444
-0.159942447771516
-0.832715238445473
-1.35471074992751
-0.419997180510954
-0.0341977576953938
-0.216006551527698
-0.187088877850139
-0.0899585562720511
0.244817966705116
-0.228149897643428
-0.62424622079388
-0.108212068668391
-0.466148781992884
-0.578378440161711
-0.918589865679817
-0.853614729842768
-0.324820599615172
-0.594734863583403
0.0519124973571404
-0.592800773793523
-0.730047699391357
-0.778577925008212
-0.736157503528027
-0.885879049272111
0.537491543938425
-0.993454019593656
-0.855077651381589
-0.949202328152827
0.0695741116573613
-0.610806157454729
-1.22676334236626
-0.767798761340274
-1.09304819050534
-0.58774859499915
-0.580623825029004
-0.961750112901648
-0.846018090969462
-0.620611946721972
-0.838961560410377
-1.29559643229102
-0.945160642028564
-0.640924900747565
-1.17195365073251
-0.651968951413325
-1.24659290465328
-0.741451747359516
-0.497185885780481
-0.505111800620805
-0.00195522455846777
-0.679863913124998
-0.386484289666211
-0.932067111084581
-0.624456941439926
-0.39314585490984
-0.2220347887617
0.520864248955511
-0.427712508292811
-0.311309258419257
-0.139029932774397
-0.372618471720131
-0.543881209395765
-0.529500414757383
-0.989529696280432
-0.913747147030193
-1.12641503956022
-0.612251576908461
0.0241923774944176
0.788220189836988
0.364970101530845
-0.798606503834809
0.19047274955051
-0.676620882753994
-0.823620529868992
-0.363070585366495
-0.842730390773121
-0.755191427201635
-0.770123379773853
1.55945375165081
-1.04192772135895
-0.69923223382489
3.68529695014334
-0.653364740647741
-0.872561893149432
2.99332037545935
2.54830425462032
-0.853672775786816
1.26797956054449
-0.758378495786041
-0.814150958304234
-1.11492372520774
3.87317827927426
3.90369349264549
-1.16037344784569
-0.995124474090238
-0.170626900858204
-0.372139446996296
-0.139997140721468
0.402311270139739
0.424280855124601
0.851093653293072
1.07177802155263
2.05520103695374
-0.164687886179268
1.24025860140939
0.524328468884309
-0.15575451117461
0.806155504608728
-0.474257573984098
1.77614438799394
0.517885310525297
2.15174368887259
0.39220759629672
1.21689491410584
1.26644108209999
2.67905791388426
-0.276920400730957
1.44275112327846
-0.163164496592529
0.329750678758181
1.52325595310633
1.57127005914349
0.910934041809809
0.463695772567452
0.401054617740399
-0.0031420296994305
0.38405022216019
-0.217741223312115
0.549853812994025
2.13088004402751
0.467788536544887
0.995059960211328
2.05017829666071
1.39607875303001
0.596333560182732
2.43753350663696
1.71775356239792
1.48029531795259
1.99843636469975
0.743985630173031
1.29410458811254
1.19711565575507
0.111787241124668
1.49007463597525
0.362121573200393
1.34427518456217
0.962421149842814
1.36452932305485
1.5432454890066
0.900576829070411
0.611447669499705
0.860567065671959
1.44232703137958
1.73833326006829
0.355861058163154
0.233049424794606
-0.132556740981002
0.398042420363202
0.363987398155723
0.384033518314547
0.607447827803703
0.80988253989353
-0.188625677633647
0.133047897959853
0.000582584028442146
-0.455516412200707
