0.471934262536284
0.670504419982644
0.478584942851355
0.413027996592163
1.0946625745504
1.48234501282297
1.49612239840569
1.29825355359803
0.652295843307569
-4.74808239003034
0.95419540428407
1.07915431111653
0.668748628496096
-0.528756267693467
0.70177992009686
-0.917488258971227
0.661295912910074
1.15573824862474
-0.552825109129069
1.61946797922311
2.22051830953954
1.10956824817569
0.503371107748899
0.941770606174319
1.1473786535681
0.983335508268249
0.962656441678287
1.33940493866685
0.890839194835637
0.886948270173244
1.50788631747968
0.547675286302298
1.50155072434141
2.08176895969769
1.82119362910917
1.30079637854524
1.64347106744657
-0.392391004209359
1.52804178435205
-0.851295956839373
0.974079056983193
1.39814960666924
0.683344354551345
-0.111539970882558
0.949074507821178
0.727818343342147
0.970549015976807
1.36737706067976
0.681914580842128
-0.436351793400952
-0.186222408971747
0.640119143657429
0.465338824100623
1.23111455530651
-0.0561170792705086
0.404468784677648
0.697281821235577
0.738900291244683
0.307613009891507
-0.094751286493031
0.971316593551517
1.20771788779042
0.809086050021135
0.836095158796572
0.603153809290891
0.723059783067534
0.877970029916118
0.0742272312239433
0.914848450602931
0.558396951120087
0.561315838737067
0.477626367045444
0.626332197833721
0.262199303481353
0.603623156291804
0.64241050059771
-0.204882039507624
0.303859563943473
-0.418166973513425
0.232244587344807
-1.0665588743922
-1.657217994527
-0.70174613630073
-0.164626756289754
-0.0900286427302713
-0.212409012647895
-0.195661566873872
0.221225646524435
-0.302102520390904
-0.355239729054642
-0.0913120989746332
-0.186455295213462
0.175279826633575
0.0719080750501815
-0.0879894309024573
0.59236908847882
-0.19813452562591
-0.312796899975739
-0.277412291547172
-0.16850311199583
0.403308342348625
-0.636682338905983
-0.603327757002541
0.560000460186509
0.182619024572229
-0.735604955073418
-0.495359215459973
-0.169315840600742
0.41481839932121
0.193184777562029
0.245258565151983
0.269195244567375
-0.235939243385229
-0.522815762459743
-0.180449731024263
-0.365285753726114
-0.315390197476159
-0.338111755680561
-0.668911111191581
-0.177123662728215
-0.344708347119438
-0.185104681295457
0.584288231044312
0.579864707162401
0.256557723640495
-0.0976646796301198
-0.0873251188644596
-0.180310138507373
0.0965698573454671
1.00524083714761
0.257444301417662
0.0303904809387381
-0.03155790000219
0.468407860544243
0.0379993590168492
0.308106144738687
0.566553927795902
1.21302744449038
-0.54911208945613
-0.293228838766247
0.432084034307545
0.38504921948855
-0.474305483125356
-0.746081428927562
-0.097572897555629
0.487870998575237
0.271244972195007
0.816337179096693
-0.278736623649958
-0.658367283418726
0.102852571297087
-0.747692857291096
-0.279706410021108
-0.074442910351323
-0.104828026919556
-0.69008006301619
-1.22273751792333
-0.855983000919306
-0.27894949010742
0.233807761519097
-0.632164071966908
-0.70974801467865
-0.853430710051485
-1.02094259485937
0.10879619759174
-0.650861731649766
0.276915817690084
0.181808869116298
-0.862577121120911
-0.530926887115823
-0.717226111357168
-0.263123451830564
0.116195289991958
-0.0377791086928866
-0.240567121178382
-0.461513656914349
-0.0784441764257654
-0.432127983968567
-1.04503794903156
-0.559985369482951
-0.476016389453932
-0.421605723159535
-2.41390441514277
-0.0955081733698094
-0.325035712644521
-0.937682505088564
0.239015391729771
0.521376330516747
-0.220484158423311
0.316311938294088
-0.184243242168932
0.572279759863781
-0.476260844624458
-0.557506800171622
-0.163559459017576
0.027402639508973
-0.220249942644091
-0.758062425287024
-0.366533694264789
-0.470885138879316
-0.250916454476819
-3.7713689977331
-3.26811836739018
-2.72773770236413
-0.820453298855371
-1.10657393393132
-2.82667090785306
-4.05186671445674
-3.09473419792225
-2.69423474436901
-1.01163102551069
-1.70359535246719
-1.36010562966793
