0.565759954944063
0.206182325318731
0.600942852625094
0.74820827231436
0.81842726692854
0.717296269255069
0.844281349113189
0.910754007941879
0.304861689989157
-1.11726159719491
0.669650293766201
0.44146004636854
0.431661626680671
-0.122853246209448
0.152869153522726
0.358918407963893
0.232047134667265
1.30193725993019
0.421323482487656
0.699983473543799
0.73282928228678
0.0949389466389159
-0.246053510860304
0.169063674033955
0.482936713000276
0.265277594208692
0.274232028255548
0.536145478581108
0.405614927726738
0.433430752300706
0.658868739619664
0.906192689652706
0.528128068021343
0.774036846689302
0.379737723223019
0.159213392690789
0.417729219554914
0.431661626680671
1.49020511004789
0.483114648095118
-0.0856634476526782
0.805124585924929
0.464800586932656
0.00443283533030362
0.532430625980119
0.66843281663907
0.142403655757216
0.710741972137045
0.185000523361834
0.0590899567933672
-0.33703921434768
0.0655197797574558
0.837302702780757
0.834020549390167
0.358055818028594
0.238275575851657
-0.0169525061764632
0.20222010098702
-0.0373060704764688
0.811836885105694
1.0289657838136
1.26322089815922
0.584439766482899
0.754078116762142
0.350265826163762
1.13610664107148
1.49984759371707
0.361029805136553
0.41597275325026
1.05488428895341
0.0630292279010525
0.430048877521749
0.819055440060274
0.265381607516933
0.797416713869677
1.19879537124575
1.38461132299624
-1.74210101756427
-0.120129355451369
0.843109472488344
-0.229388241246959
-0.963085397253062
0.370140966632513
0.752776137137591
0.913783428923698
0.336148806196605
-0.631142221985291
-0.514538594299806
-0.0741151171176577
0.542135030667682
-0.0545008885041535
-1.46736790532257
-0.288391820301213
-0.251009731765623
-1.67088012102546
-0.398833333738445
-0.101179483741134
-0.110391795599309
-0.796374276984631
-0.840315583969457
-1.19472976772544
-0.944571902384194
-0.419354550725819
0.773826963513333
-0.833097082118171
-1.31307117970963
-2.13870634408121
0.429502962338342
0.780439850794975
0.998984366223299
1.06242376484409
-0.200862566948489
-0.582554686058326
-0.0591321303099417
-0.62451282066128
0.580025570489373
-0.757068700684337
-0.542457924501909
-0.0842770882686807
-1.20042694533411
-1.05745139154848
-1.61112795826682
1.54230882973102
1.04209632524316
1.41903056759995
0.687457022263873
0.833263271790085
0.771905670230855
1.46351395387818
1.50502055581804
1.08389594133038
1.21803836320245
1.49603400794201
1.49749673567036
1.91658360168523
1.62646981208537
0.540896653131297
1.50225789802027
-0.223502254830507
0.943857111865121
0.108825579558669
1.2836360727996
-0.780202209811003
0.369319779336967
-0.0154739768738184
0.795441631398759
0.729142700703437
0.85421393877612
0.215415154666017
0.202006459967517
0.987090257741226
-0.280851793587427
0.428859834513791
0.381744037038432
0.698120632901749
0.0204292356231215
-0.692530757885672
0.170593175044575
0.485402890595919
0.749385523615849
0.413653202986268
0.0387228511750862
0.502018210850081
0.487724446344118
0.156206757830806
-0.972812713166585
0.119287746611432
0.727848368358906
-2.31538263556851
-0.782647290110073
-0.607324970637244
-1.60356751820907
-3.83615760348791
0.225101545877055
-0.539846456280671
-0.651008348275632
-0.776912400451777
-1.39992252160864
-0.972308974952428
-1.43265450948523
-0.571079386941458
-0.0362724262396685
-0.823204777470478
-1.39105249565042
0.600446151731039
-0.763176857729761
0.233786948907704
0.0814623564111427
-0.389512437053237
-1.02971687909331
-1.60798009574645
-0.0154300742419665
-1.28690462540368
-0.651237883687768
-0.299054220716385
-1.00854282640033
-1.01041140061164
0.79070513808387
-3.43372175705543
-1.96011441822401
-1.14958136400294
-2.43042029800874
-0.521646181780543
-0.93884291265472
-2.43690939726854
-1.14328920945901
-3.23936510502266
-2.73929033622863
-1.89333853782672
-2.1482111701512
-1.39712890625538
-1.69471331633142
-1.03324185464166
