1.29539400428208
0.803529928823074
0.616324649714231
1.15748365407803
0.636481932605493
1.0608874465508
0.766396030937921
0.960633184030413
1.38209246455292
-0.894555821354531
0.705649985556112
0.983160297926525
1.01933291928937
0.743178961767817
1.08116266717389
0.828943462938782
1.18400657894217
-0.430704098737195
0.859780394334106
1.20962329719389
0.607260425454396
0.725138572381143
0.167726753447914
0.95985331990278
1.30215042852906
0.915726862297181
0.991169795590648
1.08240814760027
1.05718274844013
1.18849187359772
1.47130537450916
1.15995903352376
1.15917198650451
1.02956021914307
1.38751915665964
0.766665489685602
1.12481641021937
0.643442546094915
0.897391636116526
0.58691189671599
0.330201660019655
0.50711816833293
1.08451137372394
0.0893330710893643
0.883996332263118
0.0651063749120381
0.0262513958391706
1.06466256155362
0.953092356589207
0.637998523624212
0.587368307275083
1.09677180152664
2.1516221866978
1.65953783667026
0.989358283402822
0.621214068466203
0.466488729494769
0.181139428063203
0.895693971046198
1.01264692110219
0.513988815796637
0.443570720161884
0.455310380830493
0.25024554112003
-0.457578695464326
0.308654115747426
1.46004758948738
0.562741522665545
0.283236908428316
0.0226726866984524
-0.083514461515787
-0.0846119105388969
-0.143630915442555
0.0308829575261339
-0.118551321004442
0.624717370591931
0.998393668987854
-1.14313904866997
-0.281005119414417
-0.0868431252123007
0.0180172552412576
-0.453331065840798
0.11879041116197
-1.90458369941432
-0.0789736303501844
0.195398804953989
-1.54257155216417
-0.281863865820106
-0.160543549631915
0.659313323496733
-0.908388510010015
0.245781678324785
-1.88735317485056
-2.55082377362526
-0.00539177895061962
0.952072865273726
-0.0998665391690216
0.846088238317026
1.30613264733613
-0.442492191286164
-0.267623031934915
-0.294893752827717
-0.490549634280894
0.0374814686074245
-0.361786256084957
0.609108525437368
-0.262405141010152
0.272037242194201
0.0419807327337121
-1.00229232521802
-0.673576326852109
-1.29601904756371
-0.015721168493696
-0.0117310197260681
-4.02896037276445
-0.940355036021341
0.473787248329833
-0.300505030571607
0.152484811885157
0.728437386379648
1.11273907251004
-0.152092159604649
0.512381833666334
-2.3199569989813
0.303882465581822
-0.563659237593931
0.0045359365931153
-1.94453788779889
0.0748479662789944
-0.170228137596707
0.211538223230786
-0.0227375781670658
1.01368397422665
-0.667329702560017
0.25050340585391
-1.38468231924768
-0.391710623868104
-0.758085232276669
-0.701243427770568
0.57561928568696
-0.549719881698354
0.250274656555791
0.104349091030547
-3.57276253344925
-0.714783358228396
-0.585472034434705
0.0495919198511883
0.356563299649089
-0.000832273145663057
-1.84640584292127
0.956958163567758
-0.41805961838006
1.31700326913592
-0.0703872362820071
-0.554122715254496
-0.547804861436238
-1.08592139058216
-0.505191555545689
-0.183816657064952
0.401537804681788
-0.470645315182109
-0.162656904564131
-0.579761090694643
-2.34182920071895
-1.16616289617231
-0.731494770486068
-0.255129467911569
-0.0493843908740024
-3.16818090650204
-0.0292760956307401
-0.266241760923312
-0.921710476702833
-4.74142486820317
-0.244788495486152
0.318822297259013
-0.523321593873678
0.640724107583207
-0.4150752420839
-0.197936438830322
-1.4054316564993
-0.334258328961552
0.838516841176587
-1.18604361284682
-0.882259512648142
0.545428388186835
-0.137251670901584
0.0401877968171264
0.485357681765777
0.0844199711072739
-0.960521903600926
-1.12924351122275
-0.680154820541351
-1.51644910500987
0.680746967777572
0.761661716719688
0.179433303829158
-0.139998311277537
0.548931733529829
-2.11457329089752
-1.90272733845338
-0.920765580120775
-0.235042565376997
-0.0961545308467636
-0.0937842590809235
-1.72571743652878
-0.311736707141497
-0.0419554242812887
-0.20981236752816
-0.297538504732723
-0.689396108083119
-0.16204774128818
-0.298799148439208
0.381318626483539
