-1.65751133126752
-1.10635896762483
-1.35609061072375
-0.876810981076166
-1.33923402409022
-1.26928501378808
-1.11514676556924
-1.24796858151691
-0.801897875174688
0.154043411315841
-1.28801153526006
-1.34832026391312
-1.74843004452711
-1.37667026005271
-1.08802814472692
-1.14969986798778
-1.20008738805822
-0.858556972690142
-1.78028008885316
-1.47538935109962
-1.29532283704107
-0.474911561315395
0.0130650877017684
-1.15955115790877
-2.16767332959716
-1.56850626217061
-1.45748237783134
-1.73762898984879
-1.64326233203502
-1.09421243272392
-1.42940395908987
-1.52020564022724
-0.915612347043131
-1.81381775385875
-0.721692062136112
-1.12111387843021
-0.890944296283614
-0.722737903070886
-0.252054750021049
-0.944512664949135
0.325313809071797
-0.619966538913308
-0.782191587602075
-0.721593579338845
0.344854829187254
-0.56187156945728
-0.571142441334488
-1.49992424673155
-1.17732098410604
-1.95491058160979
-2.03735210226473
-1.18486663173708
-0.727416159614098
-1.1093868540328
-1.25292663415608
0.0331905030639187
0.284009381055605
0.438124742871973
0.395354844430011
-0.507685090472275
-0.514575055589386
0.634200912722645
-1.16450547296716
-0.969145636924579
0.0301921979689924
-1.41445296819872
-1.39778301218976
0.172973006208508
-1.91990065567596
-0.649651430905224
-2.42306381654011
-0.752631650632472
0.157357892484971
-1.12961423269953
-0.929167863253588
0.0913180508919785
0.344485453053054
-1.68566573109544
0.229644634792204
-0.330803363334266
-1.70035503629896
-0.268232327069038
-0.00903226406600902
-0.0887212461483778
-0.56854907990284
-0.371659773197489
0.685132417946701
1.30045219624317
1.04440745894842
0.813110717310202
1.09927860615683
1.09892776927128
1.16050775088115
1.1049211208588
1.08641031360731
1.01927971575431
-0.206426311270848
1.04624542659197
0.879837134284598
1.07534164891013
0.948569767488187
1.03022777587892
0.82514808665805
0.883435593324124
1.16555280845444
0.893786495763909
1.05254579829327
0.64482020176871
1.29957253470005
1.36124685965959
1.08393339719057
1.13201262089556
0.27296460099252
0.827132800601956
0.911600493660233
0.912748372381523
0.868305027250259
1.02664857365647
0.79773265923602
0.995086246499605
1.10157237871609
0.990757377593246
0.408729377982281
0.0886430577492968
0.350929810955294
0.579797025392123
0.0935661717767538
0.142737482824055
1.20907629541459
0.559409175755616
0.325600881227191
0.908819841245417
0.808729720501227
0.528316294205568
0.442534694127914
0.57164839856303
0.259361533450042
-0.0907994830089055
0.647992300087613
1.13318484118514
0.19454611026162
0.998855335352908
0.962821656265328
0.529038609772355
1.06999643297456
0.651552677147864
1.38237442362885
1.30909526333873
1.14825696857686
0.373232989177834
0.656907059630083
0.761180824313911
0.898927040282654
0.880846750782195
1.09010093467301
0.682825346115163
1.00630502397634
0.496160680672596
1.08464515167588
0.6562891515979
0.0858616501860824
-0.652017241590426
0.727271985257722
-0.30418640288795
0.565392560931107
0.3888581236658
1.15627439133835
0.734131108868003
0.716440671949716
0.694063924864864
0.434027323510038
0.915140538836624
0.273078990679693
1.18453870324004
0.628821128425443
0.500996771585949
0.709165781527891
0.525920811162105
0.728222235516424
0.800928758820481
0.817575417806827
0.975757559230667
0.440716055389083
0.500921409335868
0.948164428589887
0.906429501239396
0.987836499955072
1.01692948230789
0.912702946555295
0.461242373661455
0.0934389064072121
0.698880839308905
0.44259679814797
1.04054621089514
0.639268012523739
0.826070697416966
0.908711361072678
0.884215754416901
0.667471735838324
-0.139152707634339
0.435840885987535
-2.46536150395805
-0.73119847232215
-0.95113320567242
-0.917550039822113
0.223605509204538
-1.50704126430077
-1.91528689937038
-1.83923342223991
-1.64625013013481
0.921720448441074
0.891825197975063
0.984106976872438
