-0.145261539745752
-0.55129297333883
1.16104033816903
1.15630336694516
1.22945309713726
1.09084174465779
0.856106977930768
0.842592297280751
0.707915988672944
0.776689450091014
1.07842909855156
0.621734350652079
0.787234677745735
0.405059399604059
1.00254222078453
-0.445268309028261
0.840203917043502
1.24723677510469
-0.478226252582583
1.139666893597
-0.0109067936095331
-0.105202802365272
-0.277387208782548
1.23505591167807
0.917890269262729
1.22257403600841
1.15036962032167
1.05188718861024
1.25947599525569
0.988156973241836
1.38831450522462
1.17404562610067
1.81046863778849
0.90295411467529
1.83684490851056
0.82715987401233
0.930794974074781
0.467565614159334
1.01331231661133
0.52018416970029
-0.657660254910539
-0.949349176422079
0.801057542811458
0.921559702600919
-0.847627378392098
0.254850854995139
0.892398271490655
0.869332102797567
0.29895793755015
-0.399718990809875
-0.702049897915695
1.02665328818349
1.47008477051923
1.21077106215095
-0.182804983258311
0.300338612308424
0.39368342532823
0.677803198508771
-0.295483846110319
0.740514998192898
1.54472275791582
1.55816170169427
0.744058393569956
0.932014121186155
1.09562158799218
0.860797148953309
1.22179606912591
0.638673163771468
1.16216865746216
1.21928813241713
0.429358726531284
-0.0998356357798681
1.29436284978355
-0.351965631135045
0.172650236805761
1.16596129677024
0.433476438865048
0.609028582108766
-0.250707073755288
0.712339602451141
-1.76123568919435
-2.17809169368964
0.925757670547053
-0.313982951398953
0.264040146755383
0.229842888878825
0.445120534820339
0.0756209515380193
0.226664065576888
0.386953273617821
0.358345301550958
0.00637298971045524
-0.53067736049971
-0.585823608130987
-0.000683132783887873
0.0455753548617538
0.115351117138046
-0.165800944773279
0.0579753791499395
-0.105349102789578
0.203029331165499
0.0512607154891238
0.41712143004322
0.22243393480382
0.0542199222647664
-0.196908517485275
0.0594325503009333
-0.969556233700434
0.126356001186795
0.0401819102253928
-0.664156484827042
-0.741648851810995
-0.0876277693330844
-0.108109034530535
0.11155726211513
-0.0242026818329873
-0.300425230113996
-0.261717672071716
0.0502204112586876
-0.155505864303338
0.0518807525748708
-0.51254554669407
0.896662236541058
-3.66653624522542
0.141620225181462
0.323691641582021
0.138810728611325
-0.971793739991732
-0.802086979143259
0.668510951974498
-0.129297654908124
0.302911957820164
0.992277355788171
-1.63125479069899
-1.4275447571766
-0.823876909081159
-3.2447818325903
-1.47407804547884
0.448271716736737
0.125435325005877
-2.12789300964125
0.313502786701818
0.0716851494258955
-1.76612590398205
-0.77616396146939
-0.638145164285129
0.46598106031326
-0.556459613190977
-0.327036336194304
-0.665134385355248
-0.242444217101104
-0.873636093322953
0.0601110296706989
0.0163049365393466
-0.265869086202977
-0.687700390920906
-1.27342701995274
-0.671007423692687
0.304067494589806
0.222147934194675
-0.318794713724113
-1.02589215177776
-0.240576854597821
-1.19289334292667
-1.44277567552824
-1.05154871227605
0.0889663379583022
-0.108945799148927
-2.28315153415815
-1.43487903568707
-1.15566788266565
-0.724428689605537
-1.71243633189062
0.242738477499766
-0.484171162022257
-0.660345231665852
-0.316022168897307
0.449237998957866
-2.02453754036197
-2.6283910960814
-0.719906927144735
-0.943185073265555
-1.36146289898422
-1.41144413398555
0.234615320360908
-1.06768852255893
-0.19011730913895
-0.160384364236418
-0.430104437868918
-2.00035046755948
-1.56148520799835
-1.08373670289182
-2.27650060204858
-1.32494592429796
0.108054686720345
-0.712317296818806
-1.26453637001375
-0.270397447351337
-1.1238004352027
-1.41500236792162
-1.45648437425851
2.61111054276225
0.132657231250319
0.293747610733631
2.57483944627272
-0.49513481118906
1.75852485268725
2.13456792768048
0.264793863306699
1.31775060977979
-0.054074201186672
0.257457206089979
-0.193350625907619
