0.903905818923785
0.580653454269167
1.36234386766564
0.0805339625225986
-0.377014541931033
0.342780727695036
0.283102854270895
0.788493714330036
2.03278879421976
0.583020786018591
-1.21496228361376
2.25919447048073
0.889910810719982
1.30090008502391
2.42293543114133
2.81244765504215
1.8881394421888
1.13151013912427
2.43272187124293
0.385585167101799
0.0913214102908246
1.36314242826583
1.22819999119526
-0.145453245664318
0.237002723971911
-0.414662674147546
-1.28042927835011
0.40699465209991
-0.0250119748197822
-0.701107474831697
1.72410442320203
-0.77364360298527
1.49430877942354
1.32408096646501
0.811466579964838
0.663173059023122
1.01137177019215
0.0465890844313056
2.72248934398835
2.46861698825845
-1.28895209095555
-0.900231159876135
0.115105189051789
1.92440637538391
-0.172655047554692
-1.28832561180204
0.020705153672811
-0.0757674560161937
-0.342801000069191
0.237208118995476
0.142348032623705
1.20048622948596
0.702977294722734
2.27605876102331
0.923624422187624
0.155673762432559
1.16094091228701
-0.131095514730075
-0.0102008568649639
0.278649624926615
-1.26131431803004
-1.0244689600598
-1.1291840724813
0.282448631599052
-0.957287119015208
-0.771029144882001
-0.350966874458708
-1.01113187617999
-0.666756857943421
-0.743286204207064
0.245487807447443
-0.759838659199195
-1.23916708551009
-0.799720328609339
-0.588302763950791
-1.22799455350875
-0.927172667816621
-0.718861501590581
-0.728115257299396
-0.839837952148486
-0.874739332145229
3.43047497763242
-0.692327056435286
0.326775830178651
-0.113513880702101
-0.672040004617116
-1.1930093639633
-0.566602510311132
-1.06597482118681
-1.08384680102841
-0.0549275014131334
-0.993948117366021
-0.801967041486463
-0.824041727710146
-0.536925416386447
0.0269135916837629
0.577513207157901
-1.22295244369087
0.678719061794731
-0.912805808582019
-1.11703554316229
-1.29005140664523
-1.12250072089055
-1.08569308115607
0.299703478683653
0.910258353695199
0.775565932718398
-0.859709434205739
-0.486701734031975
-0.639132557407357
-1.28397307686744
-1.08590235776495
1.71086518459301
-1.27050158691277
-1.06594264939939
-1.18364933935839
1.73281248522236
-0.502208865623404
-0.943415195305449
0.874546341678723
0.383788713782568
1.54770183259937
-1.2869513494164
1.24069509647755
-1.10216122609605
-0.890297839432767
-0.525002985082192
-0.787163587772055
-0.880253172437856
0.226100352792477
0.553238026723688
-0.697757587645034
-1.17908255606639
-1.29644812137155
-1.24741219344979
-1.28287331022149
-1.23257343112039
-1.29563917111023
-0.515185568873132
0.0474742431312024
-0.544334650619587
-0.747508319008386
0.490866470774379
-0.608973637203032
0.490581481735015
0.553418894830582
-0.185745967546881
0.431178695942241
0.132439641634439
-0.926043412018862
-0.499357073682838
0.0309099229560184
-0.459080009735112
-1.1956051935706
-0.30302542216786
-0.102042373807233
-0.332258977036199
-0.777684614482336
0.0615955110423384
1.25772756190379
-0.956161370029694
-0.288570893878277
-0.360464862901988
-0.885830412431138
0.341299293744691
-0.11118596033046
-0.953805958347784
0.0569482801990177
0.210856559639481
0.0374946640274864
0.203500757938968
-1.02476764031961
0.0556284237010211
-0.414390558971952
0.466835626371884
0.72570271840647
-0.0155887601800413
0.89527341468501
1.31773299513851
1.06989156862433
-0.547801713584229
-1.01679992942054
-1.23792401819018
1.73983614195006
-0.621555002503528
-0.207997901405428
-0.429221919171343
0.172389175078458
-0.30587735797651
0.385285961555881
0.179395212010677
0.535252439184952
2.3282837191456
-0.118037090436046
-0.351826527550023
0.663119109299718
-0.393913723956914
-1.1776604222048
-0.125444745257968
0.775745664852886
1.29691042380168
1.2526819098376
0.235415784241425
0.680831896209896
0.746662436712895
0.6112164488777
1.76031256539151
-0.814131315694527
-0.840396352176476
0.11542942478245
-0.892934314299489
0.505190231359853
-0.471399417676768
