-0.506550884654651
-0.397293989060637
-0.109107011255287
-1.41391291751065
-1.29690760615217
-1.31869731916489
-1.42969480960021
-1.36529704228058
-0.909390051898651
0.638275212865607
-1.49665522159661
-0.0647564135212048
-0.772820708283393
-0.394079726664395
0.803696626279262
0.445579379769219
0.84977404386467
-1.36700078642864
-0.682898339579885
-0.457743889347619
-0.160071024003799
0.0150208348997258
-0.0328876781219558
-0.820027615411804
-0.810012628975551
-1.69963682515542
-1.31254014406335
-0.104174766233704
-1.24975616745357
-0.812684390760312
-1.13804375895658
-1.25987897197033
-0.743610526556622
0.201791496605704
-1.33924198716367
-0.158891526591993
-0.699169370848901
0.324386215049464
1.84356395830168
0.731763060246704
-0.49666916198241
-1.10395935435497
0.728112402216618
0.170738667157291
0.645072184519156
-1.45852158006998
-0.745544729364846
-1.16613044535039
1.14424687970092
-1.29030593815972
-1.61398628149336
0.316676142583392
0.715306892948369
-1.48524143495814
-0.513653885073589
-0.522310544111157
-0.106339990988574
-0.437365052417752
-1.26003199269488
-0.412457660142281
-0.372631838137794
-0.143014850776906
-1.24896142722437
-0.919784701719723
-0.420966847706935
-0.0675348760762519
-0.948346399258181
0.00563622414894713
0.458983497744532
0.869962228071
-0.519197333453293
0.533113468487997
0.316234920720043
3.93804500900809
2.90821696904402
0.386238977901465
0.525778353540622
0.443695140181183
2.59857289662219
-0.311098229967123
-0.832522593188211
0.318957399078021
-0.512036936604492
1.28555655882522
-0.0506682799501032
0.341891681779738
2.07502864452061
2.24674334280666
-0.40260026103747
-1.03222938711419
0.960920514516535
0.433355123954275
-1.41287174424018
-1.81047098604693
-0.61376799191798
-0.014685047614262
-0.576935644244141
0.648995285490772
0.310268115918318
0.579233548355181
0.572377845429777
-0.193230093754843
-0.0959985756571654
1.21283377581269
0.192869787392123
0.246882378102598
0.846080437992616
1.13275372592188
-1.38991259570013
0.266670994085144
0.276675941705821
-1.43793816754454
-0.00231177485011778
-1.30983930025546
-1.3773567519824
-2.10716312204496
-0.382352240008315
-0.391048644507837
-0.73524499076169
-1.16721549169444
-1.27403387821622
-1.67017413423558
0.789389896408418
1.77067505498514
0.749793850016296
0.822732707637702
0.164104547492878
0.792486686697087
0.656982618947106
0.547213216547186
0.391374331302113
-1.00890479349059
-0.796126435322566
2.15184234346053
1.26712574354219
0.878376479977374
0.146967227284744
1.45193963219969
-0.779914458561907
-0.976546398827275
1.1085211892008
0.424643907614514
1.67445567273785
-1.36040481482515
-0.824824493616253
-0.0809398552881094
-0.670503177340333
0.552988668803307
-0.206873989980984
-0.884226009729204
1.67792066694152
0.0967169803175519
-0.30080264066507
1.72457419187891
0.159861759241141
0.15128680769441
-1.36987048303801
-0.171130871090688
0.555884068683318
1.32317154430668
-0.327205690253433
-0.719417477090909
-1.2621701408759
0.0882945917315168
1.2495872864902
0.138455709946325
0.562471453301444
0.547801139574085
3.04352577845253
0.243303693846026
0.569932030387077
0.267849013571064
0.353944032314512
0.697458841150967
1.240572749762
0.0282271535502845
0.850245981408311
0.0504558539105255
0.249643902089374
1.41128575412872
0.260639500861943
0.416349100672097
1.14490083858139
0.461237262128991
0.524098106617802
0.0593457744834087
1.21575213479362
1.1378315568291
0.337064556347363
1.28788639434442
1.11723947298417
1.60411725086963
-2.11249083673955
0.622892622356184
0.691701197309828
0.641662093332358
-0.650048481948553
-0.0289985904335551
0.0461964095834789
-0.141115817745975
0.167761392510795
-0.522043869362027
-0.792181579079296
-0.57973977315828
0.52215258116817
0.516582931206155
-0.571976871106849
-0.594640272961084
-0.458906960538035
-0.416022198154669
1.02685617581525
-0.939165588906971
0.294360961557107
