1.53787457434301
1.20394452428436
0.537750611025775
-1.01308659386536
0.258204529861988
-1.19138145851242
-1.41912237276496
-1.24441872527552
-1.59412306019575
1.04488493557787
-0.257596672070499
1.38587387072724
0.821053906122741
1.34398976154308
1.08914718777172
1.52025854418307
1.34133866346033
-0.86918059425865
1.56962171784917
0.405022519725936
0.544663804967594
0.688384654040053
0.958871940320167
-1.44621563380625
0.436998060514289
0.0404954420755819
-1.09338277748019
0.12642405027641
-0.0298293309226152
-2.17496493726049
-1.86922859556197
-1.86376503839143
-0.421561235621525
0.895891745940908
-1.04454701104619
-0.447605592476265
-1.9172843430637
-0.0723163064841354
1.01889247439374
1.04508158119834
-2.61188139088943
0.0619600418156841
1.20691616454808
1.46095558704223
-2.81178352484375
-0.33530063409038
0.012302236226584
-0.078256746973802
1.45287902425449
-0.0550062246046208
-0.313186191603987
1.3659988267073
0.346099891712951
-1.00901396400155
-1.02009329245893
-0.251810627140807
-0.254771795572977
-0.340422794518592
0.136216765498482
-0.44689488655609
0.0748151218284704
-0.733042620839889
-0.897648016505528
-0.0751237365426079
-0.789751985867813
-0.718998924593786
1.09028916726595
-2.47792513826028
0.247648781323045
-1.08413204352931
-1.62662563091447
-2.15426332795048
-0.947141687096714
0.324227711293219
0.488696347385489
-1.94878752480928
-1.35313311139564
-1.14406281171544
-0.792579616602991
-1.28574272393358
-1.27261279617227
-1.61595374056576
-2.13336806748815
0.264453665061107
0.181080443314213
-1.07844133639963
-1.31610028661268
1.68083825088794
1.20264461695509
1.06863816514874
1.11347169477427
1.17466728705349
1.53791307967706
1.4720456285378
1.2400662494774
1.76913077642083
0.85886428417902
0.994787153865598
0.684267981406018
1.48973090782748
0.0171928788317009
-0.245719530413133
-0.0473123985557745
1.87109650921123
1.10029885405898
0.636056605212333
-0.244508172357616
-0.106992534149161
1.6853709137811
1.85213981570283
1.1455343042117
1.12000942380746
0.229244847646351
0.821476839811402
0.761386278810319
1.25713637437811
-0.248653096750121
1.11990284564558
0.948185052155438
0.549087667346073
1.07611177406265
1.63573141085114
0.434807326234601
0.341719304925468
0.732832402053154
0.14300082910997
-0.974550664614964
-1.48093723815767
0.579628163179593
0.147964674047062
-0.560580203513427
0.957355304791263
0.843980937218722
0.692355354988726
1.0783155871692
0.198607423132907
-0.899006929620195
0.703676473567347
0.496756970323609
0.80723518468147
-0.685339869798118
0.224377560785768
0.070907039783001
-0.449563903611544
-0.757224639205497
1.53902941480991
-0.263756703042658
0.177456191862715
-0.315833530941829
0.0831670068955355
-0.0335806499863063
-0.390223661122321
-0.323375040147047
0.605634410577756
0.374616643735257
-0.956207981701676
0.749423596438781
-0.569069073048391
-0.0364901014959403
0.907403292093441
0.0949199617181997
-0.449239104766061
0.418265341544184
0.0218104828542808
0.0267962395491593
-1.22135447786814
-0.722171638288989
0.109655233908338
0.828248170048367
-0.779919773214508
-0.741355122401417
-1.52898322642066
-1.89021034067354
-0.325710885186609
0.996522682825952
0.101388963514955
-0.0296492754378981
-1.01528978307047
-0.0956947886252011
-0.910805394896463
-0.199230490597186
-0.0820004472094711
-0.703209766685547
0.093265978199557
-1.2907824374676
0.996661158551021
0.70172215002163
0.663976342126206
-0.387057024632648
-0.325701187293972
-0.356945968164557
0.28881508212017
-0.290815815830008
0.23924486223634
-2.34636265336901
-0.471794655371769
-0.340134632799662
-0.84979212313347
-1.2026656418416
0.595379614961136
0.743786583947091
-0.00733420281463646
0.812204172444987
0.398049988984041
-0.576819341361268
0.227336205880372
-1.61442853419008
-0.456722739222861
0.378218486057488
0.391488310435293
-0.135296194907669
0.580528825864902
0.63909779267056
