0.803168360223776
0.796107780538391
0.793054874367847
1.80929047917641
0.861968278461571
0.717040368530969
1.0295338488349
1.66022126095159
1.18675374205863
0.540860854487028
1.72290458405321
1.42930195845196
0.221901358532088
-0.217202818811081
0.712252454528318
1.38842968854693
1.61624780058979
0.927148864947121
0.818640741012803
0.0799843654792481
-0.892056089982698
-0.152268427436778
-0.285349982372874
0.601836082062635
0.881746068327533
0.533503735760233
-0.0476181503279722
0.817085887517358
0.498543721305647
1.38081268515912
1.50681688262505
1.71865052847692
-0.352591400601775
-0.657458675583307
1.25336368249123
0.0918133795788725
0.933288567336358
0.311801713407732
2.69099564028367
0.673369032860226
0.916591530216183
-0.651134596239207
0.848755947955213
1.1276808530678
1.08955415093391
0.372624420893109
0.723873109108273
-0.820222090955897
0.985448179158703
-1.40032303307999
-0.541079289451669
0.765204078675725
1.91110153602689
0.844485024318286
0.169007602578848
0.901187444692484
-0.105842581615892
0.241973185778148
-1.92908553185875
-0.0926505759556385
1.20640945020042
1.53919867143404
1.30741545252367
1.10069873265061
1.33262432430396
1.00863482740732
0.722538165385735
1.18530170670785
0.179559713532635
0.818948776833782
0.875800975910686
1.38069190508161
1.65145250974374
-0.0360099550277931
-0.269332881926113
0.470854980361073
0.206067654689435
-0.421588005880686
-0.00453482753752713
0.831323287732757
0.378418729557832
-0.483243673610076
0.602833197353384
-0.775764556154257
-0.371305859243307
-0.0666207907633705
-0.337763926540916
-0.494287100442169
-0.0410565668793211
-0.360598192307549
-0.457932129020548
-0.128054039391169
0.432073634500422
0.0312119245357368
0.634200394980121
0.143029402367023
-1.6783797484867
1.48785736000474
0.776288862364138
0.0355803797282237
-0.864845776475603
-2.37714201034512
-1.304524620942
2.91889777082946
-1.8118886270719
-1.52704961272297
-2.4233671831517
-1.58103497540671
-0.156978471368143
1.24803449249258
0.801091299154456
0.852163837624264
-0.580364497982078
0.115588749218951
-2.26192683605579
-0.134651210533357
-2.05808081152554
-0.234328426945662
0.0565006378591145
-0.306346837376799
-0.578852152630483
-0.940575078732354
0.908132393283152
0.227090808802477
1.41221729935517
0.50563571888312
0.237439657175139
-0.409061722743736
-0.413098341546447
1.02641101420109
0.441000422206985
-0.0364265820873768
0.314865264313884
1.03767406609051
1.08206663385447
0.881395211224787
0.546903260133557
1.0918098892723
-0.539436372336034
-0.206895066304048
-0.657697789257859
0.380359292203411
-0.57287218343143
-1.76919776831042
0.0419658254733409
1.21913912097005
0.042371568070388
0.751078772452577
-0.531875133499897
-1.64474180938454
-0.698630516764553
-1.26241303036173
-1.71481360665585
-0.876554064594522
0.0230644775150868
-0.193030565839172
-1.80940856580604
-0.784069760304874
-0.426736888384658
0.395470016903285
-2.06457180711215
-1.94941127338151
-1.70244369278336
-0.0994445493223433
-0.605304609939517
-0.362716072709375
0.319422410395862
-0.169671961863569
-0.827587389952664
-0.615194208143763
-0.402042966972456
-0.602224084609339
-0.775535455105679
0.0515226101277429
0.489203537886797
-0.521838109607071
0.0309898363934687
-1.05946966839484
-0.479232118777464
0.436409540436052
-0.502710509948085
-0.778998068258153
-0.515743534102678
0.309872804818595
-0.63713135431079
-0.620194356366078
0.205326715148563
0.873921166840092
-0.479227000241517
-1.20488518577674
-0.335584260832827
-0.247175348699273
-0.722711508110033
0.115297540789768
-0.609601926128785
-0.023519507783929
-0.400290615257874
-0.631948873100557
-1.36341168934886
-0.345119205157229
-0.0866242286205418
-1.24194677071073
-1.52591716754765
-1.31394123533763
-0.847520353390766
-0.756709395628866
-1.27371893074024
-1.80684598912129
-2.23863884118567
-1.9031194246742
-0.996212028132971
-1.16017542227233
-1.06869192283438
