0.55214392097402
0.12083751156007
0.509576395666525
0.436957613041177
1.30553820794518
0.494657849380875
0.670415938057482
0.721569263427151
0.554092849369142
0.483586925027943
0.596271548447825
0.893635405684057
0.107822844857481
0.432029091050551
1.14401806799318
0.794411815412854
1.35159605949318
0.70718795563676
0.781874385503165
0.85969297092695
0.508334416582232
0.393088872649565
-0.0124910329421579
0.203823903994305
0.206314936586419
0.120303464317484
0.198273837161679
0.45665627627672
0.163628553899462
0.371096117693206
0.969502743659965
0.457130260772535
0.312299114465165
0.749949710519838
1.04894147364696
0.389843517106933
0.576294782069587
0.259839382696123
-0.283042260330248
1.32910578717547
-1.24417542852096
-1.27391498697262
1.3187087769862
-0.28027291287999
-1.71215077433176
-1.27278806131099
0.583318645118186
-1.57978915040374
1.59371009718638
-0.841433388482217
-0.757152104847643
0.842259436375291
1.32854271667219
-0.295392218567337
-1.43824252995244
-1.23214952277338
-0.100771844498135
-0.728303817636541
-1.76571403023324
-0.865826701330665
-0.326179987332299
0.351003459471601
1.6067300588053
1.95877637045441
0.0828327413949957
-0.328194186494158
-0.0337010927668025
-0.0505207120198453
2.59214537776133
1.60478601015948
2.11091035247824
0.340358719261061
0.89568548406509
0.29368076716424
0.679294608574656
-0.889722149335616
0.56652357013688
2.09681940913776
-0.712034821469644
0.209944345842214
0.246769961023632
-1.07505859154878
0.388081840069901
-1.87685412158115
-0.280030141645349
0.639804028058076
-0.85283298090293
-0.225237066080217
0.91746834441451
1.22680888048178
0.0919264547257872
-0.0935759922671134
0.593689842741164
1.37289562117509
0.246133808194927
1.01647632725045
0.0257287003708181
0.175402909536148
1.18951082080351
0.723221250596081
0.925977299647484
0.878920149956318
0.888614991595287
-0.286527101642699
1.53554516543752
0.611392451516763
-0.421327112489291
0.2928643328936
0.673664714369366
0.25274427157572
0.598795952797366
0.968814804241642
-0.494815243762371
0.753956461203447
1.004257473213
0.768936533983135
0.367968679526911
0.243679238388605
0.502126617577204
-0.165383881140561
0.201910684660388
1.09732274705345
1.05363095560883
2.1843861701063
1.49680652591309
0.907401902667108
0.22930934439745
0.196616870979692
-2.98724433167517
-0.304033799284052
0.312526957318856
0.172291873639448
0.359827719726946
1.59411697077925
1.05869752345339
-0.0098327688262426
1.40429437004684
0.890099381891561
-0.0573685661908331
-2.36839254138081
1.33619088954636
2.37346779827492
-0.943766775081029
-0.719569822336763
-0.695440469544637
1.48267998255874
-0.737851995409031
-0.558523959760881
-0.854943621857653
-0.923185715454527
-1.56566845830568
-1.1517040141613
-1.23311536275642
-1.32277127759688
-0.420884043406034
0.511925300627718
-0.0535295428659368
-0.365971978930184
-1.29405506567427
-0.568445489842255
-1.64898273579452
-1.98469585645774
-1.85685817368908
0.0422894548529225
0.259747361945252
-0.314394474932909
0.221450480395095
0.388287931368918
0.536672438642376
-0.390353077942467
0.19908629510719
-0.475501839332183
-0.122674743735242
-0.768741110356225
0.63848616050833
-0.087376498087279
-0.16508101173884
-0.89479152691232
-0.831846461839836
-1.88094052331752
-0.62875329138225
-1.30875581323863
-0.603816676809926
-0.385570804488139
0.0746642857324957
-1.50112005812094
-0.652629011143738
0.937941988334037
-0.742147615026614
-1.53403651757986
-0.900582384805475
-0.836331121458518
-0.237627601871525
-0.0150589088573591
0.426988081059172
-0.572525947023056
-1.29675944549355
-1.01957631555932
-1.38114014432229
-0.768483398379338
-0.574270749999167
-1.81984184523952
-2.04667493473382
-1.70873546629868
-1.28269574863191
-1.186406339392
-2.1747037873876
-1.66170431447155
-1.19633454339407
-1.7447162978355
-0.722084383961298
-0.553568900587798
-0.58887514187297
