1.12464167577825
1.04369779506637
1.06829248434911
1.24225357079491
1.28107975191745
1.52962376066164
1.58388161227367
1.61654728952004
1.29973083945031
0.398377446486483
1.3263531406288
1.37301746735897
1.23981186931335
1.1064509777498
0.973455523607496
0.953662015496731
0.795516366531216
1.31658725499541
1.22850272805135
1.46382399296754
1.44245066327628
0.850960890557581
0.423862193096508
0.915155803639591
1.1750602160664
1.00532849866282
1.05040196285047
1.02891398623875
1.11522013237566
1.13619388096561
1.71029768659266
1.4147037017482
1.42779670339664
1.59338888349429
1.66477388102025
1.20710903881809
1.17969563829029
0.758887369558714
1.0140571797679
1.31119158758417
1.4247838741668
1.36882554309232
0.844443402348536
0.991208030564164
0.940154815701919
1.62271011244415
1.47722424628796
1.56360376157183
0.52884787160951
0.0100180582295096
-0.526153540229807
0.168443826039821
0.910966192330675
1.13490825878167
0.053781965411326
0.303348407264719
0.394881214352882
0.108524308316701
0.699111239192707
0.647823393466459
0.913659068736701
1.33308236780086
0.605421824197407
0.665274799019849
0.999158464460352
0.850798909329693
0.931488332689121
-0.028172943697844
0.0218781943276417
-0.177860975699029
-0.651469376401453
0.44512546914221
0.758548564118868
-0.174661968932196
0.266361173933874
0.269851827906759
0.510368063367967
0.886791092932777
-0.480170926356634
0.793589776251914
-1.42736949359647
-2.3318933250252
-0.166766538060484
-0.0112137647226046
-0.16053941291519
0.0961465449069519
-0.825468246198021
-1.31751427689891
-1.16677058835215
-0.430516904741623
-1.14721464514979
-1.03251686786455
-0.947156156169745
0.382243135513171
-0.975910824680076
-1.10962995286619
-1.05074862153782
0.427247122654907
-0.41032638759026
-0.752975067683346
0.0325196356966331
0.057664055872873
0.00645232800313994
0.55438878360449
1.48275457868643
-1.19755625120041
-0.437160965095214
1.01882587947853
0.28782207390713
0.454781910057696
-0.230239074546542
-1.06337747557382
-1.03743065684066
-1.37717106586663
1.36938784456477
0.724219792613871
0.901788771021662
-1.76764206542052
-0.87139764440916
-1.73050439797742
-2.02705219857492
0.367443218721839
0.436668359728018
-0.0766445044602396
0.130064143443849
-0.0605407934416294
0.123392178424549
-0.239862668573435
1.10734599045712
1.17696869923078
0.612695116542006
0.747499636589173
0.535261985460527
0.478957130381536
0.773663242811147
1.23229546087305
-0.257498065902059
0.498870556489159
-1.48455545795885
-0.157109118898112
0.151051809188612
0.0978675703528694
-0.846778635628832
-0.616845393223646
-0.210200964695636
-0.056059747183189
-0.887280351410394
-0.30171970997708
-0.886924924309702
0.0136653664888528
-1.02613671371265
-0.35706179468512
-0.701080691310075
0.0890359437817316
-0.00341812647573261
-0.489786517922923
-0.515772272208694
-0.500628886482762
-0.696376552793618
-0.389944770224041
0.053475475562142
-0.233768310452523
-0.29105741682751
-0.583254444436663
-0.411806759424439
-0.998683251684691
0.233523669682784
0.00328285172941015
-0.519891450189199
-0.889682725910329
-0.784369169829946
-0.563871024403123
-0.929540632866138
0.0355077907429294
-0.482519846209719
-0.242595246515946
-0.823193594067626
-1.25910703539691
-1.30953029475354
-1.02712483112253
-0.72379558456989
-0.448277850566066
-0.871106017643671
-0.974943047928258
-1.10338773657294
-1.21158739729532
-0.231230602111383
0.00683085304731942
-0.369724087159758
-1.39000728292602
-0.657909253212771
-1.06343262405956
-1.31110236370625
-0.858788248328342
-1.14305542983901
-0.988199974898579
-0.777712805685139
-0.0984733730851895
-1.29457238794998
-0.723938627723727
-0.135128962594732
-2.082610404755
-1.58853467536925
-1.65542054344378
-1.74331707000959
-1.48467421682938
-1.86717316546641
-2.14326012486232
-2.41358709425008
-1.92907521110587
-1.6386006882213
-1.67515047511412
-1.78482079297344
