0.346068999858544
0.354077629517428
0.294743100649698
0.368113927163534
0.491996764332997
0.398760704110958
0.40693975897595
0.403263017430578
0.757679033638762
0.681704555853935
0.232903995373903
0.839719325019882
0.110456102879726
0.193770056213834
0.0573021074194927
0.650520216579077
0.445703765243286
0.894422396484617
0.598346639217362
0.307779777991771
-0.00524264297595335
0.00984162381744686
0.100472726070378
-0.183738178680279
-0.19704351935572
-0.100128017193833
-0.287784141917459
-0.285848116654707
-0.132937941092604
-0.230191397767851
0.715596960587752
0.174519341702456
0.338744040695256
0.29179025652584
0.428784606809114
-0.00590968802015868
0.378468120455404
0.531628642064613
1.30918683272326
0.81330448862084
-0.607906095657104
1.00259883817296
1.16599452396679
1.78434536242872
-0.545720561539937
0.481004746466053
0.433160787652592
1.67390234691798
1.07074390028177
0.42335815721259
0.148755347999651
0.451546151118821
0.987423981266079
1.15772241387865
0.925141508577104
0.310543191344781
-0.0641199951261918
-0.327126081301418
0.313783565999531
0.925726565452225
1.37479274937151
1.36131080890104
0.148704131267672
0.594600908572907
1.04285215184657
1.44545670758963
1.81693176025578
0.0213021729480746
0.500589352097545
1.00070152170975
-0.102291810712109
0.168333058397015
1.26985823075453
0.537888103587723
0.83834340418413
1.43625896749369
0.91419550248104
-0.131421966987277
0.232512120140103
0.959777458978916
-0.459046531918221
-0.790703623831177
0.00436159930300472
0.0562668872640487
-0.0407697373090566
0.0337553013346853
0.635301152570057
-0.599151236123332
-1.18022211941545
-0.851113977222243
-1.14547522777861
-0.228266697531021
-0.0222283438383625
0.240078036147971
-0.317836473976033
-0.483582963302687
-0.45082673294776
0.0443004988628212
-0.194445587916407
-0.305331047863669
-0.0678795865914097
-1.18359468344161
-0.641023598090921
0.804048893214644
0.0771167219205453
-0.607234729528312
-0.883128053927018
-0.0038398396814423
0.0525784975238065
0.522641332097263
0.780086335300087
-0.2255316865873
-0.857650776556015
0.0153744752073515
0.104147308037618
0.819566327747682
-0.603952115728197
-0.736965868599961
-0.274129316600593
-0.84008262343672
-0.662271596711268
-0.0145888656443909
0.441016779736838
1.04850016406519
1.18040242682406
0.0914791990461823
0.211290850915884
0.405834138213978
0.168028913671608
1.15964034797634
0.621343671450312
0.58285109364633
0.223759446671734
0.710547995935622
1.03584421658482
1.09143197004179
-0.694858101946008
0.322479159259034
0.405588356593705
0.124865926916144
0.0218363958057456
1.02333615510917
-0.687617695153887
-2.12928437357816
-0.42322091885721
0.185601218995552
-0.355339795703536
0.290864316668653
-0.270767006836682
-0.414085109461055
-0.163471047500087
-0.935993481937688
-0.358169459299061
-0.508189051296248
0.120321875906117
-1.04362589502494
-1.13064020289641
-0.894922929066223
-0.325840894340358
0.259048174207074
0.422981815794757
0.0838611084099084
0.0212884729344524
-0.76327960482152
-0.53916106696568
-1.21999523042756
0.25850467049349
0.34824712556614
-0.989000359203721
-1.34366381847216
-1.5839097631026
-1.41741500491262
-1.69354640508966
-0.700170603218518
-1.40318519867413
-1.12062380756327
-1.75800350648652
-1.00363031388486
-1.94729273106064
-1.92336012970131
-1.73882564740503
-1.68678888661446
-2.757646182145
-0.836096601612804
-1.72843375783113
-2.32667789253123
-0.973769816614299
-0.255742153837786
-1.39022648478229
-1.65257394433702
-1.96876221431015
-0.998461712736075
-1.41238613271936
-0.769945563562327
-2.22152241531953
-1.7997650727425
-1.45420860616519
-0.997699289566477
-1.97624492899143
-1.52084647315149
-1.52928743899411
2.83471862584893
2.61483805950967
2.67175562848447
1.03563629447982
2.38910617792847
1.37605487929506
2.47821344601456
2.460056770957
2.82981450019899
-0.0735618894620422
-0.0100840776463938
-0.887279263388558
