1.6803123192196
0.964762670935505
1.08340427466993
1.07770706304174
0.738614860630313
1.5682137511579
1.62673034557045
1.29300671465845
1.69106866765408
0.914888773660054
0.990904961953205
0.188622188670655
1.41506822607189
1.63444134698105
1.23058512088137
1.12888548226395
1.17238571090702
0.382690043835835
1.05511386511183
1.27614588037495
1.09497162558897
1.91845156662125
1.2809380220214
1.11296376572334
1.3353455766135
1.17353586307235
1.20758643668717
1.07600417283583
1.03773344249541
1.08414789005632
1.4080170333619
0.607669553415549
1.41413410033499
1.39413755094315
1.35165058479293
1.07807484619114
1.90215161296966
1.32164485059897
1.0753455282959
0.242720742244365
-0.966991813536187
0.0224188120079661
0.173976439400354
0.00879942070532249
0.20107380665126
0.240746579212888
0.272420728743542
0.109964507580295
-0.227851137505342
0.114055809398346
-0.0525123694367993
0.511301482531637
0.93988212006289
0.724657714106136
0.915553087940371
0.612919461330113
0.272597211078378
0.41349331201853
0.634364040455595
0.281837942656191
-0.204218388008244
0.524249553721786
0.441778591221715
0.309906961857556
-0.243923490761948
-0.0328018713848979
-0.592911215911782
0.0592352574896209
0.340271206458248
-0.373181781849813
0.163929686713033
-0.592323147790157
-0.1017430946805
-0.408532449755404
-0.841288262212376
-1.42560404225909
-0.666323177697894
-0.601302789352363
-0.95585165796763
-0.827072263997566
-0.0621079986180431
-1.21307036321809
-0.202766828550613
-0.987329396594975
-0.473468138620176
-0.436041094626345
-1.65438794819076
-0.415395989023263
-0.0394726070467705
-0.261637747231828
-0.922673835980318
0.919253750885073
-0.49896440147154
-0.754721210234128
-0.230069716459339
0.591413984172717
-0.287816956570823
0.768975677045474
0.634732928090512
0.651813576035904
0.393793456270336
-0.0869577622382566
-0.411304086089851
0.0567451479908653
0.535002478374034
0.685302479426123
-0.712526243878359
0.0402385383316498
-0.201308617932646
-0.781849592920602
-1.05281919402611
-0.688066757721562
-0.919434618127118
0.615276068269966
-2.03557197896059
0.0493311234808273
0.399479561185135
0.346593646053245
0.361131743258402
0.219905361932625
0.61344653114551
0.735759015933326
-0.740988391522437
-3.68748523065418
-0.3342444998056
-0.629177174273391
-0.334273252151428
-2.43579354669535
-1.34226526824022
-1.27666576653379
-1.35833337476366
-0.966216907467508
-0.186207522741416
-2.56063834443131
-1.82914052118224
-4.06316133550164
-1.95863302987931
-3.15423177454715
-0.896443137444284
-0.239117356918223
-1.93275432553722
0.136876563163427
0.377158733679047
-3.3814820927047
0.187035732503367
0.291105987410637
0.995785865962473
1.20025282212815
0.351401552067003
-1.61369390529262
0.117807123998589
0.0571445839396538
0.570176424250141
0.766043224112616
-0.171809576080816
-0.0636093036582026
0.679272110083023
-0.404513933204413
0.618040358636335
0.90775580506502
-0.0397282480522614
-0.165821972502455
0.0208204721805098
-1.61218659133239
-0.769077495701589
-1.28242105753575
-0.275410982077339
0.00542359877687282
0.2654831303063
0.187578440554557
-0.0878266408200062
-1.6101631469005
-0.689701603028438
-0.58004552240082
0.594229228514596
-0.268278063514444
1.14316007205879
-0.42004036723373
0.0821178863944117
-1.03714645952945
0.716844277922347
0.482884705339434
-0.117585467583557
-0.353762508554196
0.890997281944677
0.521380854975561
0.698719779066183
0.589068419044381
0.519208477184467
-0.932301274475019
-0.275642396613301
-0.608614108278493
-1.18967352011393
0.967753158458085
0.411679079990546
-0.0758082334639949
-0.155075976513054
0.321119070211907
-2.15012916954344
-0.224580348957651
-0.723017628259769
-0.0984724805522877
-0.422561784096828
0.0825424252348821
0.201946777648626
-0.428276612689266
-0.526501978169539
-0.387380387797678
-0.460695245277656
-0.521809649601068
-1.01674170324926
0.016007496526739
-0.601673119580403
