1.19621123722655
1.12661227072409
0.446099236808897
0.649251140726494
1.23081237627725
1.14808755320256
1.27008912235189
1.3815507934731
1.15163740219501
-0.289062817427518
1.10290674505132
1.50122547380202
0.527500880951326
0.25032623286617
1.38531778245067
1.36743611128577
1.85017984993213
1.00257939572477
1.11749931905922
1.22070904227704
1.06577092764514
1.01814126725105
0.73708699626451
1.07059646965283
1.04751002969128
0.702889384135282
0.7878071542879
1.47033386528859
0.773808668691666
1.20608369182391
1.35236786218509
1.0122124749952
0.702406814910652
0.883078549811411
1.54755042945572
1.15750788590992
1.23397048914826
1.04346097841151
2.23909111805803
-0.343347308085222
-1.95956462800661
-0.616481519751697
1.80868327652941
0.942605276853885
-0.630027578973604
-1.12894732376206
0.654077466399076
-0.46819769465585
1.12169000304279
0.245567454351231
-0.0742100019071479
1.19661106330428
1.85516599410897
0.802107470759017
0.143664994965046
1.27076422576539
0.259823513136817
0.658266735556878
0.328590818309298
0.814310125847145
1.37475251965081
1.56285594755032
0.774910556718722
0.692403526950214
0.805204412952897
1.05671125338319
1.82417731702161
0.00313605155960016
0.656392337897416
1.2116035907043
-0.201324592729712
-0.708487210503715
0.671015709743586
0.039894996190901
-0.0352494990244496
-0.0477404680119873
0.407548068664201
-1.27383347536014
-1.45790577758716
0.156702982580288
-1.72012382575679
-2.7445010068395
-0.776199359928688
-0.994206205574702
-1.51326254602473
-0.897816930294737
-0.652915642481895
0.640135262741485
0.0247878989249094
-0.274383030554631
-0.207163658907488
-0.0598003056256483
0.397057264556359
0.400921255277515
0.149494550563492
0.651734835438499
-0.258373336175176
0.299562482957266
0.467159027090392
0.106743355018157
-0.0957695910776038
-1.20079766982465
-0.46041793991762
1.572461603555
0.366904786880993
-0.232519780560245
-1.3928443028009
-0.384467361428121
0.494016920000331
1.22567289815246
0.704590417799332
0.409433056311552
-0.780109363993357
0.00439659918254889
0.254850073636663
0.291200976835567
-0.230111276044794
-0.329366897874051
-0.311237944935372
-0.629986863822922
-0.20753612282642
-0.395298220808308
0.585964921476883
-0.187088407120055
1.11250621009468
-0.17741620169423
-1.4726550838245
0.18454943817293
0.669785797435844
0.67092902329072
0.180129225036653
0.797770335382766
1.19501141922508
0.670203321198644
0.383386643803442
0.503472991972401
-0.865746243583603
0.571295699863095
-0.381473655671095
0.729807644420599
-1.86240802126603
1.40306216154359
-0.283857902182581
-1.42132564804376
-0.59008956133471
1.00365548421162
0.33408738645174
0.462845563361238
-0.796079011708727
-0.243802985092768
-0.826157923108197
-1.06274498489086
-1.03025205050734
0.251544473310164
0.310125602563542
-0.449172604099678
-0.943577845376774
-0.688890437725477
-0.381259275185946
0.274761682784281
-0.865513888618445
-2.01940142250693
-0.718630908083039
-0.428042294991934
-0.716971874930398
-0.907059311265364
-0.163230711494597
-0.779218543985528
-0.116960265356827
-1.69645165646668
-1.01680198763949
-1.47521463087605
-1.74823523328658
-0.283038607960774
0.0794534123404763
-1.32573637150849
0.543003534390934
-0.984420756309081
-0.895993328234821
-1.69988392448998
-0.318502913033545
-1.25673388547614
-1.84060258153952
-0.556062872710662
0.469315014847447
-0.522710776460238
0.286749755795167
0.90947943621509
-0.352392488930912
-0.954209950323957
-0.611714244784991
-0.0225180119743001
-1.01121033647262
0.341569114438564
-0.538182070844162
-0.369247385002228
-0.564508807219497
-0.952149917137757
-2.28542684620854
-1.86911679586665
-0.321353004149264
-0.789259200251221
-2.65801779005722
-1.59951321065027
-1.97686218380502
-0.963427150853034
-1.70745410273498
-1.71720535026638
-1.21046358110378
-0.997241782006162
-0.638544848960348
-1.51123840919445
-1.09827013474728
