0.627329040100106
0.874853396025066
0.846909803586667
1.69698930754432
0.788829865447965
-0.498870073588488
-0.160505031469328
0.334598312104436
1.35831478441423
0.686768269873905
0.556865649652759
0.417374800254514
-0.0068447433719738
0.426590368873652
-0.121553811568276
1.36077053239698
0.42838738136672
1.51911234781611
0.826448466050733
-0.428370443365201
-0.295900564831593
-0.0104092343918992
0.579777750859962
0.0292169551537418
-0.134789660921078
-0.237176970402964
-0.493243396562533
-0.580767997383593
-0.0145444326556672
0.329105582483266
0.862932177193059
1.10032573363326
0.457234059989787
0.057600610024473
0.318582814484307
0.197780556085914
0.52993565274789
-0.15927246597258
0.657120935067578
0.259762323633579
-0.202192877807167
0.930287936133233
0.583322796732297
0.786157474578547
0.0686475725714126
0.554944684163936
1.82231508780735
1.38949104973939
0.610797163265542
2.07054328726331
2.17693234675344
2.32733665523692
1.20423270044185
1.57196615103704
1.11780322720731
1.10270518434009
0.0350860193606444
0.535883100279655
2.07474707097613
1.56731381757226
1.63042387221011
1.37962511173742
-0.909910896450039
0.512280291805618
1.65959208078251
1.24814276794002
0.750690305207514
1.22608997424658
0.0132270504358421
1.03640013580658
0.107200343918553
1.43561787346069
1.2048828512803
1.09296478302267
-0.374145189384274
-0.077733764951094
0.212535283909816
-0.246595772277772
-0.0793972577519888
0.197186146734795
0.177779368301495
-0.821308034189393
0.826453503022309
-0.258026433550958
-0.661563527768008
0.731805207430887
-0.316842117272803
1.2048382233711
0.863406099111115
0.930698175170541
1.34876809483581
0.314187355509737
1.04420250381549
0.497001326260574
1.28299171799486
1.04402041998249
0.243108808065241
-0.466095441881715
-0.107363504752818
0.864733729328032
0.700806319700291
-0.259936779345761
0.168673429883019
0.783853667326343
-1.50823319205198
-0.614482006017524
-0.798577994366586
0.253656901414251
1.35436957059139
0.922412343998552
0.923293711940574
0.692093709117158
0.175363274695464
0.665623448524298
-1.48547873309334
-0.474923759639231
-0.844224576487798
1.06991219796161
0.67959627183295
-1.24209359581353
-1.36000110616176
-0.92633787417949
0.175694592375208
-3.9430452754259
-0.660342066279948
-0.194349199335754
-0.0865475178468234
-2.15692693967329
-0.610835726305963
0.157985751779661
-0.143584460707481
-0.567727787906158
-1.18852625632265
-0.287285497244846
-2.05560188650633
0.201961729036697
-3.48542200598621
-0.903217610520268
-0.129489584630395
0.165146094438314
-1.90607052515263
-1.3781500377446
-1.22931472161429
-0.648517714398253
-0.489071957430539
0.42464164426393
-0.024506391927604
-0.57965248867317
-0.435029721812259
0.424757910785496
-3.0191932334525
-0.805285256317614
-0.524962153102125
-1.63057375545811
-0.631971083168908
-0.693135136401351
0.400766842181911
-1.07096133096207
-0.636664676264119
-0.43307852352177
0.088805886233214
-0.522899048422705
0.437707990734368
0.12754321737217
0.647625655671693
-1.49515134217971
-0.075654732377957
0.322444682462997
-1.19198390341727
-0.105729899871132
-0.265442406969898
0.211935349976248
-0.759385896286244
0.485422841794374
-0.470958532296377
0.326189645357876
-0.151696341916772
-1.29490837507011
-0.341702533058576
-2.51459511224517
0.019635389464449
-0.0246739109707762
-1.52926701696051
-1.19315854637246
-0.449247344249097
-0.775735000675467
0.682099377902856
0.36108115653109
0.121320807913034
-0.782657855341985
-1.48086411933991
0.171650502745088
-0.376970757338627
0.137699784951551
-1.10916469989509
-0.0528505778191561
-0.130029920105611
-0.157043586324375
-1.587413455628
-0.232257903058847
0.859536533119143
-1.4617706362206
-0.978109567604867
-1.37231581066293
-0.986862077369787
0.14302987756789
-2.44777081000525
-1.55931966030425
-1.43514851294761
-0.914719150606707
-0.802651261027217
-0.0360834371852456
-0.432274792768791
