-0.780528444634329
0.0855103178806919
-1.1425194413077
-0.690131449175743
-0.780691519067498
-1.22174192295414
-1.33962354925613
-1.43222593937845
-0.266057653843711
-1.2530686110318
-0.905513750063336
-0.171819339978512
-1.35622304711393
-1.11511627789638
-0.991681471957161
-1.15959760882027
-0.997208504991761
-1.04798081819827
-1.08338962166684
-1.43598044317676
-0.762139959269049
-0.162653494428814
-0.153314598484944
-1.29225426596248
-0.895399757573304
-1.28309591214195
-1.00471711740399
-1.48069629797231
-1.04899981620696
-1.02027669544182
-1.07240972244682
-0.730118845038553
-1.53318700930823
-1.1272828521151
-0.9845572992163
-0.506356700575181
-1.09195291525857
0.84787192346156
0.0941069825221654
-0.116468887850221
-0.785640307157823
-1.33135608131879
0.872365685519428
0.593359640824618
-0.614806103006699
-1.42689203869183
-0.957461880642104
-1.36519053290729
0.947699668386999
-1.14354936400942
-1.338734691847
-0.417201513459856
0.190738227132261
-0.493115962091427
0.916501516520719
0.703897409879392
0.185731500377924
0.181788629729709
-0.729349483629096
-1.16054748563522
-1.41839706493046
-1.21885168436532
-0.218641841990085
-0.588924865134626
-1.08604742643179
-1.14356437712639
-1.01893021227398
-0.112565731303842
-0.0574627093372148
-0.696873180949125
-0.0524170029412754
0.0233618862704608
-0.790170234151919
1.53726267929257
1.39860741815991
1.09700918989122
-0.169651963527922
0.0319537404576092
1.31608749510447
0.500168480729559
-0.0512265911688846
0.162382055243534
0.560916615584157
1.03757808727145
0.534864350983076
0.0315530440976376
1.29808587653475
1.60910620223525
1.32551252168977
1.3353863920524
1.5075028251939
1.20903381444508
1.0554215115536
0.676063889998359
1.44827127335639
1.27518742646478
0.818894143616895
1.34658025311467
1.01771304551875
1.05711351828942
0.978824542237884
0.903244162219104
1.01914677945143
2.0068640267666
-0.386163524886376
1.10893329946285
0.0187282639502831
0.0577992605195374
1.5647910312372
1.53632427053013
1.24683539799933
0.886084827947111
1.13657305108304
0.896389827310887
-1.06564815867841
0.166424156053348
-0.28049289053507
1.26291598187065
0.891111722897784
1.39305799241491
1.40787167598957
0.602315748514587
0.224244424067018
-0.985315136260505
-0.179392718622534
-0.212948275390097
0.373904443192355
0.872471099146603
-0.0580044563777419
0.862783066828267
0.695067836935685
-0.834739341736664
-1.60589569000762
1.03338224633245
-1.3172498129249
0.698514782123982
0.117166935613374
0.16579815549684
-1.32572725645872
-0.860403188848484
-0.397169623665732
-0.0387813408463576
-0.566943503823637
-2.26215384544485
0.524069777986106
-1.94321229259785
-0.110296496450152
0.570445060157994
0.709295351745345
-0.439832299865746
0.977040449275528
-1.72364707065515
-0.640694018214557
-0.142466411392879
0.0785850250718377
-1.96692899199066
-1.97164923953138
-0.685497248908883
-0.0430165316649344
0.229034278410842
-1.30057824411402
-0.921113711275743
-1.45126423398324
-1.08607447512055
-0.947393442496057
0.252611579164387
0.94206926055877
0.575033429654953
1.3339117443132
-0.663617590312226
-0.464368229578722
0.371795735810638
-0.0321548980232654
-0.014816354753596
0.88198401575084
-0.553984213867022
0.142610036804431
1.54458779993752
-0.338408011300703
-1.07250208207093
0.0930436831066698
0.327336581751055
0.147610417260568
-0.531179645280685
-0.12123700927352
0.453287976105169
0.796405755102516
0.675172501598456
0.0193484995426467
-0.466819221512548
-0.429470660973259
0.479203912200723
-1.45711049190186
0.848437517670234
0.102222675764656
0.143403104812606
0.123280535746249
0.541310380400511
1.21371990703356
0.0320016624443325
0.0816911103984233
1.80250608766229
1.7252777264711
1.72172419160895
2.04304852404598
1.6350604753939
1.71842969100217
1.72852890758616
1.63475153182339
1.85509961769728
1.40295995393837
1.35696221952631
0.92725683293993
