-0.231387757518559
-0.445993190453233
-0.557402972504366
-1.08540967977453
-1.03639464610393
-0.820056129775051
-0.825326165621424
-0.980757490979944
-0.977380699388159
-0.200540009913186
-1.03689525102334
0.343783749361855
-0.76509502291816
-0.530903468130179
-0.13527814358431
0.555386582094637
0.243828882732108
-0.789363672136128
0.0922123446957354
-0.971358166248092
-0.843294231959189
-0.654734061078139
-0.600437155684097
-0.959057408875288
-0.855566428193002
-0.957376278271933
-1.03161625330344
-0.882736199818858
-0.896343238527478
-1.11043799423135
-0.775933104791576
-1.03254617820822
-0.956019630645308
-1.04771830449343
-0.856734797172913
-0.973374340594786
-1.24463783341456
-0.802369135121898
0.766068609241121
0.604559017611123
-0.650972335055717
-0.642211672614722
0.849245772846304
0.268008064014497
0.284792022880662
-0.903026294891706
-0.930413595250863
-1.29689775536841
0.849482641947324
-0.491900002868151
-0.848485601796549
-0.319113472405898
-0.0113217601600775
-1.04414081787999
-0.986485083266183
-0.744540196275422
-0.909762595534797
-0.755063633584109
-0.729091458210873
-0.403786924400951
-0.600843858517033
-0.690859159874426
-0.908171913026941
-0.995943461567791
-0.568593393968145
-0.548066430507719
-0.5877280004235
0.21689189417027
-0.12102523196333
0.0932773713099724
-0.209869783441551
-0.477137677804554
-0.568967906005226
1.62299861430013
1.04934801988971
-0.102915715608619
-0.397238771022428
-0.857961175689719
0.634034970408283
0.155945101901015
-0.367067793276486
-0.209524406554076
0.481925562634364
0.0940990176022469
0.173991941688687
-0.181084637617094
0.537172458522525
-0.661827011029863
-1.30727361529376
-1.09804907154138
-1.23698813473947
-0.447576466139261
-0.87059217193924
-0.582093433862977
-0.298329040172882
-0.284434787906569
0.0576460988248322
0.0141178220842998
0.114851748466693
-0.967997990160771
-0.928746647576038
-0.612869609925832
-0.264263832631805
0.02923606120551
0.109268834062962
-0.123982567044006
-0.747546332285208
0.514625596883969
-1.12801431752507
-0.279842657518244
-0.349013109075021
-0.964871388978059
-0.812313142933993
-0.804502618183672
-0.602411988384979
0.361745153448653
0.505133993753243
-1.18447536089679
-0.252689731529992
-0.958035485910785
-0.716576528175789
-0.425165458894708
0.889236220439701
1.7632905574205
1.6053385742929
0.713041307955217
0.307573362373996
0.658080692720816
1.73205178949358
0.610937500698782
0.576731688206562
1.2036504788665
1.43742205424271
0.688523863925275
2.3667345389954
1.41342900482198
0.557698889747858
1.24525796455779
0.284810534129265
1.77008307903185
0.798100417628034
0.856043670849011
-0.650949061968614
2.36626279124225
-0.250690308704484
3.18784295809141
-1.30994674225531
-0.227467000541839
-0.698374532335479
2.57001754792
-0.913203346342488
0.907033276194279
-1.14349275247025
-0.520584883830999
1.7128245057515
0.749185118803254
0.79280504346054
2.02461445321708
-0.915858775768146
-0.199932136009598
2.80808111625395
2.4546095516907
2.43068330171254
2.46774885825476
2.01054346996393
-0.0432876444554397
0.760415419503617
2.12015282154747
0.790702325649883
1.04470634160223
1.6969338917143
0.126793654842505
-0.467179163895896
1.09547710531554
2.30488489844385
1.07620985273161
1.22484586749793
-1.27046924730208
0.516291610622436
1.38951897775635
0.516124388514442
0.470896113075455
0.990186160314242
1.7289031979982
0.330627262934133
0.678735560329905
1.04639758548862
1.49005864231734
0.48783258109597
-0.738938499526376
1.24914338226314
-0.240132337001654
1.44806591239181
-0.585766295336338
0.0647468073394809
-0.801197585090273
-0.413768662917816
1.60883343806452
-1.11565409102204
0.423347931125467
0.787985938258072
-0.900939815171673
-0.299335720586815
-0.986788272918542
-1.37727366681106
-0.137293219781764
-1.06470781476939
-0.68353121321613
0.0121149345262695
-0.822905347120501
-1.22024833459824
0.574638840498371
-0.798451046403319
