0.516483743203386
0.280434734384728
0.669511372806055
0.939117911049732
1.02039965214221
-0.289385347726969
-0.162065368787049
0.132340156202792
0.621528299924912
-0.724359135956413
0.875538804982608
0.401205748153387
-0.15551695212868
0.150245905095515
0.0093308060140866
0.41194899663455
0.0319277271605787
0.154531943011067
0.700702352824195
0.0663945490391345
-0.234806036213505
-0.0382022416465518
-0.119436279289811
-0.713399283974822
-0.384660048425777
-0.525811118332853
-0.608706055127971
-0.448890216975088
-0.485606689472577
-0.594139777982247
0.570312405563007
0.252797695482529
-0.273172658669013
-0.246170063435138
-0.0458427360425196
-0.442895922510371
-0.0744553268710278
-0.410421061927979
-0.703615364196312
0.236429470157044
1.05044695210267
0.374017401964237
0.366378236012021
-1.08846368800243
1.60936887579065
0.0440070630437662
0.139372324905156
1.03798759508725
1.42244305364068
-0.176023825345871
-1.06166785446755
-1.28859860200516
-1.36371074771873
0.461327963685002
0.181541942247689
-0.027194832697613
-0.560077741898526
-0.578008916490656
-0.643817463498749
0.639818654369314
1.53927436774461
1.88545464011476
-0.0553998011426565
0.209647869554761
1.17707435247745
0.803013933666314
1.69658233681323
0.776920159743282
-0.605040902017774
0.694095957313046
-1.78089075727691
0.718208916053559
0.906840750909033
-1.50632163224414
0.471186281049375
0.371820925967328
0.610481134571214
0.0811972321964239
-0.646817403495686
1.22137497959182
-0.326731954695511
-1.05097640445834
1.03649601686867
0.560660365624423
0.470185224290309
0.543356182274308
-0.544143540173151
0.692631969382736
0.726885973625671
0.951220069648524
-0.223932165166157
0.213633347272048
1.49342550786428
1.69576431349801
-1.60089143292519
-2.02026218806791
0.0885463772696498
1.35566743276583
-0.0940927830036789
0.780342414357759
-1.69849850309119
-0.759060112996001
-1.45946505977973
1.80636867086694
1.33499216735413
-1.08824831712679
0.158528271311719
0.710110918164479
1.71828031503184
2.27065064010159
1.07451923073971
1.00373629668549
0.287452971237972
-0.0500034841552875
2.07283139550589
1.72224035072084
0.778218754371177
-0.211829558452706
0.148797022438512
-1.96173247023967
-2.75723951321045
0.408916116628316
1.06210585960761
0.204723615721532
0.859913805209229
0.476297252920038
0.552305118406615
0.387017944422729
-0.633076781980949
1.11450450180514
0.799807698118267
1.18151419185129
0.301532279923203
1.17595992979657
0.480772640477642
0.548327511708867
-0.352563992063674
0.655541638180341
-0.239511105944105
0.152469868671093
0.261929468488886
0.632220890836901
0.500290432421835
-0.692671571715022
-0.308488545361333
0.600827904377004
-0.654297977781452
-0.206249204964196
-0.72430982516758
-0.79999928705015
0.927951960874758
-0.217628173154992
0.405774322225471
0.862573169190618
0.414799577923735
-0.243113159169602
-0.237419659092875
0.0696476899941828
0.252888403087132
0.594068446455024
-0.399458334402494
-1.45938794132885
-0.0726409716667838
-0.759614205890202
-0.588311388985891
-0.813158167360421
0.773061174331419
0.247769207489157
0.0871473988704418
-0.824972198550557
-0.829302888044818
-0.422996095136236
-1.24102167237617
0.744393127678131
0.530704656554003
0.41499272850536
0.701593169272975
-2.02726658102222
0.170049149028537
0.841560430160793
0.541702066527967
-0.507860999028048
0.143265047627479
-0.393876548873695
0.440060751224669
0.762394527646404
0.215434567978937
1.65113616257437
0.519818246829924
-0.524391451217872
-0.173523584381377
-0.0834237016037627
-1.12787608395828
0.648504865615823
0.144253747576031
0.454983459504387
0.184934465696883
-0.121809958575127
-3.02964616910132
-0.582624222622718
0.180447460558356
-2.1379434475663
-1.82547075678469
-2.62302726865412
-2.55773388944318
-0.66425929848831
-4.04914123993948
-2.05524848896529
-2.3105235919996
-2.8771465501721
-1.30956042352575
-1.09643170055583
-0.799818579090547
