0.663581069582337
0.412620330521637
-0.207379495681643
0.29460750315382
0.208983236409712
-0.106874092503569
0.0255928730748463
0.0181237536711446
-0.0976766724672619
1.93014514596901
0.00539375275390867
-0.497849975000909
0.169138909594831
0.0112593147266581
-1.38979940974251
0.0389313919608353
-1.03493915692551
0.230519833940917
-1.00397488875062
-0.857349807147002
-0.309658819899279
0.269653736905711
0.413474244508796
0.129328305495693
0.776642262438194
-0.974252729541105
-0.0468619758907226
0.168195849840341
0.513924001727967
-0.234972568589309
0.118748848297284
0.470135422543432
0.052047139313597
-0.13176007792377
0.06065930667127
-0.501502575820728
0.169981878177443
0.502584457457023
1.31299048151468
-1.02284906641222
-0.855579713187423
-0.123364471747502
-1.30607605109433
0.406261000812264
1.22239161622422
-0.649947609991658
0.283790322868299
-0.76196427758313
-0.828093364338631
-0.230521147412534
-0.316406324152412
-0.0944839874809585
0.621721921136066
-0.636094237578071
-0.121097897578336
0.00761927188381473
0.644740438473507
-0.222787086418704
-0.580216428676565
-0.408348960919564
0.0296016761815522
0.664683469398078
-0.911355212646726
-0.677621725784623
-0.502120245579764
0.0396838685842082
-0.300340369616595
0.766128898217971
-0.521857190162472
-0.113228424757775
0.125538830438282
-0.20207339468407
-0.397668886448285
1.37772643869827
0.186912385416713
-0.262266973192591
1.11160715765296
0.511855212474846
2.08616442056495
-0.0480283185000715
-0.507032082832026
-1.34049251803272
1.13517186516827
-0.520978724531781
1.27306686982865
-0.242082180624911
1.26994124226462
0.701000964135097
-0.770599798990171
-0.541949743744645
-0.191601844164215
-0.573805147267347
0.630078777497264
0.50553136489342
-0.683514564262543
-1.25739117005501
-1.00379190630915
0.409688759132569
0.591556785804931
0.112311533697075
0.769740757987191
-0.679110479913293
0.389513663886675
2.93420002279492
-1.01295262167121
-1.02068604493154
-0.355415272840003
0.588042827100446
0.20874211468555
0.393468350291474
-0.523469616811324
0.320025594754309
-0.278050766257629
-0.512555804950283
0.231856091035479
-1.57749899489896
-1.34933960959173
-0.56371716814493
-0.885463109990174
-0.53124990544947
-0.687894662946799
-1.47628212756616
-0.59710959785684
0.433838965755788
-0.384985103418423
-0.513906804265251
-0.00439907602995084
0.835205884102445
1.13457810304962
-1.0685442031724
-0.797128571738006
-1.57051382377709
-1.81114972601931
-0.297100313606381
-1.00174664599244
-1.05261146530054
-0.915322272408882
0.141743855314336
-1.75031548665757
-0.700940098911806
0.679447331618476
-0.583539183597974
-0.210283363785867
-1.22571001459017
-0.142315431180265
-1.24251814944109
0.0736268893978063
0.935754353155751
0.857399061566336
-1.09061542312349
-0.436378925348201
-1.10269124139675
0.35640480953601
-1.52497532676214
-0.57984278347825
0.198333498840485
-1.0366056259746
0.117038040696709
-0.229712378686073
1.33979621118148
-0.961648908659414
-0.0866869927416589
-1.53829911935848
-1.68709127683745
0.427198373306062
0.328042821064481
0.446536524393903
1.7295307331873
-0.633807612263075
0.510914404288671
-1.15411078961917
1.65086067835452
-0.472403863139007
0.727403037670976
-0.904910707839825
0.554517192541791
1.00657635885493
1.51302029936361
-0.687836628703834
1.79288863613813
-0.445935691357738
0.152157531295189
1.41403296688663
1.72999245780544
-1.25709666086247
-0.808962542574269
3.63332120795879
0.293021900337826
-0.444027876171112
3.91144459219226
-0.0732835331605707
5.34532722064872
-1.20348065306333
1.13322685705878
-0.231973610179329
-1.12881808164886
-0.768778228387522
0.279216505238042
1.40218365826662
1.26174226024603
-0.380379704983596
0.271517193672281
0.896456031991779
0.289543276735916
2.42075686455106
1.94045378090566
1.32887133282081
0.130005874921599
0.506241166696685
0.43924388279063
-1.30522521524329
-1.01195088925658
-0.453201089458086
