-0.831719290739846
-1.14046637598621
-1.03725055016833
-0.437223637121053
-1.3251438191032
-0.301824825600518
-0.495629841364457
-0.404528544572339
0.14149440889718
0.235153818664407
-0.807501372812361
-0.731604363127435
-0.844187657093023
-0.752712091055513
-0.571309112890319
-1.25169888476376
-0.808766172789482
0.396976713858958
-0.991537446900335
0.246486550738396
-0.449492032132467
-0.454091331984844
-0.201578766170864
-0.821309041349821
-0.614072922316671
-0.949086156422758
-1.18994338617808
0.149571389057894
-1.04796470053497
-1.29685179336847
-0.0408641002881999
-1.00475532500627
0.0050526104066349
-0.702686467626737
-0.576087062449544
-0.693175774170495
-0.920233345702847
0.179177720125551
2.46349548580908
0.7080627295697
0.67699258810622
1.94451988866578
0.0209406745079723
0.077063327138328
0.595662340444136
1.82711876300267
0.233222202437524
1.33324284298015
0.904717533788442
2.21546035369251
2.02088756960915
1.64696211644139
2.46382215590324
0.418393312190392
0.482157106987916
0.938385377236056
0.49079174211456
1.07166179242189
0.363952242591557
1.34914081508048
1.94134357361725
1.89552815591666
-0.473720255131625
-0.00146711269929964
1.44525358759698
1.26613878118953
2.26263057224237
0.97452478944388
0.845019878915149
0.820799113317526
0.582879335646156
1.04194317570363
0.421938988627675
-0.922316356782549
0.125070950033174
-0.587642915143959
0.165514499030362
0.89169513186675
-1.36543347119992
-0.133807002137928
0.245404149180426
0.357404536279052
0.517264443319433
0.908800945320626
1.04453409313813
0.688832022136216
-1.20584859866674
0.142978208953328
0.10170112663794
-0.512290433779203
-0.655122383685781
0.32397593727546
0.505876989243838
0.895177954415232
0.850317506750194
0.926267733804424
-0.765633568444248
1.02340404695382
1.61080015785939
0.406194023119514
0.655652736331144
-1.49720334626412
0.0975589887303835
1.10584033952233
-0.373197546748893
-1.2841419046441
-1.70950381874223
0.278024596574937
1.11760704519337
1.51630340350602
-0.103638431046229
0.0577032337134061
0.209449620969268
-1.5434643765365
0.0522102647328045
-0.609004465908444
-0.403992187152662
-1.22611021524115
-1.49430320011823
-0.326178574220587
-1.20474947426728
-1.82547697273684
-0.634103491413453
1.58797375921277
-0.348293799928795
-0.144173000666234
0.265938449031526
0.609180728210612
1.18445347443704
-1.48734089031381
-0.406052744417624
0.74395612116762
0.716217177033891
-0.421521828031321
0.172969228582499
-1.76009373221998
-0.0621459915477378
-0.44044878461232
-0.686064977914801
0.695075053835078
1.37638036966097
1.24449678092667
-0.190479360664592
-0.317423855186276
0.0611625128785734
-0.0731042061122278
0.0170892168931591
0.670060672151898
0.395149859662981
0.613012167506462
0.0346189019095758
-0.771260511206634
-0.207189453494826
-0.596885331541856
-0.0701739050805854
-1.30165325421054
-0.921863629274132
-1.49085587323035
-1.08828341642999
-0.451800347946241
-0.121259165661984
-0.622645458507858
-0.590718013775424
-0.918169683667982
-0.817703003225417
-0.28540971226005
1.02210790735552
0.116823508940941
-0.534580962511924
-0.793262346594852
-1.00858706067261
-1.15914505888583
-1.14491877643144
0.402151163518192
-0.995649507416189
-0.921341014108976
-1.26484807691251
0.426590716662136
-1.240326172937
-1.59987608030501
-1.05766134583816
-1.14683680719081
-1.03171864911425
-1.24476493741556
-1.16310212161669
-1.08712693192601
-0.235581502630424
0.595795185151293
-0.901714897948269
-1.0687237089925
-1.28212801144702
-0.691926172637454
-1.26260747018592
0.278754868177399
-0.853017661370901
-0.756841598530364
-0.857429848089623
0.21149230477113
0.475915467870308
-1.20538440586153
0.044674683468168
2.0081830133587
1.93347127768942
1.99785944313407
1.79636000539079
1.74339906050801
1.62670014230355
1.93849265356438
1.89335316752085
2.09846777107584
0.279216074381498
0.365287501545552
0.0928001544396336
