-0.123115747351376
-0.123804394033397
0.53438292798594
-0.51249647225225
-0.037364715955828
-0.383342317491215
-0.24549331791655
-0.20582951054598
0.164512493395407
0.390229345645198
-0.332164722451827
0.457056461893762
-0.0592385571767631
0.134892534336772
1.27352670945646
0.226105663147628
0.530639129588106
0.701057600503376
-0.145888521312458
0.511386588639454
-0.0496401445200233
-0.0823900732593536
-0.215562999391579
-0.178601369784857
0.0564709278261806
-0.298656281359087
-0.282115780622397
0.0617815155412733
-0.198460094620374
0.538919983984377
0.0864232689554271
0.344677071093327
-0.694356146082228
-0.141966134912734
-0.346415441628451
-0.0634684200740398
0.195431456329208
0.42683102650609
0.593963471587678
0.299317739839655
-1.04025360941714
-0.80491370452123
0.501532069089842
0.118617769693619
-1.16341827654593
-1.21807842171795
-0.161196096892633
0.674935772051143
1.52706019728446
-0.131814160974534
-0.237859085356452
-0.0432867810303384
-0.0404505032130651
0.615639374458458
-0.254018200790499
-0.394165626508547
-0.108961432893185
-0.507428221012565
-0.62228134693281
0.807814666391914
-0.42224015111745
-0.258196219066392
-0.702189872003483
-0.483400631544808
0.147638312867419
0.0630070331905017
0.123281209739266
-0.900837559924958
-0.452932670695503
-0.931822533850181
-0.400765202844164
-0.765709051566135
-0.325137786219086
-0.396316139298464
0.632157820867698
0.25476061766655
-0.759544433165476
-0.89826584345696
-0.392563345105995
-0.358488383199479
-0.757009237704203
-1.28926486391069
-0.651251965718755
3.15839187780703
-0.660691890328337
-0.915888070894797
-0.92928136713954
0.252698665776126
-0.484223853684856
-0.635913387827754
-0.249578138647571
-0.607968662854294
-0.793102047597831
-0.355272145402894
-0.385194243205361
-0.240031334180365
-0.474239354537898
-0.167015523902658
-0.561552041129447
-0.385877669500427
-0.40115739332468
-1.08509014995876
-0.582677695772749
0.10713039085617
-0.345454422325656
-0.769326376088399
-0.904890903941713
-0.793047041428534
-0.538475571917947
0.191221550497826
-0.288935994205607
-0.497935535627071
-0.727447691417689
-0.606419727979672
-0.0999881100278277
-0.750284485108988
-0.842873521873836
-0.775245756937036
-0.799427993050517
-0.884980451781352
-0.890806679940262
-1.05918165477265
-0.239725260362368
-0.469444547061357
-0.823047489755158
-0.85914776698623
-0.396106856683629
-0.510556495339108
-0.474879977749727
-0.64797012115413
0.207946167693504
-0.602374560175311
-0.517626855240945
-0.465736344088642
0.149423232073775
-0.825169439387296
-0.297837648694348
-0.376598964385928
-0.748557253512985
-0.881262846793934
-1.14534957792352
-1.11033994129533
-0.86013640666833
-1.14951706138381
0.209762838833343
0.387354877641673
-0.678546793261183
-0.741408684592346
-0.104906168268302
-0.17212568373273
0.424074950970459
-0.848962698595984
-0.617773492998947
-1.3103175308656
0.249224604068253
-0.214908852259291
-0.885138594634174
-1.10768562682163
-0.489899409204883
-0.282287387237475
-0.161016250541721
-0.261480586587944
-0.673697136824829
-0.0416383927324104
2.53070405260394
0.0714538780640489
2.75558569010268
4.73036462418887
-1.04695595117877
1.52316588297424
-0.0245280517856199
1.03698536778375
0.161131508691358
3.57841716208454
-0.535858897366707
2.60355655149581
2.80592822606751
-0.766480734446938
0.0849876067145814
1.10686833212257
1.32811748934864
2.51440811695873
2.80579830287788
0.807583651783003
1.13295594878952
1.13969248707269
2.86557105980559
2.75771426115996
1.17193095602096
1.49113822456687
2.48437172192157
1.20889355321622
-0.735901885430671
0.10978708562409
0.772741743023851
-0.126781602260447
1.07543201049434
4.38960953566549
-0.915890814505121
1.06969238947209
0.916575658435217
-0.166311792051758
0.0671621873735035
-0.344631246989608
-0.346183591980646
0.868237539985104
-0.549154439716559
-0.165432653546414
0.15844946212908
-0.367341419647915
-0.996741698213829
0.801428294774038
-0.0924375869874925
