1.08578054792618
0.598792952699616
0.600401525008921
-0.398620731478463
0.85592002077794
0.868566620781108
1.5202626626755
1.08058767248287
1.57147033193819
1.6336004788291
0.706185025572103
0.219250814269581
1.0721417195846
1.1498467088975
1.5014676862293
0.361682010777584
0.814874796905833
0.356739292980383
1.33965767974187
1.07822091531506
0.153873777316942
0.501602338996757
0.378416333809277
0.488632561888184
1.32071111070902
0.696920966376151
0.0727039417453262
1.08239606756808
0.851666964977402
0.357291637060647
1.5114150048051
0.259527149164881
0.85592002077794
0.865981709665159
1.00174677639161
1.08955538302137
1.5955217071553
0.915919174084787
2.89270567604414
1.15929853135039
0.111331765825251
0.668494670335672
0.60379072291699
1.75368759371846
0.484865540020696
1.18458842424408
0.529504918345153
0.571725928560851
0.758454812717137
1.21793248537326
1.38443323359516
1.59497995625046
2.19604151194986
1.37258958739638
1.05476089284325
0.647715489905179
0.25356102951505
0.414301849412243
1.11344095397973
0.981206782941139
0.255313940357734
1.76685876078573
0.157043603318238
0.764583568975188
0.457356097206265
0.520809227368599
0.666728981055838
0.0870313217723907
0.224691190168281
1.00336621533232
0.133297547688595
-0.306766523260295
1.48268821701287
0.00748040051612531
-1.33851195239049
-0.425578947712193
-0.16583417865002
-0.196257421588362
-0.302201050442578
-1.40422053236657
0.105324241961135
-1.36373202633859
0.210017367121822
-1.52837459802056
-0.250823578977395
-0.208561089991488
-0.0599900497877113
-0.283461631403816
-0.997335057228472
-1.37503150690823
-1.52274394519406
-0.610548409209171
-1.48817128992326
-1.15294428412112
0.730308858387027
1.19349710817349
-0.970223059965818
0.409202933717565
1.04933624682674
0.200930526381804
0.241344880243251
-1.25547570694928
-0.394972206103286
0.866568518699794
-0.408095117146706
0.285475443547943
-0.884053315607181
-0.81749433733817
-0.223871286717237
-0.648616610532472
-1.28414650156214
-1.40229935211153
-0.860761434721128
-0.44442099486262
-1.12757775499256
-0.131490383115397
-0.965734236274869
-0.752687134113875
-1.15921763611472
-0.336390640894034
0.337635587606062
-0.0668924733717683
-0.389862567132422
-2.58657646676156
-0.134763429865039
-1.46973945432113
-0.431459593996866
-1.59344720326911
-0.261178022225076
0.381730622998816
-0.512390506901806
-0.576149587363664
0.432764519790204
-1.05696953878944
-0.292368440147536
-1.25075630820187
-1.22960123142376
-1.73102985375878
-1.0003067073534
-0.112152371391533
-2.2445818153932
0.264248051135746
-0.636842759429346
-2.02451114730455
-2.55016353611321
0.651342910839991
-0.524711850299483
0.435251924388271
-0.482092361641058
-1.05369258038794
-0.57513703589707
-1.57591167801037
0.870979695900538
-0.22483943073908
-0.330885542088111
-2.23445831272971
0.0684780862050701
-1.98833014885945
-0.465689895330174
0.501259207567009
-1.46893776696709
-0.812549216832106
-0.343723874169259
-1.40718272681208
-0.822293610777968
0.618585407441652
-0.79733997542848
-0.567610924916947
-0.853901048866085
-0.985868842466812
-1.09976594686715
-0.667678830924761
-2.94975261486408
-1.77675566575431
0.221918700109114
-0.765963321651921
0.515419217936706
0.0990325102918063
-0.540808084302361
1.76320755098249
-0.294369403167528
0.192467574734232
0.358584752504476
0.442488685639962
0.488363039995936
-1.24752358751262
-0.197372656080391
-0.00127203494553603
-0.171126453212227
-1.18338413892688
0.0588886151294846
0.00901541447702768
-0.826438052193342
0.234065677046335
0.633497325335971
0.00223858516610183
-0.222376138735082
-0.621453859266421
-2.28866846761995
-1.56235070034832
0.414665232655432
1.40793106470446
-0.0706480194201425
0.310273845872913
0.39794516320519
0.131821848986328
1.53306923907399
1.12687562779177
0.477616931904435
0.924344199924887
0.422852731516992
0.0256666504863983
0.663398485530998
