1.00539131063801
0.712897822298113
0.978386313863862
0.852628647212436
1.0395877281299
0.845902952427653
1.11588978511363
1.22730140147302
0.827308693375506
-0.569526478161441
1.10054348460562
1.01712678178589
1.22422881250365
1.20664251475569
0.800796631632669
1.32731552774879
0.61036264384571
1.09940012107115
1.23706408965328
1.0138072904805
0.830070129349558
0.570827349707692
0.219551878897929
0.798034910307931
1.13956426142855
1.01887733681287
0.858429116589499
0.964170485432473
1.04641892825924
0.972897520653628
1.19894592488739
1.08537864436699
0.768322011902493
1.12713412196287
1.1010838414488
0.690285998892607
0.947995301239777
0.882249788772353
0.28207633044808
0.270590879386917
0.609084409439424
0.734891107629448
1.15396270269923
-0.759485710467862
0.261074527359258
0.744920251465599
0.691275738137323
1.09590258022562
0.951463548323833
0.41358057871317
0.542187406713496
1.02235365996126
1.27954632041427
0.918296825386191
0.278821692297929
0.409737406972263
0.172128069863638
0.1688613912222
-0.0348725027089504
0.606684779223663
0.993962853511329
0.896813346442327
1.01508344465781
0.964490663893569
0.56725342088846
1.0072687573091
1.08382950167084
0.213457169979946
0.93200067812454
0.868360772011282
0.905839220485342
0.875913247089642
0.935466509440695
-0.0576690786420091
-0.1641445827496
-0.446952700727205
0.593622731755381
0.245700628322811
-0.487395575160001
0.571483118005079
0.0641685871652445
-0.419990718813448
0.524156911809993
-0.249796442234204
0.425371047736276
0.66434448272981
-0.341864375056596
-0.702251740604777
-1.48798449182011
-0.527964424440956
-0.582466941998478
-2.10225460683126
-1.78365685941334
-0.334214976923477
-0.403580757105519
-0.585324801945117
0.00657856019423308
-0.194766643050324
-0.278053200980061
-1.82031324394415
-1.55923054040257
-1.49150346534674
-0.980297641059455
-0.274021759532755
-1.51775092411154
-3.05613058544175
-1.5298300529951
0.446267118029093
-0.0341699124687719
-0.188839001453078
-0.08039298493248
-2.26955298706611
-0.408327875428519
-1.25744006735897
0.872440943844966
-0.521213364535227
-0.639497420942932
-1.603760674126
-0.38943130122798
-1.43342375632071
-2.4702388766442
-2.00819994247217
0.801618750011006
0.42648251629141
1.09190683340128
0.588358407405289
0.301309253735926
0.472408615947769
0.247144487913044
0.472772243298829
0.353881529592791
0.906686398477654
1.2683232630524
0.770509739583928
1.07873201682643
0.629879564494642
0.412865989460084
0.594355532797294
0.317421740103345
0.770598065572967
0.0273643462157237
0.727194297051913
-0.35992563453779
-0.21240648072261
0.198605134555243
1.21393840268236
0.54140293013876
0.569653817780437
-0.0164556237897422
-0.178183871774068
0.415596406303333
-0.0132941098731393
0.213926135582601
0.0964869897356128
0.575449442060884
-0.104507097273039
-0.478448118985727
-0.134561294901878
0.55283361651694
0.679191261961092
0.263044276570046
-0.133778134979674
0.420889037055673
-0.290705803985312
-0.263227872915289
-0.950307860670537
0.260441674932182
0.208475169542894
-2.6914597011048
-0.323658440716999
-0.848723415934488
-1.42840587765825
-3.73984596447041
0.550342187014878
-1.14380797854219
0.0169928682632018
-1.10163371076216
-1.5520223288912
-0.408705967871814
-0.328271373413884
-0.156491541949147
-0.184893954240598
-1.68631444355944
-0.40617021114761
0.222566898331199
-0.128237069445882
0.192413153114049
0.549792237394203
0.0255981010820707
-0.512293602052602
-2.42631975523081
-0.0441693137956371
-0.38082919154145
-0.550896996168029
-0.754037708350627
-1.20222013525911
-0.754352065718837
0.324469836930403
-3.05685324373286
-1.94816416414161
-0.306734887691601
-0.645168340447327
-0.49365710674867
-0.631891573963915
-2.63764029050825
-1.00808428500448
-1.86452266182852
-1.89612167786762
-1.33123265369326
-0.401866586980671
-1.88189541013351
-1.01191028643988
-1.04296738422717
