-0.340326453964835
-0.131170840166059
-0.248435597026213
-0.26293489653303
0.0206047848962318
0.338613144601884
0.209977713840101
-0.0746083147021549
0.26766117509906
0.701913360076473
-0.048222253596297
-0.00182688440242051
-0.249914950784312
-0.590544528074465
0.45020671244087
0.125896016034667
0.717459270812952
0.583819673838445
-0.501248456049617
0.282670124712001
-0.238290792892879
-0.0311627626093272
0.410806895225845
0.778317724170302
0.362747849684596
0.601738355648157
0.658140619027204
0.405225173705724
0.512687668545012
0.426471351761995
-0.00222679002358394
0.0168605915683718
0.757844615872665
0.230383954919398
0.828979216847898
0.852979817767956
0.938611189268057
0.537375480436669
2.00926026031738
0.46284585854367
-1.01063284767105
0.345053488520068
-0.0829648746543246
1.35699613856937
-0.23447041691057
-1.18851768519428
-0.0932594240173597
-0.0286707989238464
0.399227993719706
0.686187170124798
0.666735600977725
0.418881195814997
0.354909603713546
0.707113916779224
0.661210321674551
0.755059477385219
0.550264915798859
0.878766195564382
0.0360175485445117
0.627066295625934
-0.301293191764738
0.231867121366828
0.63584092891722
0.160703536322686
-0.335342825878308
0.105834995844387
2.20407204710447
-0.654249143680724
0.0255063843142173
-0.928049203508129
0.89844254168381
-0.791466531464144
-0.636847759727509
0.551745751447189
0.439405749829597
0.905088824540705
-0.404187791126598
-0.778926046570495
1.36547146407665
-0.257353288360007
-0.546849287600265
-1.30989444874725
-0.544223428976652
-0.381961897376789
-0.557825596561034
-0.737383912270019
1.73763530523191
-0.393766970011924
-1.12257483867352
-1.21244471628289
-0.456317400897355
-1.29390074697524
-1.36899809880607
-0.789744307720984
-0.40311008623321
-0.362911050695778
-1.04792963109777
-0.442601387285353
-1.48840112503018
-1.3622178112166
-0.606183023320888
-0.626288240051047
-0.253483402168097
1.81480169779165
-2.20353391803359
-1.569023380916
-1.59726523454068
-0.365652011266307
-1.21909338379073
0.270910492277447
-0.391262477496695
0.126059394597773
0.483109241539247
-0.199484583352169
-0.0888402681730835
-1.2548944173894
-1.21799150127736
-0.478725866238641
-1.22459862179482
-0.123266756475824
-0.497088360546226
-2.57840033497122
0.266955978321389
0.483620879931356
1.21720153806766
-0.554053641337853
-0.272735884314414
1.28491063474097
-0.131149431002682
1.52515025798572
0.993308876572684
-0.487223203443456
-1.32574543079133
1.54015408933278
0.249018151431219
1.94052317931333
0.0634069176064548
1.82399612576671
-2.06623616164649
-0.326206494227202
-0.191940692926533
0.673161196289173
-2.08057167841715
-1.8987100409782
-0.0407406443026521
0.989157049185047
0.147289020304258
0.469988266059183
-0.45395376015775
-1.54183184975746
0.802070989883972
-1.23588418008833
-1.52566124913489
-1.30360230029471
0.707184249840883
0.595540216871912
-1.42630090751366
0.00965232789234198
-0.675186433339385
0.486290422150112
-0.330804037059198
-0.570667770369034
-0.959476230846812
-1.99370111336019
-0.447857951966897
0.154715813062692
0.682686550365657
1.42963099833319
-0.638524180031827
-0.101809068166095
-0.673908680886475
-0.0760428485807056
1.01965434730276
0.371593002876525
-0.843769856179501
1.98218154530341
0.301543924839326
1.55177207736909
-0.0886883939209885
-1.46270877445728
0.114483806819379
1.17608795380772
-0.388326397358117
0.0962495787830241
-0.332123052837083
0.0415214207050381
1.89265407952777
0.791535761177556
0.218125091778848
0.549812793389057
0.120850178438347
1.69150734171078
0.108919602904458
1.17515170291795
0.214879994698745
-0.116059956065338
0.188390229574449
1.28828985434122
2.48399270016844
2.42203375972536
2.05160020287594
-2.14383366288242
-0.370411251778218
-1.89692272625148
0.883308321855422
0.610324791784674
-0.683572622957186
-1.97317669726037
-3.31046209861323
-2.02486510032226
1.99042633165428
0.975474375251443
1.99266189011174
