0.0333028797664335
0.237622913000082
0.75389236101455
0.174789190906535
1.0506927150473
0.630630486868053
0.906452122253126
1.03694783735089
-0.432560001137309
0.158339387730579
0.915684039360322
-0.126768673026112
-0.307044520249299
-0.218493935950993
0.739827671145283
-0.477348832451527
0.380748322159246
-0.781648152594043
0.209891322777265
-0.88382767780401
-1.27470449005698
-0.639462112055728
-0.591478846678782
0.210522796465593
-0.870786069232721
-0.0483562862197844
0.198205153390781
-1.22274008454315
-0.509214540145826
1.11205385494559
0.356429889003771
0.233918950218219
-0.386465704993962
-1.34350587686804
-0.395388952981865
-0.856692404243309
-0.32453404086508
-0.0432610859683568
-0.273586051387385
-0.758815493239169
-1.07254944844333
-1.080146787366
-0.77212258166257
-1.08247973628322
-0.660146179826223
-2.4579889665672
-0.0358020669284802
-1.70531906758026
-0.744968519790272
0.889477832620624
1.71238297876438
2.61032796835051
0.630400079308734
-1.29740326715708
-0.882449118802373
-0.744992116929677
-0.277234370532349
-1.06715525065759
-0.651885222881584
0.280941358263441
-0.60837567190549
-0.549327873551042
0.609305283428953
0.322073042708936
0.136850066293429
-0.318394731671046
0.902558471378798
0.93924182500775
0.500960919345518
-0.260339421873224
-0.587504844835471
0.40025336348772
0.202353168730308
2.08974655895419
0.645900378622434
-0.547059728209485
-0.430062033239059
1.69596874661246
0.65606149874541
-0.685896005590091
0.503207888700394
-1.16804169208447
1.42813905247893
0.293151939423791
0.461959449938837
0.40218336959174
0.0876488553014293
0.420268399191017
-0.714233209734636
-1.00002704469284
0.816771936645147
1.56857262926317
0.157389591966359
0.313089551128521
2.112949982399
2.51520663862327
1.39661006818328
1.81585844274375
0.757594217697724
0.711997016667912
0.387357167509952
0.902758128230917
0.652691280172131
3.04346393199025
1.74962778812482
1.31581969354115
0.0207951707173446
-0.0635864725848331
0.238360822010284
1.34111982286783
0.399654313434228
-0.00663264365012146
0.367514453209372
0.233683170574121
1.3695102121191
0.67154863987658
0.804296701383449
1.59018196053265
0.223056364011481
1.38117298965528
1.64191393501848
1.32122044676224
-0.991214608956813
-1.62325441068595
-0.191274820937206
-1.17644870761561
-0.0222753227032375
-0.646307985510479
-1.86221111239645
-1.61069841123025
-0.653860136524983
-1.38814334659438
-3.02714451741213
0.159860166854854
-3.75957582555011
-1.30656217502017
-1.82251009653788
-0.275715058493855
-2.03688046052674
-1.34252245967293
-1.48188789548081
-1.27180335768896
-0.722167945191566
-0.208193561057559
-0.905566911061741
-2.66992723073811
-0.806389575943178
0.0112443429097625
-0.624408100450987
-0.360710121326909
-0.227098111210428
-1.12016676687583
-0.593066783465756
-0.116956029542496
-1.20279317597426
-0.874775079019741
0.134723913235059
-0.485309742841468
-0.048384253504338
0.799757196289064
-1.71674285410597
-1.53846055518498
-0.59182016923853
-0.202831911543284
-0.218418012731726
-0.293704263756832
0.042996427144434
-0.143639197243571
-0.424901680717754
-0.183473340612216
-0.824070849603292
-0.120190648214345
-0.0789395877108239
-0.435892246111674
0.296315367539457
0.546577334513843
0.616651310600989
0.746218298732055
0.269964485304327
0.323910607821693
0.0669366761673447
1.34654844403275
0.805782125156177
-0.216468443457451
-0.625820163953583
0.736755444063132
0.74676357142291
0.178497664853859
-0.235845659346313
0.131055218600435
-0.240258156911953
0.105383306920202
-0.894497980307868
1.10431713804385
-0.0298473118949905
0.274139598299372
-0.26551784354548
1.21872193125326
-0.451453995566897
0.0489805127236083
0.794187663149777
0.718531575569923
0.302867640206538
0.436974517935494
0.600714351441757
0.295715281869982
0.262874086826532
0.736697077239583
0.635319908816769
0.687066324019978
1.99531673765519
1.21471807471465
2.05162109958455
