1.73930121862374
1.64040482550324
1.57974774080723
1.64163402709706
1.73232806567317
1.58023919889702
1.53143124733772
1.48909459725939
1.44274696593773
-0.154500980118931
1.70906907600275
1.47515825332719
1.75632646549259
1.59611252874547
1.61972769165599
1.49351304010017
1.72846484007737
1.29763866161188
1.33912101963018
1.52945048299416
0.952224904127424
1.16142478158394
1.31241320099427
1.52354318149729
1.77963128631735
1.73622273904321
1.64241010750811
1.65032793030057
1.76057310684232
1.57931970688284
1.33357525353652
1.48998181691965
1.45068594975248
1.24759088097571
1.63852970132679
1.3013380358994
1.37634851799371
0.966037510983808
0.269580416901185
0.698477461723382
0.195063727365076
-0.801906826023194
1.28124478371409
0.183569455197901
0.0400570723270685
-0.679624779375859
1.0198407584627
-0.447898672423193
0.788606512465541
1.21982160432012
1.54899865898321
1.31065708501358
0.638660177964824
1.07559991330699
0.363580924475646
0.34042035274006
0.818324735187392
0.659296695613196
1.29535025518871
0.681232398896417
-0.128688316504878
0.31327153506993
1.08571012589596
0.656518940492537
0.238599096410739
-0.601225766527474
0.290630035814469
0.377809648808321
-0.764667094799079
-0.0843815560509994
-0.769786067733795
-0.0940036631467997
0.0937257518318158
0.900302544002783
-0.000370378230003928
-0.785682811345807
-0.751818880071696
-0.677648563906612
-0.189707502860332
0.131775836956229
-0.812051741762286
-0.748915129946335
0.175282662256529
0.495006537977581
0.318292401722162
-0.150903912250916
0.000224618004689034
-0.869121745076633
-1.01318613487799
-0.753453642555673
0.156001209955904
-0.974001984874792
-0.198326523088952
0.0427161703485633
0.74437378291781
0.961281079456905
0.0835731726795432
0.117012910025766
-0.55740465678986
-0.46271285339138
-1.28457818890285
-1.06011932588754
-1.33758441387144
-0.590131065164484
-0.529596866196852
-1.33660941115601
-0.369103106900672
-0.633441542126091
0.228296713826792
0.213522513634168
1.10507427162521
0.139356115851293
-0.901843259439396
0.348624360839972
0.237501870794952
0.587817079145849
-0.504217646947206
-0.463482338366792
0.263559241817461
-1.71960809310489
-1.97696809664717
-0.22231474084423
-0.876164386692059
-0.724498414001258
0.0527012885618672
-0.215165582560006
-0.121159245232345
-0.65202402487963
-0.61885326394649
-0.258362299092581
-0.277657077110192
0.447965714812355
0.844078843863267
0.42613943295829
0.159146207676976
-0.573321168258018
-1.07924307080089
-1.28078222891852
0.607938223313887
0.0114225256908359
-0.691000386414483
-0.171381319108065
0.0723023106408163
-1.44568249196634
-0.0639859284672773
0.215578784629804
-0.210964686133827
0.0930791486358683
-0.389968096637375
0.0516367169212021
0.384657652091278
-0.625916986272252
0.493168981647139
-0.131669219428045
0.136967951644993
-0.417451821865048
-1.69265997449615
-0.760267943888146
0.0303342593160418
0.413197721205817
-0.772396253166393
-0.864960777240208
-1.13177862033428
-0.232378712059783
0.623218153800291
-0.638442566143458
-0.120429037656981
0.568084333359193
-0.676804592219798
-0.794671275922636
-0.745496077141671
-1.07880845235435
-0.966438261407229
-0.644253707533967
-0.242890287411452
-1.17934286049699
-0.625484504439338
-1.2309447149362
-0.982649722702841
-1.52418994178778
-0.666104022659757
-0.393368714031871
-0.759385642006321
-1.10869204667009
-0.470669635543324
-0.494438702981313
-0.347952305810772
-0.044509296811242
-0.481842912591467
-0.223013674715715
-0.572691101853305
0.0373585856588254
-1.22448397031723
-0.622173773511358
-0.210101838597192
-0.478146623869569
-0.666650879329473
-0.540701973588299
-1.55517899643241
-1.27206086716928
-0.308048986585729
-2.65221578957056
-1.59702621645086
-1.73494878079152
-1.81564264771822
-1.50325414838044
-2.23759582959176
-2.3479614214191
-2.28852727929429
-2.26139958242664
-0.0764221225309466
-0.897971056778401
-0.24159951325735
