1.49341753828583
1.45660835189845
1.41889983484278
1.12840504006572
1.354622837493
1.45278126651185
1.46715924913989
1.45636240886195
1.41459928906188
-0.41017414099582
1.37228026147753
1.25205132107483
1.50607010132424
1.23940630577862
1.5630259875777
1.4230293947595
1.39507394258759
1.37229001759636
1.31705145589683
1.25772708073662
0.981606997010605
1.02325129171652
1.18871639471824
1.44463398727305
1.39888717834536
1.65004448091904
1.52781371994968
1.35108426203954
1.48631784522432
1.46444051400004
1.33228737133256
1.22112218749229
1.47551056104251
1.42823836420836
1.29653349942186
1.20487455746579
1.40037961253273
0.888310626079079
-0.139348507900807
0.81585542027316
-0.405104000423782
0.795765311024246
1.26141038002978
-0.752088785047316
-0.452384378358918
0.421245551001421
0.989712468817937
1.36636499553366
1.50375283810817
1.97482199626036
1.83565631696002
1.81089482178522
1.98791023133168
1.39034287500423
1.25714374584096
0.906081262527926
0.553409674347253
0.296301739696088
1.33541580535649
1.46678726188422
1.19820230116783
0.551172835663202
0.74943886872343
0.702127911875285
0.949295812039618
1.08307738441262
1.22136042961248
-0.426524731858249
0.0467373355088235
-0.334331577279224
0.0484250286518062
0.0532947763488029
0.230193887056826
0.00644201983364509
0.0507525584788227
-1.65652955333079
-0.39327851364331
0.3372298510433
-1.05222120204179
-1.21308925101417
-0.85945697876488
-1.20825374252685
-1.08645491053696
-1.20537712925717
-0.961051634090188
-0.525383879442551
-1.08789727881105
-0.443821599189658
-0.588465826718953
-1.0384025654475
-0.575646678053282
0.675600265545991
0.232022754463572
-0.0693387770149568
1.40370270574588
1.34457246098252
-0.15170874244101
0.331986086018179
1.29272083857757
0.220159111901498
1.04791330021477
-0.212373867031025
0.315276858561551
0.718687999529309
-0.0001984259089727
0.125366456323092
-0.204115421062717
0.00673314819268281
-0.423173693009343
-0.668340653689956
-0.670472317987683
-0.172725230482181
-0.0811943256610387
-0.118761810165296
-0.711577581009676
-0.803532077423597
-0.446864204403161
0.490968480451771
-0.203712817095111
0.852051230793982
0.857018067925448
0.0445207126432624
-1.3184100309889
-1.57267504005401
-1.29388854690145
-1.33552107211356
-1.4829322337916
-1.98089571792525
-1.02656709718333
-1.73069780530924
-1.7536170909506
-1.41799693832458
-2.13011285113185
-1.313194446942
-1.68033743350374
-1.8762534607088
-1.52214055684718
-1.27378112063532
-1.02346018168769
-1.47448043929138
-1.48716493589461
-0.960302512653351
0.0885924489026724
-1.19825873233605
-0.186633622893798
-0.968801721748087
0.381042287490574
-0.148519924526557
0.0882082718013352
-0.540127461525483
-0.896232736996038
-0.513730256087813
0.0982691695324
-1.01242894035382
-0.879329261281644
-0.758869207150883
0.218744695527249
-1.12625475465633
-0.636861038104371
-0.0160482231842132
-0.171077651048525
-0.141486326683133
-0.269487235453502
-1.12925115753092
-0.794922473199488
-0.320363494828621
-0.622818323110784
-0.571919647641233
-0.67522219545836
-0.240610565319045
-0.722741267548885
-0.411199984011064
-0.854863815195589
-0.661812524711446
-0.68614919424242
0.178528688445699
-0.942167335724516
-0.444254594457321
-0.982282777959031
-0.0860758136259879
-0.815624123802099
-0.50661551542114
-0.93393839012564
-0.630041171615248
-0.410836142989254
-0.712566377000705
-0.480257558773931
-0.572234525295369
-0.581918054957911
-0.539931121119522
-1.17632574155579
0.396596266441018
-0.554155770927707
-0.803859595876028
-0.16297487260281
-0.118184446142549
-0.408646857904247
-0.397432163496726
-0.632680121827891
-0.463991543404563
-0.342156725452321
-1.17303974745783
-0.163940047550492
-0.841890542372938
-0.562347447008584
-0.651629968697561
-0.839135384680045
-1.49084833136507
-1.02089903266527
-0.809166764187004
-0.1865699169614
-0.307978273975971
-0.40039628018809
