-0.139109151339571
-0.116097557767733
0.677993661618947
-0.494475312098725
-0.874956735754167
-0.746372424454354
-0.776626510264203
-0.819236124986371
-0.450625124328866
0.176674482098581
-0.606701394242103
0.470088235632874
-0.299928244136323
-0.258295460700142
1.11676169196045
1.43859561551815
1.18238430532899
-0.84027824554413
0.163398198988892
-0.882663085748507
-0.795952337172804
-0.663100995060083
-0.653965530678206
-0.100716929240048
-0.633571530817297
-0.59366738544897
-1.26626210100459
-1.27321659963312
-0.439068555190849
-0.554083180936292
-0.301985929238375
-0.238756432496256
0.549190282683021
-1.08594250853022
0.0167344110979893
-0.19335311775617
-0.117931446113629
-0.180497885963313
-0.80085399749504
0.412603450086012
0.604965088542228
-0.373977834350157
1.12394409604224
-0.959446356582249
0.380661094640926
-0.932899546847866
-0.40258406276002
-0.314534050668657
1.59291525705429
-0.866774271850784
-0.822728622222943
-0.787514909752947
-0.73013441916751
-0.534405881913574
-0.442443616221213
-0.305862763732701
-0.325508182899706
-0.66909129435858
-0.830787011511704
-0.527827619639119
0.411409807593177
1.24003901316762
-0.5953558537115
-0.769440794242469
-0.0709090996001996
-0.0218221857645828
0.235253467869989
0.483400801036904
0.774272510369625
0.456143462108033
-0.148648409763914
0.257577831289213
1.72499169768684
0.626229040738051
0.806672773463246
2.27930229911016
1.35413595020166
-0.398809052541908
0.955119002076806
2.00301628606154
-0.740520924025323
-1.26635281783409
0.19137886514252
-0.0541471405719432
0.391710887390341
0.679778445112177
0.704207549494336
-0.765868521116331
-0.995131450120807
-1.10020739185427
-1.10101204131952
-1.48973963103821
-0.732107309178876
-1.45568178696389
-1.6658890034074
-1.19861396393342
-0.989439823602899
-0.709358812689384
-1.33167634743583
-1.24746288676395
-0.980024094602632
-0.701724438885116
-0.73076095572615
-0.0643937490817594
-1.31576477582751
-1.38542644860665
-0.904577099844806
-0.353389323578857
-0.0394160463336051
-0.0894132523218978
0.446591200091044
-1.18910025158072
-1.05790400364661
-1.28492501910782
-1.59228874259647
-0.746559313567212
-0.231253456385536
-1.30099934177718
-0.70742410869645
-0.922052975946555
-1.00030642018411
-1.41075122984538
2.6161645516777
2.71653794210071
2.80573729782747
1.3959707593766
1.29712709502796
1.74944432335452
-0.225383810792515
3.20885089170191
2.65131950381619
1.54689345205024
1.74446175042142
2.46677648624936
2.14679041382996
3.08365087358664
1.765632548691
2.60282246005641
-0.412314884478496
-0.245372702065421
1.64984729359506
1.8962835173925
-1.13381085854509
0.221599339469885
0.0201695504511497
2.57905419689179
-0.686843669099473
0.303926131425681
-0.444237798291259
-0.187734606148587
-0.0794840365582487
0.213948992436318
-0.544620262295682
-1.31566462547859
1.05490080511311
0.751719686714366
-0.222197309666929
0.452839124710463
-0.272139836052062
0.0757050056672714
-0.150004006530159
-0.408334315724923
-0.107167662404476
0.682259739370495
0.400425384467922
-0.105801873920741
1.1866464800969
2.11985155945711
0.0620768704094079
0.631266883794596
0.483637812569278
-0.0459057083363497
-0.0808254195730023
0.945086144468019
0.250687237013173
0.643834872929554
0.453575485609156
-0.684213433069363
0.00653210605301108
0.0825504282396382
0.0973971527910477
0.366038807771217
0.172411395868822
0.570768241651074
0.0572145759933515
0.236867637586458
1.0269318001326
0.710400396820681
-0.0361896804481486
-0.698568087573586
0.0746474999115882
-0.436644884472023
0.232447270829535
-0.29285087643837
-0.433706591924979
-0.749554518425975
0.353950485603405
0.996765439970892
-0.800964608166627
0.039879707691773
-0.200496192363676
-0.445458528037387
-0.534031674772611
-0.734587550514498
-0.394290399231452
-0.428404986545351
-0.369059430514731
-0.890993147058115
-0.47328461325651
-0.561377082593273
-0.542764952195837
-0.697582851982795
-0.876136122242054
