0.786517284759941
0.695146877805826
1.60793720223427
1.39442249314465
1.57423050496277
1.63907704096638
1.82000619600427
1.89878817252706
1.12037969343183
-0.107160140064638
1.54581205089937
0.841529013874539
1.32933440604066
0.957410043747277
2.01865223541037
1.35347530303631
1.65036938876093
1.36797471844321
0.842646823118396
1.25103023620606
0.322807508746487
0.482869666406305
0.750316391184108
1.60209676849609
1.27373359945942
1.58409308236286
1.68669485918463
1.24329296501899
1.49367955393653
1.80315434420891
1.48582443129937
2.03246549460185
1.48972387744105
1.03282706912163
1.37884442927529
0.990654437433083
1.0285217158562
0.678082218834822
-0.374667324122441
0.215676870246208
0.825761624247574
-0.189672351410363
0.410500082415385
-0.669031574290544
0.826994392530958
0.50103206635553
1.41649346291317
-0.330483386793471
0.458914565875576
0.273675901248259
1.01016893953285
0.414009383453751
-0.0305155102127726
1.40305737142492
0.683150891898085
0.71101602594794
0.963259702308502
0.860321196262092
0.325639304756725
0.0370775125454574
0.308692097346812
0.262752019112434
2.04710203640681
1.79734627071699
0.716185297040372
0.55024533018257
-0.307903856202946
0.637377963155525
1.67688727052459
0.839514962755391
2.31308266827569
1.81503647164754
0.869902453279598
-0.242794362442167
0.101497839230047
0.0290071179315697
0.220151635565708
1.50848211352532
-0.754522996862672
0.227129023801923
0.561400832835099
-0.797665276337987
0.235989627081923
0.0295800396241744
0.681157691617837
0.925745652311405
-0.797299162919122
-0.163457539927459
-1.47679147995752
-1.72268731719135
-1.32002858687244
-1.19997968567008
-0.922444430562324
-0.770072217024264
-0.949331733227537
-0.605933600839607
-0.478230174968356
-0.66211119026664
-0.564072432838659
-1.27752509859566
-0.212715813887222
-0.470464113877301
-0.0768184147689626
-0.554201698960586
0.660531826624197
-1.57322324255434
-0.222085460987385
0.568975796381707
-0.48141933803058
-0.613101185401696
-0.615920890963695
-0.739441840045837
-1.37013550130197
-1.2911750846495
-0.0893711562675134
-0.52693982063673
0.351082372003267
-1.62847520030487
-1.11637090597141
-1.69947564379383
-1.75267695242961
0.110628802838576
0.641084756892088
1.20030892399723
0.466124406180358
0.234233261812994
0.276868483980584
0.0197978858421448
-0.0821476921802308
0.718552172864418
0.294252700871347
0.162687220349473
0.236722167453582
0.156625488147599
0.0461977580631267
0.531362753701241
0.627119790768468
0.893619729012951
-0.512985785052006
-0.115785778196084
0.695554006405867
1.24538361618535
-0.92949960645409
-0.380666649946082
-0.293815958107569
0.130633462991068
-0.356216038720893
0.44445168215397
-0.254156433904974
-0.193603404264807
0.0181820771303999
-0.655349459592171
-0.206108330297237
-0.502604068144233
0.233431285073763
-0.732940265140186
-1.14051710579371
-0.646935448887645
-0.32101672507503
0.225074881453387
-0.648171643323079
-0.911395325972569
-0.799592812163903
-0.768068624409176
-0.683308234465008
-0.234936134425524
0.185812887064428
-0.569802118974865
-0.797025321546652
-0.75663196848315
-0.923765828112342
-1.1744139380772
-0.798471712221813
0.100913045464651
-0.775851161148284
-0.32903761019532
-0.741235755654442
-1.40126052367988
-1.4751153391141
-1.38750448484005
-0.671617505469859
-1.89069686611687
-1.06872066223178
-1.4154528155923
-0.268468173146109
-1.00735444760141
-1.3345027051465
0.0668746443003742
-0.669638486194558
-1.46790199947563
-1.04882161696979
-1.24380639743835
-0.919928355521372
-0.794456346271771
-0.347000035571982
-0.892537666815995
-1.16881668824829
-1.09180334519467
-1.17545184486455
-0.802275217708361
-0.647948426489837
-1.12642920180109
-1.20754933033584
-1.30006757945821
-0.0684966432480632
-0.815267820879666
-1.1557256762883
-0.962686377795864
-1.10048726971204
-1.27898797558888
-2.04153531916064
-2.05175801089658
-2.00400390394917
