-0.882119343734285
-0.661101065806222
-0.415965946512328
-0.150747983983317
0.000538653016397536
-0.916023417664768
-0.625396687376949
-0.589840038345293
-0.154203266956109
-1.39341510160221
-0.0555303267472446
-0.758068921613517
-1.24300869570173
-0.986917213186135
-1.29415794163501
-0.987429869721368
-1.08128330636456
-0.120101817896273
-1.02310585028552
-0.960404023490561
-1.48697232996282
-1.03971304598107
-1.06556121245915
-1.2227715586594
-1.32934188998458
-0.444244282831421
0.111041539479435
-1.41509988042798
-1.24721617423044
-0.682343842164793
-0.243201083293489
-0.211930644385593
-0.780145214485221
-0.868419434482238
-0.841532228631576
-0.947544061355105
0.140885562989608
-0.59140564973872
-0.964914077078514
-0.743219198397918
0.259578708898141
1.06104545848478
-0.84975523794432
-0.866911305476544
0.21283766412392
0.10330469751179
-0.0457100411545834
1.02644958397034
-0.0400076636366551
-0.918011696995194
-1.46533231331614
-0.640962665311241
-0.916489517473835
0.206242080403062
0.355052793334456
-0.0946229402772721
-0.529820709434195
-1.03717705774483
-1.26888425270433
-0.583181551295376
0.752155591978204
1.23375476701343
-0.00713141431485398
-0.0332859263090911
0.749865600112616
0.5273083332672
1.99029649622919
0.838374446031573
0.508800401871287
1.56649337798613
0.106250936866371
0.783364299287991
1.55293739471564
0.27443504193167
1.54973873833264
1.71253374736054
1.38052298503924
0.321022609298281
0.544855221246834
1.73282388391222
0.270704467044995
0.617649187186887
1.17906813276541
1.44294625961753
1.20175401900632
0.917163466380255
0.970888655772719
-0.594610710849218
-1.87504522899121
0.0611094923300174
-0.77058723774846
-1.37736166149793
-1.32933988155389
-0.563789944349144
-1.06918803281907
-1.04749351015896
0.718285191030323
-0.301736289035001
-1.46867825661257
-1.13783947471898
-1.34732410686394
-0.764935139481589
-0.638711407105846
0.00614281479577939
-0.429957667167863
-1.67844460396149
-0.900625793498732
0.154517498400149
-0.00481498771176965
0.610247377227886
0.83447655253771
-1.50974838796148
0.597862547257743
-0.45939533177721
-0.155646186124102
0.309056615574256
0.0644515443880182
-1.00651660241098
-0.0152880741177263
-0.313737406702406
-1.20801172977537
-2.05121649189309
1.44897561931046
2.27539720493561
1.85628843344034
1.36578750517828
1.46169319294964
1.53056761064009
-0.0608628994917632
2.08197019821947
1.84431827384415
1.21101722028738
0.973334840529767
1.60066757301949
2.26966656169048
2.11758454506722
0.806957498674602
1.58819970394862
0.233359109289527
0.531118841772124
1.53129046430744
1.4191723291789
-0.868826372322094
-0.121180508935593
-0.150742837138955
1.01414791481831
-0.336245971653525
-0.207847151020874
-0.213760957858524
1.28328020640601
0.0857190639262737
0.0458326264491985
0.0461278655361592
-0.133181074469265
0.539645556287515
0.123702102296859
-0.260186849571156
-0.184636020128907
0.306772084738989
0.0731103786646465
-0.243189629369316
-0.738992618760194
0.0817857559851411
0.737093840027469
0.78029568410616
-0.0361577055627526
0.821096896237157
1.11681400516227
-0.17629986365396
0.423448242811788
0.261003263148038
0.439323658104038
0.417598282307864
0.916047603394063
0.542859654433589
1.10411676968522
1.09637710665495
-0.870107410644928
0.222632743429133
1.52021948395802
0.674072833234606
-0.0254707081576171
0.774816700329526
1.0101657151546
0.700517290245564
0.403469825692103
0.752217252609983
1.48241754226581
0.740594941797383
0.345888691069292
0.938508533398761
0.886990413194812
0.374381058383583
0.273019821487756
-0.0605196645517645
-0.270007645791762
0.171800983632386
0.238242782095388
-1.19192140039085
1.58892430414163
1.36011136371101
-1.80373997264811
-1.04524126405603
-1.8877613710456
-1.15390230523532
-0.304725617580325
-1.2923586540997
-2.03996998109889
-3.05292046425127
-1.99579612680893
-0.646884934049813
-0.406612337871162
-0.899616619636821
