0.684290392648693
1.04433378059996
0.577648291261547
0.639252406618571
1.09461640989958
0.775783423232427
1.01706766815921
0.910223125946542
1.10094320043497
0.94870385564952
0.947851024966127
1.44250665241312
-0.0074744060519929
-0.11693531767876
1.02752276414961
0.816493938555586
1.43009429647911
1.1286601667047
0.343791229765993
0.640860567486574
1.1712091787617
0.787748847404617
0.644591566492195
0.217960211240457
0.485062017086116
0.624909164340923
0.635024360069089
-0.734341834998507
0.579521049467695
0.720809084459493
1.28316286988553
0.819144668116057
1.0818198496527
1.3092956331118
1.20979582643236
0.719144617163052
0.839938524814678
0.529354341376034
2.66548368941915
0.601666442270635
-0.234551157328279
0.259171413595696
1.23005651361555
0.997166693533902
0.395688661664928
-1.97886630474296
-0.00676508616698927
0.451631730154298
1.02549011946621
0.739836792841845
-0.261902297851858
1.03877865843564
1.24914688344184
1.40148539731107
1.3555101929483
1.34199391321802
0.383919443410441
0.851501206888042
1.09229278829859
1.50859789809199
0.59465730492631
0.553579699772693
0.484651126031747
0.498363057841723
0.312331467635358
0.777160009954953
1.72452968461047
0.796324251244363
1.40634468400731
-0.608937462223007
-0.881707440977738
0.731058925822229
0.00589769675973542
0.391472997740667
1.20759757880278
1.24922932403642
-0.177823387522229
0.0236129227134854
0.60854821689453
0.9919667559954
-0.853885797705655
-3.23597753146426
0.8810696174534
1.18200438561705
1.33899586215461
0.623931967690598
0.629896559840295
-1.3334963380692
-1.72642360794824
-0.945209248024166
-0.909900870656535
-1.06987535110049
-1.60530408903763
-0.98158030615982
-0.377719761861366
1.29795204484025
-0.106017253895585
0.00693602466599584
0.427931702983504
-1.18451701000103
0.801794095292253
-0.216942154881969
0.144744476902779
1.67562502663391
-0.284950934448773
-0.57201752520674
-0.0876829094971329
0.444661475680086
1.300748517682
0.90135816050961
-0.228108094766044
-1.47273581359848
-1.57204963705531
-1.28146719518591
-1.12287482429339
-1.25156421731451
0.104342392545649
-1.13075214166836
-1.38771968185818
-1.35438971152667
-1.04463241215225
-0.740433116371197
0.74616621519588
-0.665675821818112
-0.543366760425923
-0.711397779862551
0.876778952540293
0.246126260754911
0.856357333819193
1.31423529896439
0.87011852931798
-0.02220589887007
-0.00253306792835795
0.524031698373262
0.591330553806315
1.51166990992192
-1.38220543155243
0.237876759778473
-1.70294209423569
0.393804337087892
-1.46946124810817
-0.570196059419671
0.211463243822948
0.0204617441116447
-1.02381199313161
0.921766601959023
-0.718617333855267
-0.274999313112061
-0.65258036551933
0.786894248922483
0.19025128916378
-0.513858224705448
0.132204117828498
0.165781545313754
0.0252888751068887
-0.483756558909437
-0.393241439848627
-0.273094455957118
-0.33371419170131
0.185655452090313
0.367598782917586
0.351250514448829
0.119995790977232
-0.175179017677855
-0.397858259385814
-1.10906158307618
-0.56232472726645
0.217645326078809
-0.536613421552428
-0.793444200713286
-0.148417961307842
-1.92644580458853
-1.5044649736274
-1.03919379153846
0.484639214934223
-1.85338197676056
-0.600230480718597
-0.34922518926943
-0.345460893513919
-3.47137783634836
-0.554581309321316
-0.433938639142679
-2.76392589198383
-2.02164097451133
-0.643442935610173
-0.714619873874221
0.504843185396055
-0.345727325315786
-0.527898280706388
-0.783130043448757
-3.03415276399712
0.138154834968684
-1.14355651645671
0.185634820042544
-1.23581474822718
-1.1572145520356
-0.60930041598455
-0.598213619024215
-1.18474310736499
-0.841542111450329
-1.63884292887944
-0.380874452714725
-0.0602063922038822
0.0459760603355486
0.0243748868503091
-0.0524602509069122
-1.60782159601133
-0.849138683841596
-0.658312378601528
0.0501057785528907
-0.836457498249563
-0.972199527679413
-0.948726416976014
