1.52891869073176
1.35069708507655
1.39650323088733
1.25090947500396
1.43516440545596
1.63269466966749
1.63310682213454
1.6119325265421
1.49811420914657
-0.596462315866279
1.49887813043361
1.41573895357347
1.57867558646374
1.46391785522478
1.29923437628371
1.29713192445007
1.20827958820066
1.56015496695196
1.47214341200734
1.55007586675059
0.950379704364705
1.01775776973169
1.22468443440881
1.53119530074908
1.48059441198479
1.62936640595368
1.6399588209109
1.46453915215599
1.54154043860629
1.55296199315839
1.60730411159849
1.45693798562841
1.55581372057022
1.42951892969852
1.56127238177713
1.22098303668214
1.28764946506947
0.82288490532909
0.108574973485634
0.885011387410136
-0.974546691898012
-2.41212401097136
1.31217378120035
-0.331492551009832
0.0495240266355672
-1.16902004308271
0.998184940549353
-0.467645005217168
1.03650039507248
0.950785791006852
0.6723367454909
1.26011935903607
0.18272164460256
1.35278688032001
0.587843827371879
0.809846511007782
0.934247246406127
0.751130476440104
1.20105556887162
0.95624001678577
1.01339753210408
-0.0459620944758535
1.50602070919997
1.29392593607958
0.736793175226536
1.02513730370145
-0.0597517257916292
-0.508009911744528
1.24742770297886
-0.045354332254393
1.38069174710614
-0.426136056806016
-0.109263201392556
1.03937398301605
0.501651232267601
-0.766379034133933
-1.41613410503694
1.01751554013991
0.209426590771094
-1.11252069548262
-1.02953944302185
-2.05479971781915
-0.423323771494542
-0.270395628110797
-0.858215144843867
0.1123971658782
0.557762071601753
0.0722400812996851
-1.6292686121189
-1.93905626593469
-0.83028155156953
-0.454832389662218
-1.03106934282856
-1.35787654953616
0.469830848504618
-0.013175714565885
-0.134168011805216
0.0190898671033383
-0.78458192615777
-0.883024001560863
-1.31451334024477
-1.02502758742331
-1.38567143274142
0.915885420366014
-0.15643267275611
-0.612312061883558
-0.393866631145455
-0.163767871079745
-1.00148434799599
-0.628025930178066
-0.157167182639974
-0.852854625947232
-0.917876875840796
-0.783866315259873
-1.00590394291251
-0.401904291570817
-0.500433716526586
-0.259181187888404
-0.53499418236219
-0.0803100611885048
-0.0332395975174757
-0.671814687982507
-0.984104868656862
-2.42639178395587
-1.73481365219199
-1.09500406818382
-1.12192825099454
-2.11805230235395
-0.40886884112541
-1.44542145863856
-1.69772149211631
0.0768390549370992
-0.929024089886047
-1.46944534010931
-2.59887506110557
-1.62943713561628
-2.1626756616792
-1.5112400561884
-0.252677021332676
0.211947203689285
-1.94037032102225
-0.929962128424065
-0.0214379492405008
-1.02642976479793
-0.268288447722264
0.25395161831007
-0.0753907762582798
-0.334120893885558
-0.0811770486017313
-0.402642868805225
-0.472121447207919
-0.221377517438507
0.0387046859082131
0.197799281761909
0.293620073831899
-0.373837738016173
-0.045317406025495
-0.399836378077955
0.46143703054313
0.620828719120308
-0.417246986334328
-0.786252275448176
-0.409604823947385
-0.105776051462685
-0.86969109112077
-0.440494718270945
-0.437884641640681
-0.293674545164018
1.29483789490407
-0.644817417907413
-0.270933049196838
-0.238222038065184
-1.19729598285337
-0.150239715224333
0.965562278627735
-0.27980284966109
0.154675072286623
-0.344705270065232
-0.3046500713734
-0.833281182945797
-0.26604445976377
-0.368653536280227
-0.149330407305417
-0.588874164588309
-0.56928729249979
-0.121860178530631
0.25694001399044
0.187869910387453
-0.330638797912308
-0.809969726405407
-0.649307765556124
-0.167170311754298
-0.251744968617855
0.23809958124492
-0.645239314564764
0.0655044502358336
-0.302401339994782
-0.0771167653062723
-1.12329232507219
-1.38465313556972
-0.373317248519557
0.678429603534577
-0.935189085617214
-0.0382695554794175
-0.27595821795978
-0.190120075297284
-0.241689745700178
0.250665168975112
-0.898540312167528
0.390731593964238
-0.0305083261107587
-0.34473304637809
-0.112175486083745
