0.606066036061462
0.466010600585707
0.116139949984827
-0.0441184159019483
0.213300164983774
0.29021821353361
0.442125904329724
0.313715719091674
0.437217909143656
1.98488245142852
-0.168251908208512
0.610253485638315
0.251155153912059
0.564769381807928
0.634735119367523
0.625441574264744
0.610772476005764
-0.72895400214368
1.02064054166795
0.52869761333175
-0.0715282643071552
0.604935714373917
0.744895224559132
-0.332390251690437
0.174318737491744
-0.362657658898421
-0.43559311994111
0.34944953878885
0.131793835920083
-0.156229159968697
0.342338509531713
-0.441786426534055
0.267290928128173
0.403021159715562
0.133982801171594
0.318346127162109
-0.676843138929755
1.12468884192861
2.48851365827704
0.502641068735129
-0.163895689818235
0.607830437612676
0.942154799658134
1.86382228635591
0.124016915523264
0.499725530848307
0.0230988174685857
0.329846283700583
0.786200845961106
0.857137206532902
0.81384361248955
1.37619688246697
1.49795867627757
0.732873073509241
0.0443390600738563
0.00159575213407495
1.34392556828448
0.408592660865414
0.0889468815919445
0.388378463324509
-0.0428861340406874
-0.374160333358835
-0.182215722574122
-0.109442506311275
-0.53439647848564
0.612226747119656
1.28864585556065
-0.893675276632005
0.216605947377688
-0.0753957162979402
0.474754743735165
-0.652700143572897
0.345624780521736
-0.0306363292477763
-0.186466820256488
-0.844183374094875
0.454473425038034
0.0121642440537716
-0.210192187609303
-0.475733171357287
-1.03674959393953
-1.2704714495733
-0.546763052073419
-1.2884701909097
-0.194092369774824
-0.510367076651722
-0.373568064623084
0.606738903770537
-1.80354005570794
-2.61133891859446
0.947591931702656
0.433525741613893
-1.92317101881421
-1.55161517765834
1.52589822192742
1.86290869191429
0.374307502779233
1.4189320389313
1.85366660055063
-0.475141907835396
1.61365555293075
-0.315231573113372
0.219325159282905
1.89737138999087
-0.841071339686627
-0.250169657669771
-1.41869368865477
0.880184747581297
-1.47084264063662
-0.310674195949056
-1.46403559929705
-2.33294927988959
-0.328059140886502
-2.05034338070248
-1.81013414536918
-1.66135074296725
-0.837834451425926
-1.47982251769608
-1.57164080914174
-1.29828927298438
-1.6290965082199
-2.34529182946031
-1.38784632566517
-0.651782304451372
-0.258299803522949
-1.39374468470938
-0.542851764412877
-1.41809819266469
0.098820352629346
-1.4087698079323
-1.19639604502078
-0.919423373710805
-0.248188179943081
-1.09622820132811
-0.622813688499629
-2.16867714354973
-0.404861246583437
-1.76993793271752
-1.65407871530855
-0.512949732946748
0.717341284067588
-0.639817073265475
0.983094544665686
-0.870750328587801
-0.773135100818845
-0.0991829037684827
-0.0271764247431944
1.22581713899237
0.21651703200243
-0.731652913492913
1.63395280251806
-1.32429862448757
0.801152678970004
-0.552541431099125
-0.736468166453635
-0.835307055539922
-1.51057599452102
-0.513599328284556
-0.187552336365176
1.09143030538733
-0.793041072991566
-0.153039248504827
-1.09240472921163
-1.73729655360837
-0.766458947853872
1.00970772127666
0.591603052612476
0.211963297315093
0.285158868457885
-0.574981172805588
-0.210716629971627
0.866466088120933
-1.53183407177841
-1.03863803966323
-0.743468964769806
-0.652569898085119
1.52059167287234
1.56460656022606
-0.596581468567694
-1.16528460749314
0.134232797232661
0.765394904910904
-0.454162494001236
-1.06023276465841
0.338795734462363
0.282705082124002
0.897573334021883
0.997664299165277
0.883805439245042
-0.675961104804829
1.06231785404325
0.248687709268515
-1.09569244520683
0.939666842157618
0.350384028418421
1.34568475008969
0.352346673104044
0.401878703844207
0.84546219098844
-0.424270067438104
0.1524845378394
1.54181270040377
1.31705040863469
1.62241460646482
1.00481355772599
1.78346487270496
1.2242574916908
1.58673605829697
1.12281998550452
1.73655295496109
1.39928423011408
0.719814829130195
1.47101658725075
