0.582327136246527
0.276516502061898
0.830740059409793
0.379245790415425
0.346371451784754
0.911746642878333
0.789781062631109
0.656122586184409
1.16495881650539
1.02605227118069
0.493194374476883
-0.078915306272388
1.14433290047905
0.917730082374022
0.637284648382537
0.473588970606188
0.481966172624496
0.758800467653325
0.462099859159663
1.34899723738897
0.747206316099333
0.0754246670142169
-0.434617695556113
1.42246963788337
1.26250149464927
1.0199542694037
0.675386943097046
1.66120545485938
1.48647408593197
0.401796081561897
1.24404710197236
0.539107920881893
1.15111790266306
1.08100510146713
1.42439176299962
1.19510900339398
1.48220050285534
0.016128206546404
0.4651173532533
0.430003889313394
-1.7202688851165
-0.288515861888871
0.343013881639168
0.575262191581353
0.322447643996292
0.479149233779609
0.64784479318005
0.633219243567492
0.427548644388104
0.993697043096971
1.1275240493176
1.7962429676822
1.1363717830275
1.21515561476479
0.189218678467818
0.861679165562925
-0.178824455380852
0.64555705025555
0.103928918153155
1.46501964732049
1.68772591739444
0.668100036422557
0.173322953092637
0.5964283344753
0.832255399867556
1.06994916022984
1.509346485054
0.4667873553841
-0.714418073363934
-0.761124847267937
0.0873370899693053
-0.113493905289109
-0.394623072220641
-0.518015599415437
-1.02871733878201
0.259655616996267
0.572249776897308
0.194122779728508
-0.439314556887145
-0.660008331973324
-1.3791088102671
-0.904208736346427
0.412549993978312
-2.10813436733001
-0.866040556987639
-0.529112529123337
-0.298673003157391
1.25137041655513
-0.922663928180908
-1.00802971577359
0.583593140179897
-0.237008691492567
-0.713640352196499
-1.52905959144185
0.906477817793488
0.0930977874903516
-0.42977608724013
0.417448022695943
-0.369996208436494
-0.0281565180584586
-0.391729197887824
-0.946671257382123
-0.624817293874117
0.120400298625446
-0.586167937873659
-0.766900668762261
-1.81206974287269
0.22869949350683
-0.274841457304893
0.0284631614038487
-0.484503197769987
-0.880930736162942
-0.135197118264177
0.260062710604655
-2.59189176811548
-0.275024458542319
-0.834412732931565
-0.0125741881280611
-0.0773816191126647
0.322824444853501
-0.112416135018951
0.345125990728907
-0.785703035918005
-2.26685049449906
0.375663656628155
-1.13729755403737
-1.18949708206587
-1.65059866410145
-0.711025464505396
-0.779805261217607
-0.883830614828889
-0.339376650396852
0.505531726672635
-0.960290141315763
-1.22292406201825
-2.44136291686373
-1.89374628272879
-2.83399004749204
-0.460609807060986
-0.347660818343899
-2.48876648848885
-0.610955955942725
-0.730046549412876
-3.4980419051702
0.187120376455474
-0.639108996553023
-0.129443678150495
-0.439928245982496
0.119644354928331
-1.93623628883227
-2.10893121395961
-0.963423943305842
-0.616507690341283
-1.92867685665746
-1.53345773412544
-0.583707024032941
0.140341166227088
-0.365367820892808
-1.12218885511035
-1.18993783581012
-0.154850224643444
-0.544111239873694
-0.785510330402638
-2.17433219873357
-1.86124410484684
-0.82985186771414
0.527061729928809
-0.42213959312166
-1.26386033035375
-0.250015498813979
-0.639815712978617
0.756795671863679
-1.79792928624196
0.48831768813955
0.0359116849902552
1.26464818759715
1.67509891658706
-0.0627804236923458
0.300047406748017
-1.19215099074181
1.07690625660692
1.64425507797102
-0.259603402292735
0.110730834492642
1.21067125823647
0.571918843019978
0.851293249456872
1.43857448737416
1.52979217190368
-0.601370214787907
0.243947041948678
-0.564182866511165
-0.132125609373273
1.93515866357995
1.01684403176765
1.30780415141573
1.03361709917181
1.04757584298847
-1.10900268715153
0.420473593769657
0.462120409608993
0.752479990733784
0.293060020540308
0.668574775662054
0.362678167021533
0.349463198807986
-0.185751240662068
0.631340069998167
0.487753446906924
0.483291501842673
0.606913328375172
0.0691783522461064
0.586542444337312
