-0.332781341005923
-0.648298314038388
-0.452329041757306
-0.0262793513895911
-1.72395428414521
-0.233681233873699
-0.37199581386624
0.0871484208695619
-0.11115702820894
1.22267897002353
-1.12961626821679
0.0909207662580941
0.00748617153594278
0.0952817749075516
0.474667774849312
0.846402824195435
1.10419831470584
0.407793832841604
0.332680594807115
-0.44374458825712
-0.48931489186003
-0.235354172564508
0.24487536660432
-0.314979194939909
-0.316930454792959
-0.639614713451565
-0.996089133873113
-0.135198912205391
-0.431374770325117
-0.459196283678646
-0.192510036003431
-0.255294248265562
-0.313399037622922
-0.119966845261261
-1.02994863300155
-0.421159982076645
-0.834645553507072
0.334401991085158
2.02833907992096
0.958393541852254
0.0707535803664642
0.166824034091914
-0.395148423687671
1.43187909386979
0.551416335975071
-0.235423721807956
-0.465221022234073
0.584170819183605
0.156292696813188
-0.436771844424942
-1.16499803232004
-0.0392668558416623
-0.109020182439638
-0.158973381542068
0.679363836136122
-0.151781848840614
0.297007806992653
-0.822015541397371
-0.184909488925816
-0.407616159346704
-0.0416363362227691
0.227965469748942
-0.318399562692228
-0.434814054858753
-0.0685593594141166
-0.260965212496896
0.739677507859418
-0.363440042991801
0.0675159430204909
0.299946019566526
0.0721272636260799
-0.936753425867988
0.520267603668655
-0.377390309361559
0.333571871763464
1.50326383032147
0.563383821678452
-1.48121795631954
0.523248419621428
0.746387550030814
0.117221061305316
-0.0884956278302017
-0.51120662141478
0.536356771671357
0.323899851886606
-0.527276585673938
0.869617598864705
0.880358162289339
-1.75210946497032
-1.23191147900374
-0.452505352384407
-1.27508062493282
-0.940507567718417
-1.61241674051893
-0.370723465447776
-1.21639333313873
-0.556458902903751
0.199039170818123
-1.13149377263187
-1.43536260395142
0.111931779790506
-1.06302674763547
-0.314833309718077
1.37762358466967
-2.52571584859523
-2.36978583367551
-1.50890763858912
0.0318285911992033
-0.833018315812147
0.245141275314918
0.14627724003283
-1.4253080692927
-0.536410340399572
-0.52142287320814
-2.63307225813496
-1.03271810447631
-1.34788877314767
-0.894608861868522
-0.233120708504007
-1.58568362886264
-2.18929763850011
-1.38505406828868
-0.072563082718147
0.167940443066964
-0.0552844779298918
-0.792033526689723
0.169897761321534
1.36911695745244
0.799670808974305
0.708776392089546
0.422412581707575
-0.802204630630141
0.0111144807437882
0.440432143723434
-0.304286369533343
1.17989544890423
0.778325174308743
0.314112813620213
-2.18731493200072
-0.518728685045417
-0.301470101368802
0.244400337432613
-1.81417608453359
0.193791612928119
0.558247385401645
0.463465715377918
0.252853746100123
1.3994592981793
0.650960009782527
0.600198291701213
0.427862529783083
-1.35341138099617
-0.990043774624038
-1.37839761317672
0.30187877786449
-1.87030585222573
-1.23392043028125
-1.3121631758362
-0.582700369873912
0.936256256009717
-0.727789759280462
-0.161950809331514
-1.18253908143409
-2.01887067271394
-0.144137776132583
0.00261494764392547
0.363653960390049
0.687650157930449
0.787202717640017
-0.056023051411623
-1.30420382459216
0.0440531039879607
-0.609764596184093
0.708793558704565
-0.936433508044523
0.412477453710269
1.25715422061098
0.635417875892571
0.79449378583275
1.14321065948588
0.840648837200386
-0.0976043580217742
0.872226825914715
0.569691389565023
1.77461637702701
1.60897330619026
0.901561211747932
0.975683386965885
0.0202361453316735
0.113281642620323
0.475022411360644
1.37467547766896
1.23165813539129
0.992553412366173
1.4912446582706
0.329871715324229
-1.05071039877594
0.67057833343356
0.311643731178838
-0.16540867268927
1.04771405905713
2.56450402889841
2.45946010636735
2.5169731778779
2.06942315395827
2.47653469014482
1.90702239299443
2.45128821420912
2.64616393673769
2.61670448700837
0.0650108204007156
1.09520684333354
0.731800715046766
