1.40926263361875
1.12949689638637
1.21903520702769
0.806698483458719
0.886169683655856
1.43259893204724
1.45241720308475
1.39480437770415
1.14995804939424
-0.143916532405501
1.18635875872208
1.07181691936276
1.55571915545957
1.41870996042926
1.08634476683326
0.980721873620186
0.987954920879078
1.30563570536003
1.06162338935842
1.29085052224763
0.712873300171738
0.923182406407006
1.08600948064469
1.27297703620757
1.47931161338667
1.51264177494987
1.31157419028445
1.20012792263107
1.47219201624353
1.33094841836058
1.40665547783719
1.18683913043578
1.40121639825154
1.14498043883933
1.484290571938
0.774988241267902
1.12907205365887
0.408108177246441
0.03577978261126
0.757808317584009
-1.03429645716844
-0.359950628266039
1.12299842566727
0.149979478890138
0.0656930019415174
-1.0888368518814
0.529330078440871
0.693290215034319
0.924093500670058
0.74843839598948
0.822894149302195
1.28402301908671
1.29440437277349
1.00662817401708
-0.286047563190539
-0.699719154264717
0.292698578003081
0.11907290777302
1.07803515773013
0.628824622465667
0.937833529242166
0.303027497021113
-0.325227022462132
0.020856785320226
0.722227585713715
0.302387989451362
0.859749719369152
0.128454839812542
0.580039999262144
-0.0398141032490852
-0.481485434683069
-0.0272516016186864
-0.568345638586841
0.151021909734274
-0.325148659161518
-0.998247806165965
-1.33021898606281
-0.292879420990242
-0.536022812291989
-0.623025976367506
-0.332828513142273
-0.467907965479255
0.115226543288468
-0.119522350250438
-0.657784728609032
-0.342268196083015
-1.21262146337512
0.72056858313741
-3.60154922270243
-2.27942025412571
-1.45900564108199
-2.34536886829988
-1.31873829073715
-0.362838050716019
-0.923803348825117
-0.788483843296385
0.150342130864472
-0.848984497399151
-0.272665451193121
-2.00808073527373
-0.0508774603250472
-0.152239531605356
-1.17090182043035
-0.894474429046229
-0.252817252829479
-2.78244422381522
0.0321893581936344
0.273418819267325
-0.526745668628362
0.436885891311704
-1.36604020556998
-1.5993419933302
0.120209883215693
-2.96850464797924
-0.0255875318192992
-0.537593018383233
-0.0600578778881409
-3.21949870029983
-1.99331427193626
-1.01714806072362
-1.93493470101374
-2.27444740454072
-1.27044323538375
-1.72295094329157
-0.730664456666595
-0.381937374621441
-0.928041155206366
-2.23081085785833
-0.614814768385621
-1.33449484959596
-1.52756104461061
-0.018266975660535
-0.825563156016324
-1.12128687116295
-2.32828456295673
-1.57203612751974
-1.77348923349164
-1.37183679778471
0.146924307669738
-0.288090989065183
-1.41906046146682
-1.17378039177112
0.174522329173159
-0.655835752834432
-0.341214519896214
0.290726538998736
0.934006946529844
0.250432450818405
0.278159201279614
0.497211051230464
-0.365463661172913
0.195824631932776
-0.0283840337596293
0.406269826999811
0.063016777914637
-0.281965628439936
0.465625234108767
0.000637142916000339
-0.0684159910629724
-0.362778057909689
0.464009269097636
0.287841579419458
0.230598704204168
-0.451900921807588
-0.116460848396691
-0.339880996774875
-0.0347586923982775
-0.185080220256861
0.00273469919944772
0.0381748471473392
-0.06901202875806
0.107385745642307
-0.349003894405223
0.198755192533832
0.220215306546347
0.437273443411016
0.682668483609436
0.361963223979499
0.273362312144496
-2.36804796258417
0.407097313080363
0.720756678990052
-0.434368293361409
0.283927016725371
0.395795470811062
0.184322227571017
0.91623527634992
0.431594063580185
0.559312937689112
0.164099930429576
0.40905289613302
0.532140846069446
0.302805084944209
0.518253749305456
0.198769907128424
0.498847943508274
0.368680647621851
0.264355419158646
-0.187731650964727
0.795304333689971
0.617598638469512
0.314707778154594
0.318005754562086
-0.0553520231180519
1.13046127740079
0.658447386819988
0.316502393468715
0.305416721748572
0.275790544709164
0.114856866770611
0.240535247670965
-0.0646908978764219
-0.00157773080117703
