-0.945986143337206
-1.17065502243952
-0.718286630492816
-0.754321578529812
-1.49774740636078
-0.888246626436875
-0.789082458187866
-0.62431782080391
-0.297014558379532
-1.2556121009896
-1.28889396583902
-1.25830807901243
-0.421015709231409
-0.680704779057763
-0.864799660051881
-0.722408366375076
-0.68212205137234
-0.103782290061094
-0.868786139351124
-0.916381266791218
-0.366842682738841
-0.200491332650375
-0.432436949525015
-1.4630970666793
-1.18765856424163
-1.16907465996067
-0.859169173612184
-0.595593363967397
-1.18535204048019
-1.5325287190403
-0.404157491033777
-1.15857380207053
-0.51483730464348
-0.181587034363572
-0.0898286913513796
-0.197195391286734
-0.232890759607395
0.454331166069456
-1.03257100280452
-0.98101929121979
-1.27815972601736
-0.593450958620165
-1.37215122100771
-1.08562502347014
-1.65074367090846
-1.44603738252449
-0.831427489959204
-0.496435498353268
-0.944672306147059
-0.925743451497266
-1.17027737093174
-0.719922831834494
-0.714066671596422
-0.307885565503557
0.505683874203645
-0.0369400818263638
-0.12277569862883
-0.943301386217353
-0.779924054777859
-0.595669176171755
-0.455057932347794
-0.34511355274579
-1.41977218616813
-1.41035515763196
-0.804704021279163
-0.634600570388917
-0.493531442233441
-1.20382353003038
-1.27948753215179
-0.874240284638256
-1.56658623490685
-1.56527077120196
-0.717194073148174
-0.725075745818294
-1.21553886218955
-1.17196960434326
-0.523124586321621
-1.72552844960467
-0.719513503412689
-1.18267364949758
-1.3100365209706
-0.0966361110940813
-1.37545411208477
-0.242481277595032
-0.540685924147853
-0.811701924404835
-0.104607713113469
-0.910768476616727
-0.459311910879902
-0.536967344194274
-0.82464910994637
-0.681322416635159
-0.447646222250326
-0.687976494886239
-0.633381456364656
-0.557209897456156
0.14210737238717
-0.93772768300621
-0.535188852599343
-0.726342811123406
-0.469488421168504
0.279537131680287
-0.199234179815059
-0.249274313865907
-0.385648290160991
-0.682627707453506
0.45329077347955
0.912422442484617
-1.30456393488207
-1.13385314646059
-0.279655503163789
-0.147452475078889
-0.427477892589093
-0.126703979484931
-0.747352003940351
0.31318546651555
0.436322942837082
-0.465815665767596
0.114609278033058
0.0295107440911754
-0.632103620272546
-0.207395076337129
0.154921553763298
-0.0765967889539429
0.562671551006722
0.315363367795508
-0.529430760626911
-0.861177742806049
1.78858268582642
0.756789000371521
-0.108483563086279
0.582704138252569
1.57331747976565
-0.491093354989106
1.54069544943143
1.03501272821974
-0.469697858266612
-0.233466849939325
0.818584955585456
0.716178135694015
-0.232619258997148
-0.279309881986175
0.332590414621511
0.172340682269542
0.999662497367864
0.494333495472893
0.941699162142398
1.2214581458363
1.11932505648004
0.93324339637101
0.555150126599533
0.593646224818634
0.474861162159051
0.51639378972197
0.608556563941943
0.28890538138539
0.838060036690925
0.463108483676434
0.21743732757649
1.25663202537844
0.467330715809569
0.266700246764915
0.441383517214973
0.806076293493798
0.930039609954504
0.684062429841578
0.556220277994428
1.27401327962983
0.5016429391403
0.698017960542824
0.613055956534836
0.54804684132885
0.441557417353419
0.300178524334372
0.604258968156157
0.471873741293426
1.66902981646185
1.12331994320076
1.11480287097394
0.96012957573017
1.46434921004407
0.727153495145959
1.17367475775343
1.62241276987676
2.25230550615352
1.99582741967679
0.738661544245339
1.63339169274943
1.23900307638943
0.515300096690018
0.983356984426698
0.732295522390838
0.8591735178152
0.889863241493271
1.81816514015763
1.69646719189744
1.14880639733017
0.903127218476287
0.889407118373679
1.63652781274213
2.19876240488897
2.28270350208433
2.38201651243588
2.23879505463042
2.16768383490252
2.16038568965134
1.70163196659652
2.17120372762599
2.42093627465785
2.31595591096048
1.09588168795824
1.26154195100596
0.440632392908594
