0.0369682668093248
0.225988501023735
0.824754943350792
1.14016631062555
0.780356326859251
-0.326087022634154
-0.738466509586512
-0.645056277971929
1.98661627977952
-0.941415211645875
0.453796039293483
0.0886057425916203
0.189997121941757
0.626837807710758
-0.560633791066284
-0.540423700294704
-0.592273298869921
1.59925590325247
-0.678065197041715
0.0170901531059681
0.294306766185596
0.368502939520093
0.224139812826666
0.158696310780268
0.0119158711901648
-0.383990179706136
-0.576678819347012
-0.355392904330015
-0.0585143990635671
-0.277252964308767
0.470636354561324
0.272376911757303
0.0127960316493013
0.500766332062814
0.0991565678696343
-0.272520496862942
-0.152889523015577
0.441179750822632
1.80136205984495
-0.781308215870354
-0.25453607699794
-1.4819740391537
-0.737095264440157
1.42023255964144
0.15863311592161
-1.14791123537086
1.28813425816127
-0.369405135727676
-0.0202235834729565
1.58802371567946
1.20440283612847
2.21640276325535
1.41974444849282
1.64148727335517
2.05250987007609
1.50075290831786
-0.0410586710185732
0.242500953068752
0.887770647040205
0.681905433456823
-0.149017796716695
-0.411450043708484
-0.0743853339265274
0.576946713282478
-0.170366750937277
0.767389105429886
-0.300086262549275
-0.0531838664644228
-0.665390476722626
-0.573328123824599
-0.169121875598285
0.32543038441491
-0.545460018016092
1.28527684749621
0.0614393315287221
0.575409985807729
-0.595611725374494
-0.375045161169922
1.03009777730637
-1.01539381616485
-1.06767093135387
-1.57180054257764
0.374517123162043
-0.215368299144211
0.12021991778954
-0.116597265045114
1.47802105714968
0.00884380491926403
-1.34101534618972
-1.93951799716856
-0.525304284632554
-1.10826120304081
-2.12846592816565
-1.58864631049547
0.804888563847701
1.98969659885847
0.976268502897004
-0.240087897519989
0.219250332190941
-1.41206605174203
0.779527153881999
-1.62443720917728
0.430011357054308
1.49506114156442
-0.859027552457201
-0.736032332512433
-1.89444851444587
0.611029818862588
-1.62607726393414
-0.481209503490962
-1.69384856464698
-2.21336766614148
-0.551223805212517
-1.16565145643785
-1.52937398223801
-1.79494318120106
-1.38761460641126
-1.19729275645438
-1.42180797977287
0.446747313218436
0.21296802415651
-1.70887430633745
-1.93853479550109
-0.48347927678692
-1.63449147410303
-0.844541524948465
-0.53114707611013
-1.04700505801176
0.0535515146529863
-0.775797515568
-1.32958003635531
-1.03253131396085
-1.20906892763514
-0.921344438581839
-0.701144316758277
-0.474364065282963
-2.19605889569388
-1.96506980646037
-0.626405765836119
-0.035760169599397
-0.664690205868274
-1.76086378161876
-1.0195610888627
0.242512557828068
1.00596302217816
1.28587466572171
-0.754885097725656
-0.423022782230038
-0.693708916736257
-0.698135273767729
-0.366968413532526
-0.0548004101174662
-0.530606361383838
-0.358826957133133
-0.0157150368173456
0.0552310537525286
1.25621736106858
-0.304913249818413
-0.378606626875977
0.729245961342769
-0.508362935519831
-0.622135167316855
-0.401142308102175
0.398905182531409
-0.309315163851346
-0.053544611557712
0.942059955834206
0.859025518142165
0.258797431248334
1.24860211146168
0.922056938928976
1.2783857588838
0.26223837986472
0.924963160597223
1.64754923510183
1.43839726190046
0.374410592904628
1.46298363962727
0.321128255530027
0.502237256675067
0.819380969282559
1.76676287855406
0.673759341844393
0.575000612575162
-0.926188383456724
0.359473852484413
1.50869705787016
0.180067712408947
1.03989001333193
-0.467470363120971
0.428452098202625
1.04319499628582
0.276975917719766
0.781080860258827
-0.883904537857291
0.19014401628567
1.49244825660152
1.8916093879545
0.73285895445318
2.40616457069303
1.83049792578684
-0.605273230099285
-0.211897840844578
-0.755845160604255
1.46709445164584
1.25665339616591
0.438626472919085
-0.643753570916928
-1.4491229550834
-0.325315034060668
1.40150986079371
1.49096507272581
1.08649019354207
