-1.34879144082808
-1.17501387634423
-0.590467556297297
-1.76932309458034
-0.143310275494212
-1.46157516179489
-1.88832899608712
-1.6682289591197
-0.173453845216501
-0.672598144730531
-0.774332624758227
-1.02235068546808
-0.739252134395241
-0.0947628393457232
-0.801382690107617
-1.34035388190274
-1.13432395996423
-0.878679426705356
-1.33380870166601
0.251636174786042
-0.234552275754942
0.654299618792287
1.4756533610494
0.24546569115943
-0.827995676628547
-0.237786742368187
-0.66389752533049
0.555619368055257
0.268735603406232
-1.57526200375792
-0.648478698480763
-1.50496114454214
0.802783184726998
0.25685689572282
-0.173210338296606
1.05582232849584
0.695056022571492
1.26766393142764
0.648472285452921
-0.896026897089192
0.252208718210363
0.760387977679694
-0.859287689699956
1.04316960856778
0.39242266866178
0.267348581216779
-0.652344778052905
-1.70885878446857
-0.929171395427102
0.0841725098744651
0.155644435078777
0.985948823081058
1.98987794931647
-0.893256028082682
1.48678937044976
2.28493450626984
2.42138409023918
2.67300546471214
-0.038887137457317
0.144427458235067
0.0918090859789686
0.929299846942944
-0.650086466582591
-0.810410632738395
-0.635769324745592
1.21674370461363
1.34200508003729
0.253974124963879
-0.782334532177469
0.857612187116483
0.78266592179698
-0.586601805794117
1.1548072635276
0.559238555332592
-0.500280275812291
-0.580602666031606
1.42973505556207
0.31252270085067
1.01281518042016
-0.132597278162216
0.126693394751806
-0.213060247433734
0.40011303024352
-0.1315892221794
0.0925361037664716
-0.462139505899658
0.998390966180809
1.59745073376616
-0.332114981806628
-0.66382468815659
1.07087454481061
0.436367589508084
-0.638446284969843
-0.100055489617829
0.715647026744266
1.10346786784348
1.93957414594717
1.10877934271759
1.28324852598906
-0.347488430457087
2.39571022867477
0.409952785772123
2.0446160799484
0.915160223025929
-0.735253699635246
-0.663181517274341
-0.025739145296068
1.99585336339796
-1.36009196117773
-0.727479699362337
-0.362561073279486
-0.633598190654365
0.658970190267064
-0.367331574628801
0.277075325269027
0.0490340492616914
-0.929475285438533
-0.25448299883644
-0.706569377408078
0.263387972211532
-0.730881957693814
-0.163569302004828
-1.17190411206231
0.393892219428049
-1.08196967372278
-0.391003800515793
-0.493871213906664
-2.16400943785131
1.72322019791875
-0.554742889030919
-0.14051272236432
1.04965669807706
-0.725870895945224
-2.11580657580721
-0.885891650285722
-2.3292043407444
-1.24894450783453
-2.28567817363404
-0.198759238981332
1.15380052693047
0.782061823456221
-0.434279896868528
0.222587593493624
-0.493819773050957
-0.68999111844338
-0.360965771050502
0.132756861032957
1.29960043349545
0.484541947321553
0.973691262974519
0.964956799114923
-1.23745949141162
1.14400593527839
-0.020970739077892
-0.718568396401825
-1.33521551227426
-0.842910638302185
-0.0603706875574637
0.0889639290695662
1.51801595522743
-0.631353222038151
0.468406425862804
-0.897326255481621
-0.0276522857996203
-1.03803153784571
1.48376650169071
0.0727810646569881
-0.169059526207009
1.58133694863069
-1.25438677814003
-0.56041319387988
1.1152531771876
-0.417237644645552
-0.936130962547372
0.191031111089362
-0.39622345253157
-0.605075949121309
1.17685792639591
-1.55777726928061
1.0930180344204
-0.900933470311919
-0.24958561838909
-0.189598146537674
-0.100859931804238
-1.17500722150439
-1.1611000305901
0.476899229261331
0.369182189488551
-0.761993430407062
-0.909984167390292
-0.643202344401892
0.160381302067006
-2.30944066806554
0.332034810678585
-0.156356071792357
0.0609961463974103
-0.325208989783756
0.222845410348895
1.15206054791913
-0.355573985594225
-0.922997826762776
1.26767010655219
1.13177970246429
1.20361754541821
1.72192725477498
1.71467093917735
0.531047934266609
0.830794862174202
0.512646371398617
1.25513255813926
0.941094430137021
0.56190901211302
0.210351713467065
