1.1793700258787
1.07921680650889
0.677769972056256
-0.108169662144808
0.525328441038562
0.492372420432827
0.570116456480412
0.556898001213253
0.448977453655868
0.45371689324538
0.430499120753024
1.08496372227201
0.829807075808077
0.92633964867295
0.890221517294164
1.09482719759496
1.04517147392471
0.153625742185287
1.08265618434664
0.799580679225207
0.863420757246346
0.793592630148039
0.762390384828811
-0.317700081518596
0.712414435661332
0.17547338641409
-0.263834558713094
0.528463728388873
0.35351512277649
0.0174010709587285
0.791486990916472
0.223641373879182
0.566800186781731
0.981992902601546
0.81036747664571
0.519100065376056
0.772756109277635
0.72173221540894
-0.0285135112659019
0.873102877026826
0.146705328911526
-0.0128473068433936
0.0334502496995617
0.456119606587582
0.512069377454811
-0.561316790429968
0.180165405228426
-0.17901363280239
-0.2358906752823
-1.44329313216629
-1.90795294465147
-0.763642358106112
0.066294017191325
-0.58216052190327
-1.08636650783635
-0.357651107233406
0.829636734287477
0.221619817864244
0.00357451658393954
-0.0652776593526853
0.279376938299068
1.18116599196401
-1.71776146963527
-0.599289358662614
0.359556853190863
-0.358631912672887
0.553036324165357
-0.0177522352145217
-1.28953897968728
-0.360616888640331
-2.94911735876381
-2.76690818905619
0.890961136561522
-1.43226747850248
-1.94353785263477
-0.360557072009316
0.723248234908189
-1.6646752228868
-2.07573506411481
-0.201373816547357
-3.07344343837012
-2.07841159066817
-1.69241108544746
-1.74333577012431
-1.68979736418532
-1.51523199824419
-2.04286576334619
0.0948984913188416
-1.36689003323133
-0.816929169400019
-0.498114073517341
-0.266374915283563
-0.865299386193609
-0.506091407998284
-0.762222838726222
-2.49724959630203
-1.74044387359796
1.18639818674772
-0.925754483280394
-0.226074890092911
0.162230315621082
0.643446774419267
0.246915159383612
1.54252412379899
-0.347211515187141
-1.87587809042292
0.229105589377667
1.35782780751369
-0.443276840581966
0.189641624980597
0.285349941543636
-0.740670326773555
-1.46383381542038
-0.840710313432196
0.121845049321037
0.391519646282898
0.932443419692014
-2.17299076595192
-0.832826036328033
-2.8132746831933
-3.1807682249905
-1.32618981506057
1.11394043749749
1.22495778256271
0.824210032093355
0.735792661333468
-0.418016983319098
0.311572053584584
2.00793788338528
1.20198331209455
0.85290213162819
1.60194751551318
1.49476266811016
1.04625667630844
1.5361694450967
1.33913267538873
0.843868393494535
0.929875527879792
0.811109139175728
1.90574583025352
1.30659630777614
1.98883115456375
-1.12486136401427
0.600334388598872
0.156159046704524
1.07378532969941
0.109144350882515
0.641202416231189
0.261384570105945
1.04958270826289
0.184002139025103
0.381850987249754
-0.187942002320423
-0.334395785952673
0.916698070791291
0.236735194582278
0.1791035567913
-0.269137611594991
0.262061841152786
-0.161078439291666
0.560911641598127
-0.132599848365865
1.04707718745532
0.262916398268552
0.373478071695927
0.178149207161864
1.38510077330881
0.77876576489966
0.36176550568455
-0.0193920870733364
-0.278004544615406
-0.177155802021354
-1.2507116278432
1.22058500396107
0.350243220749909
0.0890861020003627
0.308196315614434
-0.210226094622323
-0.107637565751223
0.636512173630203
-0.0607881160860716
-0.504694848020767
-0.0566700042801934
0.813727118478235
-0.130897005343396
-0.118358717629465
0.324740955632301
1.46227924271705
0.245415582260401
-0.184692724064406
0.457741991477682
0.535104469793274
0.187918683475041
0.532766775644856
0.370794290224997
0.00234752433251276
0.178036859761017
0.0939021492638811
-0.878439086040546
-0.464528999550561
0.138448143736494
-0.112839869777482
-0.25804060385184
-0.130805878486577
-0.46465680294942
0.13695655124016
-0.935667851929202
-0.48790522411746
-0.756083097850937
0.140876922522253
-1.40877555260988
-1.43596869663875
-1.85677977358687
