0.96690668326647
1.15536766504885
1.03851151472235
-1.58180633410324
0.430158433676398
0.507552385698413
0.686154710730715
0.350093525773933
-0.142987279869201
1.10109051065506
0.898785470711681
1.13467774721382
0.237605276710516
1.25921384073214
-0.00457249179792381
0.788346131209981
2.28199941512668
-0.881097837000661
0.152144511679831
0.0208104314039758
0.00794260818181967
0.826520915606112
1.39616034834335
-0.0692927281382721
-0.426623221425978
0.469063194999931
-0.364093521047368
0.132361984486147
0.286738119913318
-1.10047917971831
0.0342817498308765
-1.41649287854346
0.367588557855554
-0.183625126660133
-0.579938896993365
-0.17476431267303
-0.310964436220939
0.446478295865655
1.57027113923988
0.148889003367849
-0.169647335022177
0.815758162186304
0.807757314833922
1.60562831307859
-0.331777200964618
1.52266779249141
0.956026797683206
0.105313542759088
0.372382998301135
0.99222324119356
1.32151319046457
0.928981339938389
0.924372173795142
-0.876370065726643
-0.164857542680958
-0.0167760381078924
0.888654142294489
-0.015304206317189
0.308445725256541
-0.446546392404916
0.106467394862534
-0.0646180361678202
-1.09256981557728
-0.566207655735316
-0.488461358958123
-0.0733810004486179
0.380732903316465
-0.934626929483112
-0.207768070749694
-0.137395455625267
0.0645989221945074
-0.443516058035606
0.142910393949944
1.93826756875934
0.111727723381003
1.58360446333014
-0.165631216005905
0.0485266933325089
2.21392067510806
-0.283588165999735
-0.468247264057897
-1.44263744899866
-0.847117988237923
-1.42696875868922
-0.166504134062996
-0.445586735475341
2.38947922294977
2.51030148529677
-0.0411838682624434
0.669419723160252
1.40323650270668
-0.0981177648380382
-1.43424286361049
-1.69482212332481
0.680410724276521
0.0811337828275828
0.28983195762135
0.871735908934124
-0.372341433607071
0.484826463947151
-0.580180894318317
-0.0714390941975711
-0.436558249973238
1.07968641187504
-0.584736060613216
-0.697998369151769
-0.559482802628084
1.11822849127839
1.02497516334676
1.0160757023787
2.64665183614636
0.469431211252508
-0.581722217619092
2.40699392885484
-1.75775736110419
-1.59510564646674
-1.26219597382659
-0.736128966145075
1.4986286901789
-1.53733812316502
-1.68916961803303
-0.788814729123263
-0.00293551779017971
1.3875339224346
1.10061508222967
-0.949891644648421
-1.02188544112599
-0.986568726907746
-0.928581492982615
-0.867050148113182
0.206494786173984
-1.18267792194209
-0.427140161336014
2.54639937441345
0.0603950052283539
-1.72840189361508
-0.73310676723045
0.477636521799681
-0.240298788893276
-0.956731480302694
0.765580185896468
0.386337024239682
-0.742686313571408
-1.70784438969667
-1.7820204300925
0.0180158889349001
-0.677046604173509
0.875729810852177
-0.47781938583594
-0.347638876746317
-0.171413435105694
-0.504123593872567
-0.126714373119065
-1.2695104125468
0.0296289453914149
-1.23211895356123
-0.0545150505461794
-0.220932508297393
-0.950965262758083
0.248039917320699
-0.637528763889979
-0.147679828824705
-0.0246623176575419
-1.2179651475637
-1.01910807061827
0.2785144563519
-1.3461857268037
-0.450427263986149
-1.20805343613908
0.201880423327717
0.819246006578264
-0.463554830875241
-1.29832191464822
-1.32394983392866
1.294236629899
-0.2560853622263
-1.45024880864963
0.505173508580753
0.25376458117796
2.86877894435158
-0.0372384517632194
-1.74630576442163
0.869362635463409
1.43176436710987
-1.44165128819929
1.2961174597019
-1.08049226108426
-0.238684770573082
-1.37871647024734
-0.786574805184619
0.725837268738419
-1.2483756450621
-1.74144088419433
-1.38474064563765
-1.20287472380346
-1.17019876206843
-1.13493305164818
-1.63233011439525
-0.273900733086932
-0.191775409861877
-1.01082083720934
0.612455975499028
1.44330161131591
0.760724463130798
1.21390315347277
0.838219812365153
0.551629374743874
0.519101229502332
0.342160276414825
0.713476757169599
0.494515896834383
1.05285554641575
-0.799044917858066
