0.555352105564507
0.665392373418211
0.979749277683148
0.472542714072683
0.762474268331397
1.07335362573228
0.47715801152669
0.211243143928339
0.896777955673958
1.23897052544588
1.21757285183433
0.543980420292717
0.998933644105535
0.640122396287516
1.00965397104378
1.40194872599165
1.43309025109816
-0.0422797948209031
0.46833775250947
0.942212143068251
0.545080946316749
0.700702084235226
0.697157480277961
1.63363736828048
1.04939092113911
1.51136874636001
1.70985523059096
1.17903574682263
1.31489003737201
1.34302996301016
0.519480686587634
0.830392065355038
1.04752092777739
0.683098951138307
0.755390848469562
0.938392887859157
0.982244513452291
1.37634573996922
0.2208044753521
0.640084291797591
0.337061426168234
-0.023231557509167
0.756541826157191
1.97727928332053
0.116788404528106
0.0129290845395683
0.34740865428382
-0.0545576832145138
1.06546025102576
0.635341334263143
0.681919672289767
0.853989857883492
0.592020293456625
0.343673045112035
1.13369678386376
1.01550129583674
0.771255642305524
0.553161775801381
0.574836392043069
0.426975396418997
0.0634459223704423
0.40934370196599
0.0403046226888584
0.250078631380239
0.182604834799278
0.353778020479474
0.248943205435688
-0.407583421988296
0.100102092435308
-0.576137724968636
-0.525242361057288
-1.00730201840986
-0.481959778093249
-0.756798522588749
0.172841376011278
0.0602736700702593
-0.458549506349864
-0.690826294750584
-1.17151890753687
-0.656213197414376
-0.924275625402595
-0.883778760147675
-1.24531905897114
-1.11965677125425
0.0347118721272723
-0.981656050949659
-1.40182293214222
-0.828498111902992
-0.6585277365638
-0.716135379900041
-0.558464857613204
-0.850957196158875
-0.78582117913595
-0.381753721330596
-0.384386816828752
0.241842556375058
0.0574734192822297
-0.650072442020637
-0.426658976046894
-0.984235170542637
-0.468376456458396
-0.965179713806725
-0.495800349622914
-0.450813223938493
0.186114839522811
-1.23207617700656
-1.37402331112355
-0.679933681203802
-1.24337816777321
-0.653535846437635
-0.792955939730441
-0.745946233143957
-0.737978430072064
-0.251183919520261
0.0506504209597666
-0.23367872345183
-0.939578754085467
-0.927852402014994
-0.858548265107027
-1.05369198298889
-1.07024732122526
-0.537405440084563
-1.42269725105854
-0.768506653237928
-1.45786008842283
-1.07986845894233
-0.921893308041497
-0.454728930024523
-0.557116436986144
-1.24052876101852
-0.878653222876281
-0.618305244811866
-1.22759968221106
-1.3265991721207
-1.33140572923262
-1.09067592356882
-0.939073218956599
-1.25127812477386
-1.44735583919379
-0.564894745913532
-0.26620633273855
-0.808282569815237
-0.718142706724271
-1.1553369816375
-1.37997892948357
-0.648735530161573
0.389958257037978
1.65005014063473
-0.0303249923288584
-0.0709512277745692
-1.0121929370634
-1.06616367786913
-0.5388156960658
0.483427477282064
-0.141810803372483
-1.42296410429013
-1.53737652415273
-0.982537373339434
-0.362700439591694
0.794018441455151
-1.13731273103466
-1.01976367190062
-1.100779961744
-1.17226699819818
-0.780544066128658
0.225636536119455
0.0431615279493983
0.730253919392985
0.126375254292845
-0.966681587180888
-0.410997832151882
0.00164037040624639
-1.04182763896547
-1.24154377237778
0.238421085352082
-1.46535108892064
-0.242475867520288
1.15837902658902
-1.14884431117462
0.380911330163934
-0.309560803259285
-1.01654587817781
-0.540623670078536
-0.241208087353435
-0.279575557804897
-1.22260138880668
-0.200141054675894
0.503212196768125
-0.14535194533401
-0.954887466584606
-0.157926684552215
0.292759602944603
-1.08094443957657
-0.808303544006442
0.290320853291356
-0.179705221514908
-0.565614878477436
0.301434572508413
0.361284854801654
-0.0810171605259604
0.506745358921042
2.85549011591553
2.79146764226368
2.84619709695306
2.60932401089708
2.33682593054296
2.25436436276774
2.6575847609413
2.82920223503536
2.98751075930506
0.905029232159879
1.1128451459024
1.60141304666807
