1.37315635808898
0.894232631820991
0.505906127615038
0.323372362102543
1.10752417375225
1.41476529536278
1.41415898002547
1.19691614521607
0.811423374234424
0.244696009889412
0.938714581528175
0.968090965210037
0.994290187691486
0.858715384151379
1.0932289750223
0.592166861203485
0.750324320450379
1.14178238312492
1.03218285389325
1.48167935258592
0.957359386323031
0.881925237501059
0.726402944497272
0.770255599873578
0.832863158151313
1.08129830378427
1.09015804944258
0.926449586726408
0.850602203732239
0.879077783702934
1.05088130108858
0.548310949482044
1.53412588372924
1.6408769631781
1.4432616238535
1.01869270861277
1.19265663746028
0.321947910467919
0.85509066765149
0.0362374142570951
0.0188667831211323
-0.169719761438571
1.1408607981725
-0.417196322771599
0.31414816879904
0.101270867192122
0.254019853972008
0.0999309911151304
0.539331167723741
-0.0405889533222884
0.300078797429402
0.180203428628509
-1.21363449162193
0.94630317354221
0.427746545294628
0.918223502391809
0.514460635119594
0.510563390271988
0.863387105046961
0.75364539830316
1.21302284928392
1.22374746470328
1.09425181150714
1.0557089876255
1.23166785429468
0.82578954441723
0.522222654912105
0.466767770872679
1.28152406445892
0.645337648025294
0.783766056904331
0.628554966131796
0.891723787122058
0.277381907573024
0.61837533220578
0.6780026922093
0.447014032050746
-0.0955168054630597
-1.02700772453372
0.13355327880875
-1.0364415325261
-1.7610062042321
0.450853538892066
0.265280355971449
0.216471614380417
0.127331201904758
-1.91524702553163
-1.77995822357819
-0.752226850278294
-0.380494897218985
-0.272422894174131
0.345239836283399
-0.934164265938
0.561840865405059
-0.328994394856886
0.560615120707023
0.0742522428173656
-0.982686734647287
-0.16624018335926
-0.231498574259895
-0.604064301846302
-0.0889662737081929
-0.161458478320829
-2.02839570057194
0.380289923951246
0.634792981065865
-0.727723153332515
0.218814325261134
0.0866890991255704
0.39238917116527
0.574918825732393
-0.0107923715385015
-0.40181611069142
0.491429030175994
0.534740107929795
0.617623979476536
0.0732547199746429
-0.270693778259143
-0.0715407607832936
-0.029277887643941
0.631833945594508
0.628324706980813
0.0650105232482846
0.869742945599192
0.280229876191133
-0.0648623841770287
0.0192669956568632
-0.658729321263185
-1.89621752487855
0.324116651395075
0.0808156553497701
0.421754492825942
0.205725444554514
0.172772094254329
-0.131312588976623
0.32936915630756
-0.33478235575231
0.671032443327885
-0.0109947966453097
-0.556759983566003
-0.640801665599714
0.0782207298052012
-0.825845107700587
-1.25815346163575
-1.87287145867508
1.32443685656956
0.687487798871414
0.323663631109563
-0.285029272088357
-0.715798662333547
-0.0685098503362732
-0.406139973073018
-0.231198118179336
0.0387120670376646
-0.0599257783753815
-0.331303870447361
-1.27066958999607
-0.134379039601133
-0.576813602260462
-1.08754469708043
-0.227475344051747
-0.799095832990573
-0.456344434683467
0.420725896036289
0.720783928131554
-1.3193509980015
0.193659229902309
0.924703719807683
1.26910153104216
-0.80808173402613
-0.728426299762035
-1.29106239610083
-1.32622658316461
0.345047265080767
1.10419445095661
0.460189614754051
0.00889618803519304
-1.45068354918221
0.286277628608811
-3.30468874417432
0.357470939156253
-0.990101756066469
-1.5274464902902
-0.337409924849635
0.0911872342807833
-0.217593848121283
-0.249105696666462
1.0701385033312
0.231435328505049
-0.379095227117532
-0.920259517597734
0.194747654891968
0.222383321417112
-0.602770055930919
-1.0095792373818
-0.64453228511495
-0.541933464143572
-0.690797574471205
-2.61598521302122
-0.286522418875526
0.164184239180129
-2.04257426550883
-2.95411873975052
-2.74814698847367
-2.98158910142027
-1.99063673783615
-2.46187182578235
-3.37701477354763
-2.41379594680238
-2.09261829175125
-1.60408477276916
-1.19120557343642
-1.60108117177831
