1.62103980025048
1.62565629379431
0.957624262707171
0.414315221707082
0.841271188631714
1.46250994778607
1.37696525106761
1.21686025741609
1.48165909106614
0.744892375167471
0.940553015738073
1.49265050138429
1.40170243482245
1.32267813551738
1.24140257706454
1.37792834432107
1.32830075872804
1.10661071499336
1.44982974392386
1.66447402154269
1.42687926757556
1.48113140027179
1.67581977688773
1.25107251979816
1.61679713045731
1.2751609995415
1.13317403419832
1.60165354095266
1.43352467700279
1.10237687633833
1.42762734326508
0.96332082440596
1.61975835574645
1.56657689230211
1.64923812206168
1.59131548502289
1.66464514810863
1.44815394676105
0.473984841742126
0.501243398165248
-0.511942407266496
0.48624543720297
1.27502785931505
0.591635225591716
-0.362928359323833
0.0153747732206038
0.149668967834376
1.02068165552721
1.07955931616716
1.63606650240865
1.67309657848778
1.59583709467401
1.98761473985666
1.31401788929867
1.24625942923282
1.48071661871473
1.48849706699995
1.53899053685174
1.49171354584597
1.57023479676526
0.663155818454883
0.649150054570784
0.447012556468247
0.183105513776878
0.607828541285856
0.426169527913068
1.59666260126265
-0.0622067408731567
0.0126274540779741
-0.627817447338869
-0.422542288476718
-0.586520556865235
-0.407532467153146
0.620483863441634
0.216177966511347
-0.552896455930092
-0.413416999863261
-0.756812640744604
-0.267604264056826
-0.635881491565502
-0.516885463693114
-0.352950718745017
-0.0173109684991905
-0.309822123576045
-0.339936936776053
-0.530215287812608
-0.391003110781406
0.467319228793518
-1.5430958907344
-1.72946698926375
0.277645737685374
0.0197907679113868
-0.85733062209461
-2.02033239938157
0.87231224809422
0.488310453778007
-0.702980017075773
0.387024838910224
1.29907307195004
-0.800180713145567
0.381429213385498
-1.28674002117206
-0.427574315345999
0.865726404864482
-1.46028692445874
-0.464622804598167
-0.971765502822614
-0.907031768964516
-1.51030707035269
-1.22129283157108
-1.28435352140886
-1.47510250435698
-0.628928508267104
-1.08582430063169
-2.23346562448287
-1.59738402522692
-0.945669835839698
-0.530464646335017
-1.13690943057945
-0.400043448727853
-0.301116292316911
-1.29087877941093
-1.37724916529756
-1.19982532216011
-1.13990499216391
-1.15823356807
-0.271700944087586
-0.38563908666946
-0.895236755723652
-0.948599846503522
-0.74388550646695
-0.807551425591569
-1.31327001382934
-0.553991123729516
-0.769162549301134
-0.799674412535793
-1.53782541139059
-0.788586698313436
-1.53974491272806
-0.738196296646002
-1.30891891554222
-1.09372078156118
0.441457606148539
-1.76971623995999
-0.0324111726700847
-0.0204257954801915
0.730918666042719
0.157076651160542
0.481199718198829
-1.63762588100603
0.675550380102417
-0.634028707918498
0.830578236094657
0.202290101778177
-0.341323788269409
-0.768217785991162
-0.454516830562705
-0.732452419676755
-0.533021355001876
0.70015637995746
-1.04163010083869
-1.0299485732977
-0.591207508423107
-0.638807477879011
-0.743667763103251
-0.785959680658176
-0.652476167292631
-0.675925793681618
-1.65588783880819
-0.416909591583515
-0.79961646233169
-0.329195067249206
-0.667645769839509
-0.0680316413764783
-0.47437676896537
0.391056634247049
-0.164898496546896
-0.907715742930458
0.14567235943877
0.430631380978172
-0.00559581560036298
-0.0566116253086068
-0.456451148186463
0.119125609024612
-0.655950830809905
-0.343737847679975
-0.136604377596409
-0.0211633385289393
-0.0269621655186596
-0.825176361373527
-0.00310201644482071
-0.566445640491769
-0.11030581447424
-0.182962440596494
-0.513896403566581
0.132203559141213
0.119572649587811
0.0433718344296175
-1.34113885452725
0.628507525598083
-0.397545335432411
-1.27629313751943
-1.10044272045459
-0.823286277814361
-0.876044521589556
-0.503454437212876
-1.4260728588987
-1.37977847796478
-1.27607317880916
-0.809828867309865
-0.222571381048214
0.120287326555442
-0.288849491532034
