-0.097478350685358
-0.074199734701075
-0.65985294982702
-0.374164258737595
-0.484820309444333
-0.0117331013982427
-0.0417108430213272
-0.0126965716068126
0.0199803490310298
1.04780503547317
-0.356319029387885
0.152739902841138
-0.371319810134135
-0.302067082459873
0.0504982296336171
0.18581034382233
0.767324528353084
-0.0906790310509733
-0.112493923730135
-0.0275402342156149
-0.18231446821878
0.0433709793470584
-0.0502875049071916
-0.0958753458186353
-0.182873487052778
-0.309846711099388
-0.232360591325087
-0.219597965346742
-0.163176803058885
-0.0590225624897095
0.133026146403906
-0.129090441338057
-0.0852699517006163
-0.0786553703555067
0.147770694948094
-0.108419678993139
0.0914512495601655
0.149193870236404
1.16860143975949
0.272012385649934
-0.0760207070349965
-0.216477307708387
0.187838290165931
0.979470413129328
0.0449548924081039
-0.838376389283963
-0.357242021005911
-0.612419456921113
0.409761351080798
-0.392044002534172
-0.504791677635249
-0.153170825603078
-0.402873581229855
-0.303397380402613
-0.279432266225552
0.367783740659236
0.109905898986589
0.0753655785325511
-0.172672356193119
0.143830328535216
0.210008648568787
0.502696039590047
0.386876960534584
0.348240364697308
0.612663567665251
-0.149736265437534
0.810712733900295
1.14912894273849
1.43808408699449
1.48679782036511
1.08502963977278
1.23673189900077
0.673764395045626
1.36751517506648
1.50009188996992
1.56992185731693
0.738224842171758
0.80205580405203
0.944184275359778
1.55242286961142
0.827720776469272
0.262501450698608
1.39576051822402
1.31397709367945
0.772903124527688
1.17199881964428
0.541134289201084
-2.16842539268393
-0.530856578126022
1.32885920963985
0.241795344427061
-3.61900580574588
-3.54853843451329
-3.44320754442054
-1.3496384146973
-0.063336248155212
1.43400823179361
-1.54696210136836
-1.43665144131679
-3.90731863018647
-1.64687598689356
-1.02662608944653
-0.726037497057625
-2.21134646299595
-1.97810361118107
-2.66080090108739
0.0343824980617643
0.649069530190489
-0.623998321532923
-1.60867444783128
0.590540048664724
-2.85414819585289
1.11268550755762
-0.362414435837923
-0.504083012743371
0.515540122816065
0.226044403835138
-0.525135060209096
0.681710043324088
-0.494583076921021
-2.365634599021
-1.64685851365103
1.37194270488872
0.251731395134712
1.0695408208191
0.42729560549721
1.05920897452546
0.842212567448762
-1.29969895855081
1.51622584503094
1.1679292489106
-0.0544661396092781
-0.604123885496067
1.1151562288088
-0.0739592128395321
1.3653364139405
-0.0249962406076043
1.52112419817465
0.483098441574579
-0.298476906524602
-0.224504335073224
-0.0763845672488742
0.458362166564203
0.382979971092885
0.689658044826222
1.07172925423383
0.364101844719776
0.538802068674141
0.342935013415799
0.913921339755567
1.26184920692243
0.621952149206538
0.879366568042134
0.852702184018548
0.709477269211918
0.216204820474568
-0.171538951809921
1.0098158962419
0.982514228882983
1.14900093816667
0.705481159404746
0.543332917357432
0.231302083849288
0.944867306720567
0.797862379066186
0.407922127891576
-0.283634009501659
1.09408553908088
-2.21299196550274
-0.080458239262124
0.392862305189938
-1.30809777310596
0.114840806338986
-0.138704763478063
0.00126636594017418
-0.507409839823901
0.128355067255695
-0.766469518478613
-0.152583209999775
-3.4689426347717
-0.0411212026281143
-0.857149469886472
-1.25305051957383
-0.022204810366226
0.428953700480809
-0.42444532549613
0.667279247265331
1.03208183829603
0.00419131866925917
-0.0324414214630034
-0.237553097631247
0.786422146836314
0.462835819577638
0.198477493244504
-0.534028470872183
-0.337645865057876
-0.919848317324522
0.0835541074616523
-2.08475226259434
-0.683670348451367
-0.117384505680497
0.0666479911541322
0.299145459590556
0.322220336429375
-0.220220095649941
0.467430763383078
-1.08405270084005
-0.200548640827573
0.195509084528744
0.285487985336876
0.177336669177513
-0.669200688882134
0.148334145241549
