-0.204379303432682
0.0662312530966247
0.68342908315116
0.566488271600269
0.362312098536827
0.392321935897575
0.282195516970719
0.144607279278937
0.960008810970596
1.27961704559019
0.241387734709174
-0.656462874941883
0.373106599518402
0.0214754602580509
0.488331089917469
-0.0763767416387502
0.268123364187576
-3.66669484325261
-0.142861999651228
0.434979499598008
0.114345548892754
0.261814390808429
0.119488186187526
0.261410643931419
0.182709150083773
0.338951051534029
0.213194156211338
0.369386638488687
0.377744733459772
0.396482900622993
0.700040983308189
0.193196217206253
0.183441926266127
0.687181815561053
0.18297223994172
0.393983393117103
0.379389842922726
0.0988752064765711
0.201254025662131
0.192623856211646
0.724629663248062
0.314577427625515
-0.850231615033991
0.739820424195725
1.00610729152848
0.133144876795485
-0.0521471639831233
0.0380119513273418
-1.12347764184178
-0.0615470693629027
-0.226211860670994
0.0574033681200675
-0.246636040500054
0.947628363837626
0.93016856330787
1.05338616526097
0.241706741322626
1.04592179572117
0.116450634775466
0.117813071407641
0.0771685748856791
0.321006783060237
-0.9335607220489
-0.631529673914465
0.319197975068061
-0.543106679288676
0.314371223564308
0.78558015917379
-1.14048983258524
-0.223624986315128
-1.6288445283676
-0.887022339135288
-0.342529552384973
-1.46237682544021
-1.69024757944779
-4.66253059262593
-0.388144940270476
-1.21320711578473
-1.00937481168797
-4.60354166909914
-0.231781203891795
-0.361578245573875
-1.11849297358243
-0.429595776900458
-0.974930368697054
-1.323065503443
0.0170790264953588
-2.47739293090437
-0.871484700283081
-2.72377758153666
-1.24217662435688
1.22122064003436
0.709508130106441
0.103701986190524
0.0963462530843123
0.0035273240974628
0.0877512314730801
0.752727103013748
0.0056768709076926
0.576252784331607
-0.0996983526967241
0.939860741415433
-0.71649602793552
3.18205531368263
-0.129223266598721
0.423812466964787
0.210122891052541
-0.231980499488006
-0.507656604613517
0.0841249542110769
-0.722290908639322
0.909432731585656
0.106620817771842
-1.70421248766677
0.255263587287772
-0.785009926992735
0.459778883480562
0.056625501119246
-0.06286416080544
0.826558166738368
0.834632228890712
0.723866642461708
-1.61767691456088
-1.46962816120797
-1.85077770890219
-0.830877424551621
-2.01325954317767
-1.2923815052351
1.40955134965722
-1.88910635440894
-1.93283191063512
0.0384611695339359
0.0272729115131575
-0.569067511436735
0.0712540066263202
-1.1900326638486
-1.92066403199603
-0.927818858254865
0.261873756004441
0.388372523783646
-1.31531174965059
-0.946366737849876
-0.395838973258674
0.720780176877646
-0.548513578907323
1.241826362475
0.0141946130657933
-0.0832286500307581
0.464208955656567
0.617680126916331
0.158517898925535
0.197159301309032
-0.66105810765668
0.488208938356964
0.309758452512121
0.862610642358628
0.459182006676261
0.487689681041283
-0.150785682120286
0.0383229631568223
0.790665299054008
1.18437033427991
0.881485953869456
1.51166617906914
0.431121945488452
0.44591573772034
0.537597284843056
0.120102788939677
0.433696532486377
1.45528954777102
1.86499852939236
1.00409427039282
0.856231640001592
0.239207007577016
1.67297201540584
0.140325785371169
0.510841605076407
0.406917489726459
0.66762800790552
-0.181613588046941
0.583517173163736
1.16074838712943
-0.243845587715641
0.866752244654387
0.759908564100433
0.493852931893718
1.29068225798221
1.2622376728006
0.748362102191193
0.528780547771644
-0.147073245330249
0.978506654496383
1.22641922251908
1.40894990787687
0.426405175025656
0.844393225204181
0.91091513874162
1.00324812287747
1.40645715578025
-0.00828745694173168
0.522946140601115
-1.05687357505242
-0.0822007022284721
-0.256778087645255
-1.60140197784167
0.149177604092602
-2.15211075755651
-0.919512883881414
-0.495437747114345
-0.919618904604603
0.386813778978039
0.0758083746536213
0.320168274811689
