-1.1498369051686
-0.611939034662119
-0.321981996127004
-0.647229607237154
-0.079465755067074
0.312687624100598
0.164068473293745
-0.229723416649044
-1.08543591099721
-0.669131788390901
-0.483948313028371
-1.01895191783905
0.108381558628958
-0.877010777677936
0.089254580911862
-1.49509606832596
-0.0975778628766296
-0.949383296972108
-2.00134442685045
0.0133937062689767
-0.904688934965447
0.0184411011455056
0.586329841063311
0.539985521677654
-0.183474395729716
0.491472069835509
0.194715792627296
0.0378475613106681
0.315670455263352
0.115709579498015
-1.03541938150143
-0.75093046080898
-0.00802294298771143
-1.10209377489872
-0.603322230903949
-0.958736872879617
-0.936320780865005
-1.2612766806248
-1.40649277387893
-0.686470630088129
-1.66661357522992
-2.64442729057524
-0.370365143571068
-1.05438986640043
-1.07377210760719
-1.22639908533312
0.00625403519535513
-2.40708533453349
-0.322832804160391
-0.188608984354724
-0.134205563293807
0.713769602776238
-0.0380694662310366
-1.10165494948112
-1.06668522114356
-0.966307428709613
-0.935037672854688
-0.38987402356669
0.550360395706609
-0.806222989849506
-1.44500569216967
-1.55921246227405
-1.13361460031099
-0.703268546498891
-0.720400167302835
-1.87949402393781
-0.652680118610162
0.379599505485085
-1.34987539233489
-0.641785323865429
-0.770670346497665
-0.0945832444956195
-1.47024522924566
-1.18782354136166
-1.26037768379765
-1.32435826421051
-1.114235577761
-0.753663842722104
-0.623909565277949
-1.07851386056278
0.569752920848471
0.533876424992853
0.496678434517813
0.447878198304871
-0.316774171291558
-0.140209021225948
-0.850811517296729
1.06708212493105
-0.471029795697097
-0.816903929744113
0.448412249230172
0.386196039177383
-0.236259315966447
-0.954696901047457
1.40454899257338
1.28706219467437
0.837154450032399
-0.0872576817319575
0.136139988831647
0.0273096649170441
0.00237800532105153
0.600461073281178
0.0973514163437978
-0.81740083928211
-0.0680407267866686
0.693693100612342
0.90455238689892
0.353619081490837
-0.619301150076825
-1.14385945457484
-0.970706753986393
-0.530626892657364
1.14539695419153
-0.0548586813330624
-0.878405690111592
-0.328175579026919
0.623892004235993
1.20033743345837
0.497258698607949
1.62678920020984
1.6440777907227
0.427858300003433
-0.582407670444689
-2.13817209098814
-1.24616615698532
-0.0260577505653435
-0.398108596845303
-0.446311203298632
1.23353664220935
-1.3703566544087
-0.800496485670034
0.185244149640636
-0.230153018825909
-1.71836259088301
-0.556074633341587
-2.05683159343578
-1.0036426283197
-1.52296692187418
1.0443061688408
0.675359311680996
-0.896543157998591
-0.987146824369012
0.988561621287051
0.867044669988658
1.06396397632066
-0.0974586206296743
0.950983324532706
0.246509188442159
0.780854664746987
-0.474625749342346
-0.0981742460548735
1.13781209220955
0.597669073554267
0.939106571144947
0.517561436525641
0.746792484038767
1.75776986958171
0.860224687331548
0.723825019751067
-0.757089059221537
0.726905593763445
0.734911991595745
1.17874322087581
0.224878379880048
0.888947831605894
0.751722678132078
0.709975121829919
0.558663204814113
1.15635732917063
1.25354843899809
1.24752455341973
1.27696191508019
1.08242696717961
1.49800757498767
1.22251507317676
1.91873920253172
1.52593376929702
0.70383744468184
1.51860575858861
0.190941207353551
1.31905831915369
1.69228827819111
1.52229595213538
1.7247388143574
1.1518760877509
1.59544563265463
1.25150734978045
0.754028946006541
1.41320052495907
1.28434487069541
1.50771651231251
0.953488235256032
1.47073224497844
1.24817356417774
1.17607276932983
1.60011351953322
1.75963992316932
1.10063872237024
0.254551762476063
1.96430917101729
2.00720306492053
-0.768367200149037
-1.26400811334829
-0.842969356571333
0.0429639898244389
-0.0748686162550231
-0.664567856544182
-0.852605028737764
-0.155405476983799
-0.782743726485131
1.34457228998626
0.786038922435021
1.09960484908934
