1.2168436413405
1.26110268132099
0.107400166868233
-0.16369645989258
0.150900858934562
0.486923055723974
0.688698219926598
0.469252285789685
0.82314592366693
-0.0258733948923672
0.597827523484208
0.578354120460212
1.10088195159852
0.921069728517806
0.324319677228761
0.728326323228614
0.670080779605577
0.499758016085904
0.900808036088053
0.778703855566099
-0.0578297002114785
0.518687396005201
0.293920182079064
0.622855726643008
1.0309445473987
0.893217990013686
0.988829655314187
0.667104345108033
1.1209409369383
0.362831864753907
0.381651188352672
-0.120356891950336
-0.571803805722695
-0.335207184204881
-0.0672414430775524
-0.65922211949528
-0.475263384894119
-0.572405898935667
0.040392127996352
-0.8610816067449
-2.18034816499418
-2.89910344689683
0.565510633604754
-0.245642991153566
-1.23973008913242
-1.46651959034357
-0.315666552545661
-2.32709289647448
0.772229930554633
1.28272513605469
1.66479451343933
2.08912355599779
1.04705022118166
0.156492527745784
-0.174489729532578
-0.648298055069571
-0.431017614575389
-0.401574745956104
0.840686170608981
0.164068077522945
-0.521496940767102
-1.33428960760552
-0.0894110385632788
-0.0654768403387452
-1.32479301891335
0.0501332029824486
-2.05356231601383
0.279269989679056
-0.652433498756027
-0.663554540917504
-1.22617775501392
-0.578202405813091
-1.12876007002552
-1.33067779988374
-0.664338492783689
-0.810434857794617
-0.913083478426439
-0.774313718578329
-2.04899042322314
-0.310990890476832
-0.31057605925432
-1.04848252353229
0.471402764894242
0.521669252361851
-0.280435848948835
-0.453873994621479
-2.61435454599412
0.782780941229158
-2.39285557289592
-3.18242901156682
-0.995538738907258
0.113602576608733
-0.548628946144221
-0.248130374224253
0.987864562958382
1.19463975149752
0.402361761512739
0.946408536624563
-0.0526374307574648
-0.428990065585198
-1.29356579973529
-1.75174938819925
-1.18404238665985
1.69180158283097
0.975050693017599
0.101190357064739
-1.49130994090273
-0.10565604594735
-0.540588715146145
0.356019186394058
-0.829324093157919
-0.289623923891425
-1.0677584691947
-1.24938184904221
-0.998536558705068
0.380358978732562
-0.290156109733863
-0.189345138837919
0.136576764306186
0.248947449584724
0.856313289421239
1.23577001619741
-1.08521992231615
-0.626026285383815
0.188867014874808
-0.490315472486464
0.543943012879437
0.0609924851835158
-1.82960596105832
0.253320773554168
0.308239355768574
0.15544370874807
-0.707142991040316
-0.92334900257629
-1.52122908877611
-0.492393790746599
-2.52031439933488
-1.93558420456651
1.49418837793297
-1.21449005628659
-1.90115541353186
0.214489682165353
-0.760935970195568
-0.463734410159801
0.619810644143963
1.63324975439669
0.20822893710376
-0.0394182209244521
-0.0214636770267964
-1.28752755639688
-0.607686800210909
0.23539196567033
-0.32406723062775
0.117871762362726
0.771920375943106
0.717898988203015
1.16232539237154
0.744940445731692
0.401648892220976
-0.150842294698705
0.0638691417302737
-0.219714093595588
-0.22014207692458
0.271379427870592
0.442715732411794
-0.00845565261650685
0.445808606699326
0.97690780579638
1.49990198405971
1.00055379277146
0.961387527808203
0.0187891116742905
0.0137106428854586
1.16753606780004
1.67017733159646
1.88790332531346
0.933025300551748
0.146380751761882
1.17338978326198
-1.07677190298168
0.716612514245278
1.2053254118506
0.381104366319124
1.34170057126401
0.136762629865191
0.499302201799927
1.58476518233054
0.776765568532744
1.02915914721108
1.39341877370847
1.00766722897305
1.64565123668019
0.992577881963907
1.09287792630515
-1.07979996629368
0.297442987942752
0.807279128457741
0.671078653116767
-1.83998768504749
1.7775408296602
2.09643727086919
-0.346425500250075
-0.44415283189467
-0.239838285142708
-0.343699754948018
0.518960196283357
-1.24595110515026
-1.14951049872924
-0.708221299189238
0.164013837180923
0.884496497974581
0.523919062969564
0.801916153886092
