-0.0574371593802447
0.700728467167598
0.242575213250638
0.244692242040993
-0.121950430845936
0.150847929749782
-0.413552214228907
-0.262719799956088
0.922212494409427
0.585766232831988
0.858696059461884
0.204068999231245
0.977141824051854
0.382817417570655
0.210507069389936
0.843465584401347
0.6767843589843
-0.963838169949937
0.000401898871120837
0.8335076097318
0.442858834420407
0.482655214055987
-0.164342670007739
1.21990136982293
1.16137062088484
1.73538621481218
1.59055493662906
0.741313783950445
0.744502213646535
0.638010494599805
0.606564348396484
0.527940542201722
0.775517952440645
1.58885512065449
0.723278417896419
-0.293301528668886
0.4567994128994
0.223482429731013
0.37434273707759
-0.456475754997221
-1.41913312272737
-0.76980380488233
-0.102128157483201
1.22214234229616
-0.884896055821899
0.199082685136006
0.149785635587985
-0.633717866386604
-0.0588242258064985
-0.635717433287452
-0.564503255896297
-0.365235758914966
0.430087834819646
0.665017092280196
-0.598668616335639
-0.01453504159164
0.909880841473853
0.781244585905708
-0.384251838702822
-0.182493971740848
0.05782830866524
0.198000192167877
-0.424538124816219
-0.473285882510991
-0.43266246405158
0.407227210287662
-0.522331513691722
-0.190504037374826
-0.365491047346645
-0.867283186249413
-0.353280451033776
-0.964061974136068
0.207286059973711
-0.593370412565393
-0.467567891106114
-0.987352741212751
-0.748364986487971
-1.44353073996338
0.189559545018905
-0.862004831411515
-1.47444364050624
-1.9253435870548
-0.668737421926271
-0.309160412856508
0.0545133987695755
-1.12888545464076
-0.71200408805607
1.66569972059388
0.0116027934760918
-0.549578648531488
1.49191663166141
0.639452424314883
2.47790408988924
2.6129037817608
-0.352200152090815
-0.921656499567694
-1.14371116413403
1.16237616253449
0.314148219232707
1.95317244858738
1.17733187069524
0.747955019653113
1.16898465847894
3.30065346864569
1.64883456115167
-0.192780704999116
-0.174172724900038
-0.264269492327765
0.672108707787692
2.36029957876276
0.845610949093742
1.60429920565517
-0.425645506190006
0.527087495761897
1.07034531346831
0.375029259608091
-0.442840393926377
-0.0908517403128704
-0.0927032081714224
-0.191929968772787
0.00597961037009232
0.468974794160263
0.148738248205903
-0.535444921516449
-0.604421672235436
-1.04458118341007
-0.544358937360356
0.67129673291439
0.341556455138746
0.252702330533404
0.170594212300046
-0.348698735449044
-0.354097749183442
-0.397643565241482
-0.495259845376487
-0.465236651166417
-0.13902091218271
-0.77392176085466
-0.814041378063177
-0.146303424472327
-1.98969239113561
0.197714467414481
0.16224136532875
-1.01915482670054
-0.241048797984894
0.183528502148962
0.916326608611767
0.180512088272102
1.05532945426557
1.60586003258066
-0.38718981773486
-0.761188512960335
0.415656042397734
0.0248039533902387
-0.408005321946242
-1.1389074230821
-0.786152614543396
-0.83613000729321
-0.254825616084477
0.342608528680288
-0.988695392311237
-0.662351779325407
-0.671074901489153
-0.58901670352904
-0.893480284495787
0.382429208154629
-0.526297895038514
-0.293710743277865
-2.07149941610426
-0.999232336871819
-0.788364673424531
0.335666440214295
-3.47195493253973
-0.684691655066787
-0.0751738319767149
-0.848054524871111
-0.224537604809962
1.31342532810315
-1.12385778153314
-4.18553746881141
-0.35582390745327
0.281662157645531
-1.85816891903597
-2.68130877031171
1.28313879913545
-0.690178589897547
0.0212516639953209
0.161434458241938
-0.0286142034526379
-0.87469762085733
-1.13994122508334
1.10101978200162
-1.81875799849186
0.675354352877273
1.6337120854481
0.945649833616046
0.805010939298694
0.191481728588596
-0.909549264619466
-0.514366893759904
-0.946478538828669
-0.0158048118569306
0.268987174407384
0.545543569614838
-0.7196312549003
4.51950809936787
-0.113916700547199
0.331869619003781
-0.143276696861372
0.140521977144053
-0.433418281005913
-0.425524511333499
0.107377368254779
