-1.01557306749753
-1.18177273580329
0.878643163364649
0.244895942460842
0.874367006240264
0.376634900819104
0.549790943703163
0.852224644465802
-0.169851660374193
-0.882617854067114
0.92026446819371
-0.848743190200008
-0.0933727523876964
-0.65525131193541
0.31588955201155
-1.18991157440532
-0.683731375615168
-0.957645675657651
-1.83849573760051
-0.742959997776685
-1.71628471617131
-0.962183851904307
-0.965307157318905
0.597295365466982
-0.144039562544841
0.387119731543223
0.52384706995951
-0.355619916361317
0.21095863130103
0.947624951314243
0.350907719128834
0.0762148314233227
0.00787636319338577
-1.36896491392006
0.277170417142647
-0.501734288445313
-0.0683815279471857
-0.474820482491505
0.286611699161219
0.293308478657911
-0.61782101030223
-2.49631700812727
-0.107425787540518
-0.387240659910492
-0.000949125345989096
-2.68368574702932
-0.111310845409525
-3.35927673245227
0.609408796659288
0.150074562785992
0.958733752917676
0.414886270939377
-1.12335225752329
-1.59872507676268
-1.03503492057438
-1.07802711856695
-0.6099774623731
-0.76250351983095
-1.19668196101067
-1.34059596703031
-1.54671461473481
-0.607394600369264
0.342481130132466
-0.0684875645907187
0.148237177005162
-0.549577991818778
-0.263176443138361
1.16864759088975
0.716101002191727
0.151100303885953
-0.614807874704227
1.14051273481348
0.0555239076204269
-1.34353552940764
0.308769330155028
-0.927607801051894
-0.708638473909145
0.716754982988692
-0.577268049384025
-0.0919465306744311
0.0366399508938804
-0.101148028659863
0.992218484289486
0.236161769703377
0.480443158147009
0.760556052341279
-0.0235819326218063
-2.05004603851215
-3.63043718190118
-3.31400549223887
-2.29898180949758
-0.452373714702147
-0.584672646677886
0.424576305399223
-1.31004611757191
-0.317376280133093
0.454005928474381
0.573006664595515
-0.685723862459236
0.274281206276478
-1.57161458790305
-1.02948902373377
-1.30660043652725
0.211655198415071
1.41584596627022
-0.231354217821608
0.267449304032441
-0.133135226184966
-1.81353310922458
-0.757138320704824
-0.0796124923132171
-1.44604213789381
-0.857610078712297
-0.683567303799443
1.46227258353935
1.40467022508351
0.406398323556862
-1.57392748588891
0.442467227619898
-1.26162415713889
-2.08992990671083
1.42814966003279
0.861348998903605
0.9712159149925
1.51834022299399
0.767040147689827
0.165984827133979
0.981547953430648
0.917260015454957
0.593219252412409
0.569834551459838
1.41599236560446
1.45133076259127
0.52999287135871
-0.270131469318496
0.761898077415154
-0.510252451078082
0.853088512196778
1.08376001217454
1.34184075543903
0.0547328563205755
0.937566067692352
1.35090628507629
-0.0236969501639575
0.862259268883569
1.25713979637552
0.786415016276759
0.920246694443057
0.663208749261866
1.39483975942548
0.735639331702514
0.805944167990986
0.951956991739854
0.994610321868162
1.25461554050254
0.8589785110748
0.879605010445469
0.718295880600702
1.20222285832636
0.58768950944358
0.754169803183384
0.460264933603252
1.12040366546044
1.23013794359135
1.3465074993569
0.479026744210385
0.915477004812653
1.13078888126055
0.318788972574107
0.408166246733571
0.775164921214708
0.496841403653429
-0.0981773000876346
1.12284245372102
0.965850142688905
0.649373479043543
1.04980951374937
-0.182978641710594
0.546935660375167
-2.20085746467832
1.02036363902612
0.278904681441555
-0.467506546456612
-0.0199134190734778
1.44350782635373
0.977449316276211
0.872455883584417
0.993494524751498
1.0090572272932
0.135763783552416
-0.0169292829462708
0.741029440245888
0.073891670547209
0.682906585637865
0.906058497957033
1.02050560915994
0.549899089335078
0.145317243569205
-0.0752397140977608
-0.120271976913861
0.890132859278628
-0.846870273893038
-0.800562607673785
-0.766241569126383
-0.55685644095695
-0.535265576579766
-1.86938886682641
-1.11735482091934
-0.869355364641286
-0.781486286458565
0.0905397720241565
-0.267642449630391
-0.100175122413422
