-1.04310869819752
-1.13836280284123
0.279625475042531
1.1373883247131
0.962560952607098
-1.43680356182678
-1.32776706676124
-1.00744089874488
-0.331435001627279
0.565202436332214
-0.343366272160183
-0.341321831415206
-1.15078027928921
-1.03748251284625
0.306277515910676
-1.14792381137772
0.0348200518857834
0.825754545820464
-1.23597390951199
-0.976798241100774
-0.982405947344508
-0.823036309209696
-0.697726171609607
-1.41551605826511
-1.40379394209098
-1.53961565155719
-1.68279338210336
-1.10816834187082
-1.3322719782712
-1.29904773194389
-0.740244375869339
-0.771313767733308
-1.079132173448
-0.817767050777979
-1.10120536319695
-1.22467130091426
-1.67863675997876
-0.614282663309691
2.19727368500575
2.56141817927259
0.0972595044910905
-0.269538213712215
0.862886402334993
1.3469465580229
0.226274140369756
0.590968562553763
1.8254722903735
0.390471660974947
2.25298628795588
1.50755659842061
0.873832239903913
-0.0809052991144666
0.805045375302841
0.974337112368294
-0.629984778316364
0.0832202537717687
-0.245851295416114
0.816102191094531
2.08532798482067
1.76443701480952
0.224283316992171
0.104101014757598
-1.1216496353523
0.115463581792865
0.457262256357169
0.188270006709495
-0.211428409674183
1.29143713823209
0.306005530796699
0.622128848485895
-0.477433552786847
1.32772394276352
0.0507670566255148
0.133825505740724
0.644938325211369
0.229789848137378
0.0778983450899136
0.309242226171363
-0.396570986260461
0.459791853869574
0.770585521021097
0.0511759599105784
1.54623099980965
0.29793488054103
0.663855822150073
1.2681685462139
-0.50306093239341
-1.24042374409685
-1.75790410083902
-1.84120531503908
-1.44699060828174
-1.40766749889589
-1.90275097310909
-1.25001752038264
-1.37270330181379
-0.849226308537298
-0.673922743728823
0.377376086117128
-0.785907875814604
-1.52517600450036
-0.667564919765779
-1.11568153208727
-0.592323725485132
0.73311040085646
-0.680078881914864
-1.66537507175401
-0.841842970129875
-0.461697933403461
-1.73735963855939
-0.802772482096071
-0.873195425149792
-1.67503068393774
-1.66324792714037
-1.09043250366303
-0.316724763187231
0.287671070075166
-0.343626124142383
-1.85880146865011
-0.482945424767174
-1.5082690449683
-1.79507723664709
-1.01380142650481
-0.666847669867104
-0.107217062064644
-0.338640625934896
0.213621585586415
0.933021861235456
0.5342514122386
0.873417468964877
-0.0432148210629929
0.459814231745714
0.675543083956148
0.618159966064857
-0.0455238774123822
-0.514444050974778
0.0574289976281636
-1.46259825764118
-0.748708420008129
-0.442844640252031
1.11297252852048
-0.361000252448201
-0.87660186312959
-0.55135043844948
0.897550960864672
0.344358936865493
0.465929317141388
1.98915282857555
2.20271614692486
1.04695815682665
0.694217516249042
0.764208403011987
0.0380441572107877
0.333080617859566
0.154049629924863
0.474153895891694
0.0677020619309225
1.20120317197529
0.442467242574307
-0.66336344569903
0.0257358219658035
-0.0888105353941518
-0.261504352757067
0.7176698145415
0.121666250369742
0.332082890760099
0.806593794386311
1.0319415152307
0.597873206344298
2.07863365370741
0.733037081172614
0.666297970713184
1.11470088741097
0.367025315554442
0.605933824719463
2.19301419117378
0.912899329960154
1.38889749862836
0.269581241679411
0.653866786437825
0.529808904975908
0.96270929433621
1.0882610437627
1.69305447317513
0.406335483122778
0.128533296606744
1.34123403084253
1.05896952176911
0.740320699033086
0.601037014790028
1.06483652816697
0.853510531497459
1.23998318552035
0.253679320381911
1.00142870303018
0.717779681813084
1.12648686311692
0.6675022048299
1.0888543658473
0.297546910359731
0.481570069501139
1.01597929284139
-1.31723122056658
0.460027441978786
-0.143907659708895
-0.522211624179099
0.19267473776575
-1.2938087942191
-1.00537665802878
-1.54274572597811
-1.30650360033247
-0.503150511974625
0.533822862625658
0.144063102495425
