1.04658181216857
0.147219280026574
0.781932630144721
0.47340669807256
0.121094090564379
0.406344336176058
0.148659392783736
0.0916188715003723
-0.024827015846353
1.03114812223086
0.413346159838358
-0.469675840676081
1.24689418765816
1.28992857326632
0.897094817852588
1.19800468481993
0.880580054905741
0.120704462790528
0.929778745950104
0.531192906742171
0.118618579926572
0.39152882974126
0.420341580971346
0.817793279863944
1.22982961949687
0.697957781261575
-0.246631769577958
1.01556780310172
0.862978633027197
0.855896394607327
-0.129177919124977
0.637694211106371
0.733442706738252
0.939837819595742
-0.0527478201070466
-0.0144898321196926
-0.3114391483316
-0.470630745465213
0.652468932804713
0.0758095389273498
-0.610426046287386
-0.434231931199421
-0.333365668864585
-0.144073220104845
1.13668769921109
-1.00302516478183
0.110520541607081
-0.367080309401474
0.0457405478126963
-0.780444262400068
-1.00731855457996
-0.16256335583833
-0.991609012348101
-0.0383052401672994
-0.68220016138597
-0.0432947701174969
-1.10889027316374
-0.983502729658683
-0.492971652856012
-0.825311064089387
-0.307279304901825
-0.255974680854544
-0.291358771353204
-0.0536485182995982
0.588024525806377
-0.742296101009668
0.428960265502416
0.546894060420024
-1.88839053550462
0.386742072193539
-0.679883437819655
0.0277996771719244
-0.805014340173001
-0.248401365775957
-2.14633342732616
-0.0586674657384469
-0.0480657967502892
-0.311045608957482
-0.527332211542944
0.0261887299633347
-0.453532818743704
-0.570848832652823
0.85422228815099
-2.82507662793292
-0.569402454200017
-0.281557094542283
-0.13385185859059
1.18956458349559
0.886236157291886
0.636665273972265
0.723335817758027
0.104049934600197
0.399743539570487
-1.37076141633995
-0.412602454028458
-1.06136372626297
-1.5407394118965
-0.633328371431431
-0.739583212520964
0.0285486839906419
-1.82609288413657
-1.87858522597342
-1.74486691872019
0.531737011679549
-2.62076795945669
-0.862599934206107
-1.41694558764779
-1.2003105702861
-0.151701099849319
0.685924582616012
0.850603500839776
0.541385202019955
0.0256031092594391
0.0275564997754309
-4.14702318534911
-2.47895256467288
-0.88507321152025
0.260823321455793
-0.293885891724689
-0.865822254127888
-0.748870321156891
-2.96048818036135
0.93982694521886
0.693354226737398
0.0758541226413001
0.325297251967718
0.113226715956569
-0.395633778868184
0.311673162810825
1.30559832728055
0.622343230388122
-1.39237024348337
-0.136922092813912
0.855226205318554
1.27307361479626
1.30617213496317
0.686514807678679
1.64085585522441
-1.39426692725688
0.0259716158007983
0.282309367679779
0.525308983995429
-0.819246310535571
-1.55761956254266
0.163606223909562
0.725671854127786
0.577702606322059
0.92253001927537
-0.106457154237279
-0.532845624317102
-0.244424605586602
-1.367762859659
-1.36760116320287
-0.174867675749224
-0.821303348447196
-0.629428614913226
0.255960905224406
-1.78519176915428
-1.46053518792773
-0.0372077999401653
-0.488059555063852
-0.796461642058592
-0.0730865039743503
-1.74144483114511
-1.29523143094234
-0.21198493091149
0.34468616527016
-0.0255073056901448
-1.79134209181139
0.0184457525703837
-1.16268837499122
0.520479741910981
-0.228775319154201
0.379100109635566
-0.917238610862616
1.66849104022008
1.84105066494904
0.511264450133199
0.528744411476624
1.98195776887938
1.16604297911867
0.762161186373602
1.61409142239274
1.51568876643719
1.59807546329719
1.74791126543534
0.821713447963837
2.17377148353818
0.740394280115039
-0.207204849417268
1.25694521850955
0.744504850844041
0.035678745067492
0.906273658852761
1.42523398130013
1.20420678764575
0.582368888537366
0.755716645558555
-0.0981941767013023
2.55572681036803
2.64357704682538
0.240022064835273
-0.847891817879478
-0.482218738915068
-0.219009410689712
0.349222243737938
-0.810443723949827
-0.0512870433544673
0.274563612875628
-0.161284064939
0.586829353439072
0.597489059135094
0.630237574526034
