1.00748947089708
1.09658251779797
1.17360183160451
0.867093669617946
0.72045074029915
1.52660802424427
1.67509391834655
1.71920927196603
0.842817982324198
0.449929210232244
1.05830535896184
0.858980553959902
1.40616331495585
1.17896303076584
1.46721513163231
1.3068621485199
1.24825841701051
0.787907867452145
0.984280606196168
1.05103730702992
0.477742863195002
0.591279380767464
1.06971104545566
1.44702612347241
1.58792101463349
1.66350978507789
1.75329449407004
1.48775543643932
1.48375623532417
1.85394409275327
1.31223364144086
1.47295764701506
1.34851313961955
0.906244017045859
1.15776256779526
0.798236502201305
0.618146221722079
0.371730145086946
1.43643881029364
0.285002842172092
0.554376755642467
0.206572729963715
0.813732598723279
0.407354173138135
0.888138834064961
-0.0563398770160317
0.537660887633509
0.248173718638075
0.836388330709283
1.95745910307719
1.71869058293654
0.386483523587042
0.177871966911856
0.379327417457382
-0.135638029319363
0.0726752288888745
-0.213826006110291
-0.256369402920085
1.37185397653178
0.799698789267543
-0.00336586469601435
0.728010339997635
0.537933309560394
0.61140636628611
0.519396422145263
-0.138600748846183
-0.187280963206075
0.424955967775057
0.437211392845769
1.23943896260789
-0.0331038912254529
-0.0702445208956604
0.516340581484623
0.410436672552245
-0.748190686734116
-0.387237624897445
1.16053402223461
-0.148592860764281
0.767180659065903
0.205072179733774
0.191288153338364
0.178445319971947
0.298219596964063
0.0563912680178123
-0.0546802150343668
0.0023362055761372
2.18673147998303
0.583092157242913
-0.839485938809296
0.365059230951379
0.328015407325746
-1.22882251895823
-0.161787733778142
-0.194192896539863
-0.33838384132241
-0.532003632155762
-1.05427399479074
-0.443799767155147
-0.934059748519032
-0.697628859556122
-0.676133737386079
-1.49698869297456
-0.782186168831603
0.136969644910102
-0.263531297601862
-1.85354719445621
-0.756124110898317
-0.0594196960837744
-0.0562897485540824
0.516631804617606
0.551101997117952
-0.263342403952732
1.33922159868873
0.308536229330896
0.619537296761756
0.290718916602204
-0.429448106116012
-0.525600253053765
-0.143106234633534
-0.00973085592728222
-1.70342348945544
-0.615499982781464
-0.0428241896658097
1.12603552621711
0.498682087384679
0.513076822923445
-0.774592868641168
-0.391138296483349
-0.507893042378628
-0.0426371796918155
-0.120380048773267
-0.0419445686065489
-0.324668065378228
0.492921248485459
-0.210259932330593
0.197317524780123
0.63462870095044
0.228430328664432
-0.0900198787053168
0.708770510267705
0.77426306977319
1.40016839329091
-0.948055783972241
-0.366353191804197
-1.05253391214643
0.239434390628637
-1.30251108236904
-0.815374410157736
-1.24966313379863
0.0172900248134272
-0.715401140697944
-0.804864125585422
-0.304294529690555
-1.22386954880933
-0.668107289283681
-1.29026096083234
-0.413717975744095
-0.164849780006983
-1.34908508125472
-0.183539906908405
1.49349884257046
1.16996657222136
1.16943179730678
-1.056214125209
-2.86232750294039
-1.27506531244678
-0.449402730980584
-0.153367337087793
-1.52307401650533
-2.07410465305209
-0.981078614986117
-1.59262991014522
-2.50665833573722
-0.950244757740677
-1.67482339547979
-0.370774716247162
0.0449462423305511
-0.84417875617221
-0.680004385759733
-2.08575704634269
-0.415651277467699
-0.0281474985224912
-0.983135907480161
-0.871146389819981
-1.87875406056935
-0.975173442557125
-0.358298267271346
0.886801897879867
-0.285236667044597
-1.79074078124542
-0.202964533586269
-1.2441962756478
-1.20866588919995
-0.13122022025591
-2.04517596206918
-0.820734539513618
-0.0266421050957251
-0.241633865936327
-2.35913427577779
0.930921108575767
0.424823580227056
-1.23618274147327
-1.47067642097281
-1.90801691111732
-0.999938632377125
-0.953929071404749
-0.417879666001652
-1.86095388029326
-1.84893232800811
-1.5295245083818
0.22050717871694
-1.72337637358814
-0.801754419080551
