1.0067774979455
1.00116929409177
0.827283858551425
0.430313286224872
0.84313978015563
1.01101255121793
0.963933870807386
0.898809748346796
0.886906983657743
-0.251844275197309
0.771219156867956
0.932096199261309
1.00023709373846
0.953529593257407
0.997757641045057
0.918349803665696
0.865919573459836
0.736758521239139
0.799170942702812
1.05292820885905
0.791351332099495
1.12004439266196
1.51033008202537
1.08598551249516
1.02861145043292
1.12119704147753
1.09940797668767
1.05614608977755
1.04598499809696
0.956800358580145
0.850045554642264
0.607141096128935
0.960172895966408
0.835937826169918
0.995321564526925
0.769751123785864
0.919256675389572
0.799134967162488
0.382324440694026
0.27842600635371
-0.257399632887577
0.185587617262905
1.10325232780641
-0.33307392031431
-0.329128053513509
0.0400304049606255
0.345997744031126
0.252293346907239
0.692371610237332
1.12662763395188
0.869297121553474
0.567930518561149
0.349179145926327
0.615484915348412
1.09334532812205
1.08038451534816
0.895181626291855
0.916077138806824
1.5902231613737
1.45079143400859
0.774029312714245
0.548524045492243
-0.154385950764188
0.190750958942715
0.470980634445008
0.488308133326796
0.998890845978822
0.154147109501754
-0.784549052726219
0.308233212177875
-0.972416120810692
-0.443477053861875
0.196573250767453
-0.240858498259029
-0.000783508658888703
-0.906349308906364
-0.141818185964892
-0.496031214638262
-0.705245436011299
-0.0607867781308281
-0.356664642089142
-0.800793307398163
-0.0311060648043767
0.053678220071819
-0.372564022528583
-0.385687028365406
-1.20248091704776
0.579652931222303
-2.63306568210733
-2.29741578932505
-0.635878938639
-1.9052899125084
-2.7850532452747
-2.07028296033033
-1.14164119522529
-0.633154101389698
-0.167069893543407
-0.645332248112272
-1.28863978799502
-2.06166875698283
-0.766324514354536
-0.304976497690365
-0.88237739248678
-0.759008109429391
-1.65672198619551
-2.55552802262576
-0.0757917166454175
-0.108506267771176
-1.881590273884
-1.16544030093865
-2.00696410448326
-2.84327656522079
-2.38682406142743
-2.50622061256885
-1.49519196916295
-1.23214792660694
-0.497658739225464
-3.217247313113
-1.89975549954052
-2.71716402886501
-3.06979804186908
-2.21932594783027
-0.570110767014265
-0.919937570809132
-0.865310964514398
-0.757106946376067
-0.439134222340522
-1.00669264198486
0.427327741530927
0.109748427444102
-0.231927949118104
-0.744067332838823
-1.07376926575241
-0.921959228847956
-1.20359360284105
-0.0580637222999899
-1.14913624101003
-0.822427235683961
0.156018921777613
-0.591365120188521
-0.963437976453964
-0.111784426540988
-0.136027147092723
-0.50005405284073
0.262407890698348
-0.235543657145331
1.49718956434313
0.636409069396488
1.00997767586709
-0.419691174264202
-0.96091431623787
-0.254818167080527
0.445156879102618
-0.54676101250015
-0.452581248783442
-0.713072426915776
0.314320157934111
-0.872588958056154
0.331620516084031
0.648710381369942
-0.439738042861864
-0.328463150585878
-0.280559380312955
-0.310662897215741
-0.264365752674335
0.33428436706415
0.0294343382548974
0.150784844503602
0.533245742631722
-0.106984145902903
-0.386265456655657
0.387010951144453
0.876367141803833
-0.138464790646729
0.713010381654398
0.708427810122135
0.685430475680225
0.73249017243826
0.257703293043177
-0.371815279490349
0.436326691664135
0.261982094795455
0.300110885888979
0.110923348525677
-0.128516552206879
0.359482647885777
0.841636568682447
0.481059696720314
0.258955036251456
0.0934568198539961
0.194501328392878
0.586233023017921
-0.0325682170763995
0.690685179871153
0.237668260151117
0.779844816703634
0.852546747900093
0.380637488079758
1.05230441551027
1.24403805096164
1.28494448460668
0.980441704370884
0.98023892473434
0.987568756821875
0.805671183174466
0.821424464255505
0.257150767303749
0.867407863679169
1.02613111495597
1.09709823597911
0.609331688299119
0.315149737522337
0.559518411569906
