0.501314828190095
0.307544274180532
1.59581455392965
-0.00805503896287486
0.526027781718876
0.66600128620332
0.418797790551775
0.0806746252232588
-0.0429004540869592
3.21804890350337
-0.102042234230539
0.689540301950078
0.479997174646335
1.06874749044759
2.52001198987872
2.79316977598473
3.35307973233878
0.079681944266889
1.69671485841176
0.283363948600163
0.108178780055747
0.461612448005297
1.03960321879669
0.920859406099942
0.297061406972043
0.526435651059932
0.383348045551925
0.62193312743522
0.859304083486062
0.405942361911523
0.0768113337202064
-0.142964205547943
0.177276698119308
0.538979920397815
-0.00354480270945619
-0.0866156235208347
-0.593199751334794
0.165771293228291
3.86033825924885
3.20985289636876
0.115920853053131
0.645784708052318
0.880288193219336
3.71844837199287
-0.154586716673256
0.674331944288738
0.71077862013585
0.0839532016623073
2.71371331199613
0.462580075133079
0.648827191984635
0.867637591730983
0.436495242396912
-0.0808409788700622
0.308674445523655
-0.153122840542558
0.049245192990249
-0.079882438448368
0.381143414675451
0.104234446206781
0.899911204181506
0.323916530259835
0.126965947952525
0.876017997781348
-0.02296065662373
-0.120650443939933
-0.146705746013383
-0.410142365653239
2.40387931266879
0.211743014079255
1.10462304920522
-1.05290900061164
0.922579145610963
2.57619745804542
2.34302320798668
1.72396708830747
0.165275538911223
0.342840548076933
2.31671017762051
1.4558102275141
-0.900556045285285
-0.489300041941391
-0.569095106124949
0.141177077178752
0.0703712261435656
0.331438365909381
1.5838361180929
0.902967420704089
-1.04529430605486
0.100472187206297
0.431990984222003
0.0485283056860548
-1.04200602876999
-1.24211597383436
-0.0453066464563287
0.111076423487327
0.28322122070089
0.284379607174116
-0.07622770651067
-0.48837298183604
-0.659330831899018
-0.834981718569173
-0.09394212822451
0.994551397077125
-0.866175272628469
-1.05247423709644
-0.716976552539936
-0.781757250925871
-0.216757219303715
-0.521146018033808
0.674189643756325
-1.08734694028485
0.307713468711858
-0.789792144914169
-1.26958765490654
-1.14479863015827
-0.0144115587765615
-1.06034292100453
-0.789219808067078
-0.827059177440439
-0.988178608780204
-1.05567207142266
0.227907471500024
-0.402446169809532
-0.26166061896565
-0.0823685479151153
1.21538443544109
-0.597379870138772
-0.861834742083513
0.473197300771863
0.202027837255587
-0.0847080416713437
-0.959366650849003
0.0782809756923321
0.833878212430523
0.183511682396407
-0.685152234883715
-1.01761090677307
-1.05707304494613
-0.669780999028242
-0.0631748640778232
-0.604719374433684
-0.115487307269965
-1.25678024678044
-0.875777820885027
-1.14452710436748
-0.151889141795205
0.079067406000387
0.343264656272636
-1.11057825969173
-0.0384711790976011
-0.859882508401231
-0.141246999089702
-0.793972694314607
-0.733444974496825
-1.14867731424002
-1.27132314948336
-1.0885032452418
-0.501112847535025
0.587020625931136
-0.798505595756107
-1.03142877847625
-1.1285822304593
0.270379324014432
-1.22968503830667
0.164124917329162
-0.524685763756876
-0.799728250903997
0.273837537184109
-1.02756432391724
-0.249794269778671
-0.575806614001548
-0.87381522378933
-1.21086708589153
-0.0772078241522817
-0.877075946760709
-1.15172451640138
-0.541975261040158
-0.69427030572043
0.142436466033901
-0.958979371702959
-1.16590210325391
0.344928580688799
-1.09617992554307
-1.08868595121636
-1.21579921871164
-0.817747127404332
-0.996048250822547
-1.14251150947614
-1.1509048956121
-0.844882412959193
-0.52276485378858
-1.2769287595444
-0.53586365042065
-0.78116552657263
-0.935421811653017
-1.22244848016428
-0.90804277535975
-0.400080109841364
-1.25233700489443
-0.612045204748894
0.220066535657572
-0.144041794892225
0.487660534463267
-0.230812622321384
0.53393995017048
-0.7609261805381
-0.272116628848098
-0.280614221760692
0.353685420057185
-1.00336399993003
-0.364954744631564
-0.585284855519216
