1.40285121800405
0.434056155935578
1.07922069510165
1.62802650441879
0.669153603789476
1.75231390364353
1.96360602037227
2.07291228386589
1.07666598110814
-0.617430612043093
0.751217552692953
1.14504745970724
1.24865633703336
1.01350493521894
0.986762646898984
0.607923896668338
1.02693786908046
1.73847439566644
1.14091424908152
1.41832109332109
1.47149071243339
0.653469579125799
0.306453400055749
1.01848734901702
1.02986731500622
0.286775122567722
0.668538565134495
0.855700842894277
0.783861697140643
1.49524164530235
1.19874040405863
1.804906837812
0.888734131481082
1.2282416197666
0.852615196716131
0.805065034778229
0.393303970844219
0.558209277195042
1.80622624040616
0.453270725357161
-3.09160034174373
-2.98766910008226
0.637592206002501
-0.00621676998020611
-1.60312917500632
-0.688150752841495
1.29488472215257
0.517646085438117
0.110226602480538
1.12541918582135
0.967670976176819
1.43138642220034
1.49717194204573
1.83896423360191
0.785762998370272
-0.849032793621694
-0.399714053120183
-1.13497121114455
0.237699672416244
0.799114042589758
1.82017874687781
1.12345360924482
0.786636151714841
1.02937140712171
1.40077401111961
1.78402396489575
-0.0663266880891065
0.554595627349129
0.451369106268539
0.844244870959631
-0.0234030428037187
-0.159870934219152
1.19481686920584
-0.484260256676589
0.0722092605813957
-0.0559136846036321
-0.603094777485674
-0.807859416083975
-0.616789181272213
-0.0465642414986948
-1.64273723831612
-2.91105270724822
0.233492857197697
-0.350064955323326
-0.459550278209243
-0.337237703560259
-0.741636592631244
-1.78168746984642
-0.424447650955909
-0.293737320816332
-0.528008504318508
0.142124324802662
-0.478333991562258
-0.685889403830919
-0.0962180592808629
-0.343189411220617
-0.0575000449817663
0.245847564912967
0.759782404445881
0.0334143010671276
-1.16507980020544
-1.27663701587248
-1.50151518035505
-0.389575863776115
-0.588614937585059
-0.308679404713995
-1.14063772474887
-0.521202378750187
-0.699809689478767
-0.572799656634234
-0.457637575346704
-0.0167303464503077
-0.131394556730487
0.531080698933397
-0.268230322672474
0.0603378963263418
-0.583785120301231
0.0356569667443619
-0.339928090017463
-0.355437841277474
-0.310601305379458
-0.79289898870587
0.943883789269813
-2.45253461502954
0.253907856928055
0.312651746467479
0.227393797633044
-1.77031140242724
-0.142022355690899
0.322635649494962
-0.332049392515635
-0.201370834693839
0.90356979766751
-0.407263514368981
-0.244315212130766
-1.62826041256923
-1.62859091091821
-0.508704935444403
-0.361400335991946
0.456840097809396
-1.66728212986638
-0.0839881390466626
1.23700523501834
-1.46903947609742
0.64266947129998
0.853242626295229
0.348930449775744
0.23226847555177
-0.154570880548347
-0.507244785547116
0.128813381588038
-0.447554638242795
0.908498212835922
-0.0399405517159848
-0.0378110603138136
0.187256001909026
-1.41924236793592
-0.326339002285329
0.158389065987594
0.454480198103805
0.16501967430955
-0.723402970073334
0.0922670674116277
-0.897617482163663
-0.520247490462072
-1.14847042675309
0.441871190268858
0.433073081981655
-1.23290684688579
-0.150369003642478
-0.34719816528408
-0.825518694199825
-0.725533772137826
0.862937971963213
0.0514296854459297
0.434691062087633
0.586462458099134
-1.85173784886815
-0.676870092188969
-1.19571250270269
-0.125527314339607
0.229242597251599
-0.402292823536816
-0.954327928061006
0.667789646441207
-0.0752735638744712
0.442073597599308
0.65790186783037
-0.182344323865152
-0.815297298672523
-0.375680020706531
-0.0543007441488978
-0.43181563547687
0.903791756295947
-0.429616550552258
-0.406058772592688
-0.180670328571414
0.742418783808257
-4.42480835212938
-0.0679428815675355
0.0594967990328338
-1.35592608162561
-0.468463912860984
-0.0205801931071365
-2.25787294767533
-0.215807365065775
-0.419042840663238
-1.24560303200009
-0.787262277800489
-0.828451477661616
-0.609846650706975
-0.746619052858087
-0.604280508947364
