1.54979124809197
1.33213248716024
1.55713601541713
1.39399606654293
1.35798513852077
1.37386329887394
1.30837080582376
1.2082715012253
1.28019221374162
0.781158112721287
1.47849246178811
1.41703276169207
1.67453035913742
1.66442321881792
1.62837663003378
1.58040882390947
1.76646884812325
1.33501650487627
1.53674848659334
1.70841216741956
1.62477731198225
1.32981343353007
0.826998851857295
1.37280736777126
1.65722198919411
1.37007422497747
1.34641209632447
1.58619537568611
1.50153818567483
1.3413117980422
1.51077254383922
1.40638117294134
1.72153408592679
1.76367318171348
1.72281532705887
1.62953184352041
1.55456098133894
1.4402440797387
1.40225060104452
1.26747512607067
0.0184479355920302
0.659444707242367
1.23893039990329
1.22867906825452
0.601961451154621
0.845194125963943
1.33833415983187
0.861216960610633
1.19436752858932
0.40218792905888
0.418675417540511
0.917225291719154
1.47515777009428
1.24551464183547
0.617356662604391
0.404851464234092
0.504825395755013
0.527567504926768
0.508925233850482
0.326741315904832
1.17846859027983
0.698679488708362
1.0051427774389
1.06910038097141
0.836737603793276
0.910311834241256
0.615601994228552
0.204408780540862
1.07967799489437
-0.32678716726872
0.925506200040502
-0.041276676817236
0.163914146790644
0.0696968023508807
-0.358103360189026
-0.557371491748035
0.0369165515118159
0.424130651148094
0.147903042692675
-0.347961652926255
-0.623429580492319
-1.85242550732183
0.433861838668798
-0.505979355112434
-0.138169848363157
0.341218017157444
0.746421765105187
-0.0304334457755217
-0.195579511808272
-0.153197286592554
0.0713929224790271
0.302809534273797
-0.528532919477228
-0.661837455992892
0.689302855467837
0.474716214540284
-0.541509813119864
-0.0885713426155988
0.597110542504832
0.334329925170049
-1.0039223086948
-1.86593651374014
-1.16189779729294
0.164461253890892
-0.200180054384183
0.655118172062123
-1.08027869169576
-1.1409674831837
0.211676520678309
0.137151384003293
-0.71673891265697
-0.720733760409739
-0.29363144474114
-0.569207735280446
-1.64309433741082
-1.18279109677034
-0.169797318821658
0.327378779982892
-0.0989688367629993
-0.0113846348302977
0.420013673965878
0.157398034503282
-1.19348451414774
-2.1667370338989
-1.1363569884202
-0.542961902162085
-0.277453442993127
-0.922995973986071
-1.12517318486698
-1.18995108157799
-1.3545858085976
-1.0926388374728
-1.35189795732556
-1.30542170706953
-1.77208999586142
-2.19883612072073
-2.34215524501379
-1.62092022500146
-0.12746730275237
-0.984830938470085
-1.22502769943622
-0.664020356814663
-0.149192482656057
-1.21899491386092
-1.30925311321487
-0.328450068085673
-0.736760719673318
-0.27074535868972
-0.522646548898033
-0.693142597263947
-1.52845911092337
-0.987046332271797
-0.0734295238531383
-0.615385250451977
-0.808440059818948
-1.05837101258791
-0.507594843585513
-0.698546059361806
-1.05626731339971
-0.116194905823952
-0.584445719917574
-0.562500201207002
-0.885918551046646
-0.701836950436609
-0.599782092168712
-1.78728749641237
-0.83698703909492
-0.32419917455514
-1.39691970519461
-0.678388620613963
-0.786909196175286
-1.826716616677
-0.80048338400883
-0.913571847614778
-0.572078020873585
-0.814352608684059
0.0581096933850665
-0.695658579991224
-0.653622795980271
-1.47340326287063
-0.429701373048133
-0.0261514998716768
-0.793924231873029
-1.00875235549113
-0.633496831417474
-0.552706509202378
-0.0419179548221224
-0.346435783337299
-0.377594032334567
-0.437898227542591
-0.0281470127301043
0.12527551139827
-1.50078163070226
0.143391650426786
-0.457942857094373
-0.499641724592258
-0.156261544177881
-0.457386378329817
-1.18307273022238
-0.244845693874408
0.00762361275343965
-0.566629712597066
-0.5514947222869
-0.57670629353099
-0.47883712172762
-0.226458647399108
-0.797586598046415
-0.681113127327731
-0.578322840741042
-0.875291321844139
-0.37145958479349
-0.780782033929323
-0.768734323740755
