-0.268842896089397
0.192600588154785
0.440750891687967
-0.797903394890354
-0.737294642765442
-0.176835680184338
-0.178542668397865
-0.316335742790803
0.184632078238183
-0.0109932890963821
0.588933871033982
1.24959460879766
1.17113622560745
0.746196423235671
-0.752205340706613
0.736781379961367
-0.481680641972434
-0.654170434235682
0.287883069058201
-1.00909070247518
-0.521919483482413
-0.0988286266553417
-0.121850147882713
-0.374329579049612
0.51932415387749
0.480698625200896
-0.225538085256112
-0.411200804343842
0.210525568327206
-0.245292246928078
-0.399196176876056
-0.104427799513892
-1.06133060455316
-1.32886117469537
-0.737869448799216
-0.965602225548238
-0.588843292989337
-0.341974413194709
0.96304439380947
0.999101151133184
1.36426291752468
-1.06471090719625
1.82033879330042
1.13264145079372
1.26082271492491
-1.15020014628072
0.165374918664902
-1.59922234263308
1.57895160991468
-0.249669240524356
0.348267597341979
0.159121738338497
-0.129603129484865
-0.403443939173196
-0.534669921873628
-0.14883298374388
-0.192566509728105
-0.0461731556331297
-0.550676666103691
-0.51440203240113
-0.299437721947148
0.378971643329118
-1.25967542256089
-0.648610075817763
1.00067464692544
-0.502986277816593
-0.98160894562742
2.09799647557682
-0.188771566146302
-0.0999211284626002
-0.478342517394545
0.806234596303211
0.264190195402927
2.51991172325882
1.47933632400234
2.09397468245555
0.406861826184683
0.815806613404859
3.545770123966
0.23937984246106
-0.279020944210254
-0.784713789396608
2.51170644345359
1.01961975661395
1.16124666225368
1.0047718033832
4.5996830746015
0.829832387474962
-1.55579750129179
-1.45924736677211
-0.703750655275522
-0.689598906338922
-1.33301980667041
-1.49021897994343
-0.609121319378044
-0.887470605034032
-0.531653357149551
0.705029484570778
-0.462437355589947
-0.67836956524702
-0.374080710237078
-0.483521731685037
0.0620437251707217
2.33625702543122
-1.26777503455568
-1.59700471611507
-0.472019472642613
0.067596487920413
-0.800235608256101
0.0671916495459849
-0.563327002532226
-1.55105678474489
-0.647915436149516
-1.19627748546195
-0.0964889438983495
-0.0752766003489688
-0.743809787363925
-1.69596976852377
-0.834451337607688
-1.04325411015302
-1.36940906460094
-1.18819673754711
0.507526588032236
-0.643815448635275
-0.108253627326866
0.473330808264003
0.0975194843695602
1.05260692522239
1.81400186613898
-0.590815872913743
-0.0253478417182979
1.41252772437488
1.22172461267887
0.375113372958996
2.37806378387301
-0.629774767607619
-1.4842827943348
-0.724532304581987
2.01868548593229
0.694798740853853
-0.574895996754767
-0.935091426287483
-0.543904395105902
1.51517728760651
0.343491516802759
0.974214758564729
0.64598733986326
1.04975895653436
0.442049957848523
1.46600493770438
0.0935244674441627
1.00567776084848
0.208941160520138
-1.10903367796885
0.570621766598116
-0.683953936991754
1.45393837240657
-0.145551157988015
-0.085173563116715
0.466006851017677
0.39569934281453
0.0417227787999503
2.08819801922004
1.29720599753925
1.14981686878323
0.015644492540615
-0.288209825287025
0.00273980233438321
-0.22404525475248
0.325042788320219
-0.426044108554016
-1.33112769683234
1.04657854265789
-0.646301159675045
0.50255525294673
-1.58135399842333
-0.219363333117183
0.251037314428167
-0.384081258759394
-1.39764768505172
-0.211773368625952
-0.804501154094672
-0.953991664477242
-0.622560045106053
-0.562441963544311
-0.983186921296993
0.129931306894107
1.49521505194262
-0.198307324250605
-1.03898666583413
-0.075334200082627
-0.357002318670847
-0.129629338856874
0.525086710185801
-0.865911335913389
-0.965894279523482
-0.0841050188085049
-1.03885684570576
-0.545755506422534
-0.0289048166868567
-0.812730618532885
-0.827973928891404
-0.566064581339619
-0.532997460908625
1.071411570663
2.04689506804569
0.427311946214879
-0.828586318717535
-1.21497083820566
-0.943911147148401
-0.496471640168876
-0.0469471114192894
0.230912860253148
