0.687747198989347
0.635818309160575
0.502083217842934
0.810014216756023
0.537891999324482
0.379228816202896
0.415665771727472
0.387647884153505
0.835264637481524
-2.00182703645178
0.201233977799935
0.91612363524298
0.0629193716708192
0.225302729015914
0.361541266085906
1.03079652895267
0.788510071581342
1.05092749820476
0.870235322654918
0.461549180377001
0.24817256813684
0.245028457472935
0.653680877261025
-0.320175218349922
0.183990058675342
-0.292689594183153
-0.207842292375477
0.299225577884133
0.398058274210453
-0.336011906978866
0.911057499412029
0.249743152472175
0.465993629039131
0.764075973875724
0.759265503508206
0.0383259975049679
0.378984757987673
-0.2017043757678
0.841918681353641
0.564371067464163
0.133437381117963
1.41894329783842
1.29444828497503
0.312444865268043
0.61428623418719
0.835083636922135
0.445040133309238
1.3117989286317
1.15329772628242
0.41977832334193
-0.121357561614271
0.53167200067151
0.956764238132646
1.04138769799748
0.605428255174652
0.863666971790466
1.12319886164116
0.981862181185814
0.774469170557487
1.28699985000036
1.60315236672405
1.7905850163926
-0.248168530071628
0.387242465242523
1.09827519914215
1.37327860610878
2.25357857101802
0.260141371594991
0.411225226213572
1.20027366292548
-0.250291550662672
0.524617695087511
1.60625247703687
0.5472313322682
0.952567615330376
1.48477069741293
1.2978300904251
-0.518615341361914
0.797517341078347
1.27319658809952
-0.433500795675059
-0.869741469985425
0.128454654736314
0.556713054584471
0.409698652648885
0.444036097653668
0.980228783449111
0.104118068677121
-0.699221869826408
-0.473947426689036
-0.520707821148174
-0.256200178323026
-0.226622252878097
0.473514256688234
0.118143715899547
-0.0706630236330968
-0.0921849871353394
0.349305169924439
-0.0616822447404354
-0.108752492532827
0.137843286608817
-0.598918096097473
0.314212407651574
1.35261092410369
-0.13369359983293
-0.559342006226914
-0.465551841966121
0.713998118741126
0.390254519520526
0.714698366288456
0.67631436918001
-0.28006240208345
-0.577059445256891
-0.354759986857992
1.20602104884737
0.599373066877126
-0.239885006192235
-0.471057098165833
-0.38664502171192
-0.646022789399498
-0.755334494564645
-0.394135948029711
1.23214835527901
1.11642960746223
1.25808384917113
0.588965874264071
0.577788850519269
0.840767626313443
0.530203982555044
1.21268058150458
0.878021391544219
0.754469187515176
1.08979290264137
1.29149609194866
1.46203129957795
1.3568261034947
0.0560382903694556
1.25199409104687
-0.214544387277521
0.328142229706432
0.192926083565704
1.23785244841219
-0.315007689545225
-0.987704423010399
-0.126225066473952
0.913876932420953
-0.623712809384687
-0.327686125078948
-0.763325581185485
0.59911216817479
0.295794263308451
-0.650284123812229
0.405140209819697
-0.291149750622312
0.598006154471345
-0.520572144745622
-1.5966479359626
-0.378480119943141
0.193509988835398
0.684002083861098
-0.0689290999553956
0.0206601976668138
-0.139201295391602
-0.157709305892823
-0.506366652602745
-0.877613224246737
0.170872402960185
0.336967959847773
-0.535755029733954
-1.40122909092224
-1.09531852309673
-2.18434481840806
-2.46972339689099
-0.492279183030739
-0.870231342505839
-1.39150291641899
-1.23228417976773
-1.15773887917583
-1.67556773577608
-2.3740140778804
-1.09624404850951
-1.50493482960307
-2.07888983810191
-1.64027860083937
-0.49521317642451
-1.39546953466819
-0.708080368873384
0.140438414038215
-0.727090320931518
-1.74788617775533
-2.43464951028329
-0.945226011098749
-1.47705821638839
-0.959859772601931
-1.28732555316669
-1.35520954398745
-0.917890024567987
-0.657723039199462
-2.28900563421913
-1.62601464055864
-1.69672441960871
-2.46645964389951
-1.42711551290668
-1.62149395564506
-2.30279822737087
0.94880737350805
-3.39863554242658
-1.70061419141749
-1.50976466961327
-2.45366393840266
-0.900791090673909
-0.0627000743626386
-0.877188904879916
