-1.38567673718076
-1.10324776843614
-1.51877211466584
-0.891169877361265
-1.43103911700798
-1.11393528438711
-1.03631190146936
-0.884255817499499
-0.522389181115629
0.395335326076287
-1.16952048143999
-0.293116803661606
-1.63468590188805
-1.53689625579321
-0.831734327106878
-0.0952995417594153
-0.0504974830356631
-0.274566797404474
-0.879193138218634
-1.42542361993551
-1.87607411122597
-1.44882582259956
-0.440452532983187
-0.955273218360852
-1.42110278108251
-1.14515025415139
-0.937208703828912
-1.26595679663869
-1.27947553524672
-1.06876116715267
-0.64036515340488
-0.774118047839741
-1.38620069787311
-1.61425754279252
-1.21371019167178
-1.66011568342347
-1.53240499304078
-1.49345431173544
0.505975216645945
-1.11992740942449
-1.25184924245568
-2.04655973998492
-0.368288129488601
-0.0303885374174248
-0.859440251648331
-2.56174370791206
-1.31524759749325
-1.25179121039592
-0.696083674083483
-1.7536328532591
-1.4879188051289
-0.254911741126064
-0.879362936227767
-0.512738185314676
-1.74767657402619
-1.88847563631253
-1.05382826823762
-1.77635324492785
-1.53515584913627
-1.11467165387733
0.643073155103472
0.151399744282939
-1.3825817310416
-0.257668162550767
0.142324310407813
1.0552570243353
-0.209721763349306
0.423509196103252
-1.04373163712526
0.198129628578388
-1.9686965288591
0.0266283593069246
0.226252807722162
-1.02912132947999
-0.183294400980098
0.73967423025401
-0.3445199398173
-1.97392718786795
-0.549372002636914
0.61875904399215
-0.370639229948996
-0.522498309189733
0.70699225725013
0.813840381801953
0.309103385983349
0.177998601026378
-0.551175899207803
1.43740244944589
1.10276451489828
0.956674950335655
1.40684199712017
1.38967829084242
1.31847458016764
1.3654052441345
1.48044345321993
1.50897335393064
0.911382686175522
0.776778146493453
0.990385770404213
1.40293979034658
0.773058215227777
0.586923571256273
0.844591942796493
-0.434114592173286
0.992855103493613
1.37916577312966
0.309567076328488
0.690567989668317
1.43069249121734
1.43103462428745
1.23182133713569
1.30914162014857
1.18993649958056
1.11063479213306
1.009589779983
0.999722263345871
0.323731550210514
1.52339571389104
1.12604760223142
1.54910495533346
1.68935889014074
1.19254133946918
1.03298094859309
0.811599484139584
1.38369513813176
0.870975122974927
0.790245426022666
0.911648218415964
1.22923894290858
1.64766132685799
1.20721485996621
1.18289978306421
1.2632550633713
1.0071623992027
1.23456815571632
1.53547573095531
-0.20630571110304
0.817457920523028
0.868731640933482
1.05144749009808
-0.383065872957768
1.08857173314364
0.451690655552261
-0.227999144754222
0.152971830856765
0.660148119487271
-0.18725987351345
0.410911400343393
-0.507453651258429
0.608259476833281
0.848959753113172
-0.158339579549598
0.403401308446338
0.822769756463579
0.649281326914112
0.0229753669077139
0.0299153289359244
-0.137825990918532
0.636723947715754
0.731731743245061
0.65162540036332
0.269296705701217
0.601255765031283
-0.0355465763523123
1.14304210484985
-0.0685355605413965
0.635469322022872
1.55216346422041
-0.443300177053108
-0.299325408145283
-0.707608061367961
-0.801743584338056
-1.1455916612762
0.093674963434794
-0.255051855014202
-0.741396574417091
-0.4540564192031
0.520402869540548
-0.215367808544075
-0.226162609339291
-0.283094106599172
0.970339432465721
-1.22362810958592
0.620584608148882
-1.04264361755152
-1.28386969288522
1.12019078157125
0.576168436552836
0.158323935559048
0.159549978811855
-0.217978274359798
0.955967406872101
0.314166011138943
0.582483917581548
-1.66912189440558
-0.859762697536265
0.506682433727227
0.80276818753276
-0.746252901400353
0.656759752659389
-0.432764708846556
0.736342887091634
0.915414739224016
0.783788601176084
0.36021697792142
0.891308551562411
-0.00210390638003005
0.264321758717968
0.477212435554331
1.00701019665642
0.589396217759374
0.176507987151657
0.188017427894702
