0.0182046858270587
-0.21093670053274
-0.181124369720758
0.778141292321221
0.356935542014707
0.291368616634241
0.27456687143688
0.110010319816275
0.517212749990899
1.10546732700723
-0.122389738674388
0.236626002838167
-0.0656639133983594
-0.0565816789340699
0.576715513003695
0.517384511854494
1.33164071003338
0.725667115859171
-0.0401357092971284
-0.1666907048667
0.62024676172496
0.55167692286871
0.319973855744187
0.286234386168387
0.592648243696708
0.196445276043964
0.306098022256641
0.0758867679514344
0.466183725016465
0.340209735174524
0.487429431436623
0.228254962418132
0.113783095420194
0.650521470431433
-0.00834367754003111
0.710005430686254
0.475033489750774
1.06945334075577
3.37908716826035
2.77622390422779
1.00518063449702
1.17498368896345
0.948515121751215
4.02210111417134
0.61096599812148
1.43218098177284
2.60313481123214
1.41798582298822
2.28196633377475
-0.176063309142987
-0.726499054838868
0.471783129556723
0.597583624361199
1.82872493173995
0.283110005431119
-0.198762808260727
0.153142079887653
0.120093017923656
-0.355116577171041
0.989538980395065
0.693154027481635
0.700442803018913
-0.00223268915280863
0.427179146245112
0.873907242007076
1.04238167762877
1.7240768285244
0.678072902319019
0.615390122774677
0.227313813671863
-0.740472874256738
-0.620538130769043
0.75202991935598
-0.837177525962963
0.426903486530934
-0.524759664724156
-0.436458996284556
1.31660708048643
0.0563644383236818
-0.170883159738801
-0.486118996238132
-0.713197666956969
0.465471012499804
-0.640045702341973
-0.0532227234971736
0.0419851411507106
0.444294473797937
2.07547040350648
1.9371757987855
0.965053099472592
3.25737017025151
0.0821913115100849
0.0626527697965774
-0.0752032970095071
1.53848918578897
1.00515071594952
0.116705193679484
-0.189838216016382
-0.242801158120313
0.149274416564574
0.31920325925543
-0.171564715304786
0.679323984077279
0.472076203897538
-1.08394681394009
-0.332100437853138
-0.709376469333013
0.579613031692857
1.40221312070469
1.77288294022734
1.40996703295329
-0.60880055969649
0.724803936316969
-0.274908255854899
-0.119448659262237
-0.862019835371247
-0.461485360344611
1.48810712637924
0.91578118117669
0.908464422834991
0.68992236585157
-0.767534306447355
0.349695456752939
-0.11165449142961
-0.0690592614442218
-0.20052905949791
-0.282076582900333
-1.10133803417417
-0.00130347973596434
-0.474131903640635
-0.734070669025649
-0.246006318438349
-1.00459892360446
1.3135271517629
-0.766393331244187
-0.74217071112343
-0.278129038300038
0.136731901087972
-1.14674695883647
-0.0757320913264706
-0.893238018861232
-0.802003824448
-0.431332731256725
-2.23189626899361
-0.4690125851413
-0.74217071112343
-0.810511248630837
0.121269232871451
0.212234163039522
-0.675730644827012
-0.311680913931736
-1.20062972797951
-0.198020192224499
-0.539533405975849
-0.49652114313492
-0.00663238254559091
-1.84961163504251
-1.09874752573656
0.325188927260302
1.57308486084136
-0.955508670481888
-0.640820031874418
-1.07371342087946
-1.21483704242508
-1.62996356260913
0.772260121425863
-0.0850976557137977
0.271487110870086
-0.749805848069655
-0.442574180843593
-1.22561888569667
0.126906743616919
-0.71640727607278
-0.945346137340307
-1.01580356083295
-1.8431562270804
-1.85597368259455
1.12955056636085
-1.97841710629596
-1.11763644327642
-1.42807813279589
-1.62502299384673
-1.3347039868598
-0.634581721198936
-1.11912635805676
-1.51407452874727
-0.941842482928411
-0.789113825807577
-1.58244775495381
-1.50881908215568
-1.36703673728074
-1.03112565608632
-0.418461884570747
-0.988476538895445
-1.10463155540937
-1.19812547254124
-1.83100900938257
-1.80712893437557
-0.00577979354335443
-0.720337921545865
-1.17812382352494
-0.149163430614747
-0.665958576200198
-0.585349550026121
0.519708837625426
-0.230089127229325
0.191817056684742
0.236602054408743
-0.236360715029451
-0.359811978023953
-0.912006542730716
-1.02775080982249
-1.53498056863633
