1.55771425691583
1.48700470918206
0.335588185688263
0.589125542321414
0.0584162774383265
1.3153232069037
1.17973488451748
1.12051820798255
2.28139061521566
-0.656086470721358
0.343358833916902
0.484294140955825
1.07289034661533
1.23457931473403
-0.0894773273835062
0.507436862013715
0.00746120200829775
1.98472977374585
1.35517879706679
1.36182869182008
1.7705869606576
1.39031606693869
0.635551070447606
0.768213989249289
0.849669870577999
0.759528543057096
0.650854422218729
0.703392248297349
0.625674895005117
0.643579042639382
1.9627659679912
0.708296069209787
1.2906815590315
1.34216333133517
2.31010881985312
1.49359931481955
1.39453300348619
1.60244616111796
-0.0650256629410184
0.0777258146231973
0.057353587131357
1.93596174863783
0.342822816771905
-0.119971426485025
-0.176150067454457
1.23585055447853
0.566197151258086
2.45272510742143
0.708165872235647
0.357069436594194
0.796473992568345
0.8992569545306
1.21686271414221
2.20401192915062
2.52717545787539
2.1406219261274
0.83547026648525
0.954713426038101
0.223270465859337
1.35579707314382
-0.127409926388285
-0.0702817943369011
-0.499200089306175
-0.138972226426886
0.52580161433466
-0.191135641092042
0.972096284718007
-0.742189986147451
-0.101239329602793
-0.634572917634848
-0.57260036094948
-0.85517008664696
-0.857563566944945
0.780461718405139
1.17948269129949
0.413712211148948
-0.462923067201146
-0.118204573744291
0.249293090819831
-0.713742376912832
-1.13966387980456
-1.38262118587191
-0.412265457101312
-0.640484671694695
-0.542482684502805
-0.57613328052472
-0.737798269407919
0.202918423082788
0.958167395295651
0.257556332777794
0.535198708897644
0.674703395786935
1.34942750675022
1.48684031600268
0.903248808603481
-0.112946794399439
-1.28578544982023
0.381565374998673
0.206729418678337
0.918195887312594
0.68205799653545
0.410167764485765
0.539515464124092
0.444902176858952
0.785405883288156
-0.0739487702420242
-0.405702484945162
1.32092340475254
1.5809692226861
1.59175764299465
0.476948729103164
1.09923597596797
-0.720760685620619
0.210490905477
0.78830376837451
-0.370793403425938
0.0708026425156516
0.011728169765931
-0.0156289895686394
-0.699272193961216
-0.932281407037031
-0.106993744977886
-1.07890278510344
-0.715747865337184
-0.268991864898743
-0.896364760836678
-1.13448772648367
-1.1498295385105
-2.01090802167225
-0.819845668466991
-1.16399541967425
0.01820824000735
-1.96690373872495
-0.348554072605437
-1.41720023495005
-0.653560304771695
-1.01232932552509
-1.35100694416933
-1.88808405289526
-2.56397050363681
-1.08903203131251
-0.775040105830063
-1.23156309373303
-1.52158426879169
0.427596572699683
-0.480889207058643
0.386922245277422
0.787418960543728
-0.13555189385963
-1.1561641644257
-1.88862000509773
-0.708019764466763
-0.337076237077652
-1.01899564175455
0.27661455212551
-1.59290358595358
-1.6559028153019
-0.362604167165634
0.545842847581706
1.36983958894772
-0.323142172588351
-0.899599869462067
-1.79952730562929
-1.84908943743713
-1.05243320084822
-0.0721988922174469
0.292945906900381
-0.568393694393496
0.15708164999435
-0.993388983474206
-1.66926748769643
-0.805745822188174
-0.219879506471086
-0.558484645203932
-0.808290366214623
-0.849719380369634
-0.72685386454012
-0.542606475888916
-1.42014192206165
-0.68021186321228
-0.875349544051934
-1.170540457265
-0.463254778732678
-1.08116478559517
0.0112573342106382
-0.9428910865808
-0.531507495030524
-0.283318418885788
-0.799564352946289
-0.931770761888108
-0.630112846807238
-0.316951371484856
-0.913531335373974
-0.0165491963550129
0.127414498483207
0.00275155978912367
-0.175969527047569
-1.08531531717221
-0.757917069936007
-1.34180121768477
-0.416935966667635
-0.775687733335946
0.0718444988085923
-1.0267139045991
-0.0146547088676147
0.442772328278181
-0.74416988827779
-0.21778480948174
-0.0702082815740608
-0.702924708926846
-1.00861847907581
-0.865017221996199
-1.2518709726834
