0.982885545407445
0.446534118733211
0.912432872277613
1.52071341588305
1.33704972376539
0.607621269662132
0.597795501950282
0.589258548503667
0.882367176854856
0.249609236081751
1.62411610380529
1.07485383073528
0.991779167478553
0.715504959232095
1.25691967565086
1.19361374935689
1.45895586502602
1.55333231747125
1.16679626487028
0.378636086527953
-0.108224716633434
0.0140762111166414
-0.437159487113509
0.308646065365898
1.46104366972962
1.03436201918861
0.0640827750746463
0.954946318750202
0.97132645186476
0.633604897361769
0.772425847405318
0.983463986675964
0.43904652454976
0.344116135293493
0.280604962000882
-0.450080433231682
-0.216169636859783
-0.637800354947706
0.0512976849415424
-0.384892469112071
-0.114875460274
-0.0787901058908983
0.609526295129133
-0.540039229655438
0.788243533125864
0.405696426584004
1.36886630959559
0.900229774455166
0.668145827372717
0.895382609738902
1.26893056166979
2.21025530542434
0.460232124980166
1.15654058885763
-0.266027645571363
0.441298578192672
0.0521415763162534
-0.22175381344376
1.19841273625888
0.577049482301184
1.15766024901701
0.242713796901445
0.933661839924194
0.747308149810253
1.08573613914769
1.34304917364874
-0.0850533629112279
0.520415708797146
-1.89490027403646
-1.08198438325302
-2.59803795252173
-1.431509936253
-0.648103082107611
-0.972967046856005
-1.23559015287079
-2.20191870162569
-0.483408618494413
-2.20201641699441
-0.870456320327174
-0.617694499780204
-1.40638457028608
-1.29626068917692
-0.0932642406967635
-1.83948795951294
-0.9494546332568
-1.44357186186676
-1.15446963472408
0.949430970906457
0.240319286070814
0.418916632684914
-0.0960617660940624
0.305048442022034
-0.226769756574023
-0.496481898712996
0.00265044299489935
0.540015150382269
0.169292234493699
0.00372927141739817
-1.03798523359068
0.153655682283119
-1.84967166100046
-1.91364073478483
-1.54931403359171
0.612024718550625
0.294204955393743
0.0809087090906061
-1.80532838625362
-0.818927346813915
-1.46046819455093
-0.807011633820456
-0.837005541329363
-0.967845971998955
-0.648265662802678
-0.592835271917775
-0.886537631217993
0.597326885735073
-0.984670365647134
1.20451583763364
0.719627708349496
-0.249920731983789
0.0351754066461419
1.16422035997186
0.275950466097946
0.274512129210234
-0.156272523978694
-0.383776248317443
-0.867130281701987
-0.89967430342241
1.7691058259056
0.653071673180692
-0.124150236583401
0.542674441864323
0.20768686181264
0.573407358505022
-0.0118371235307719
0.258105536749017
-1.38882341638681
-0.185519032624828
-0.419450751809426
1.10569654348416
-1.84062571206667
-1.41279281963126
-1.37835133322864
0.743347306532296
-0.182525320484166
2.32841732398927
0.891660492488701
0.838713833294635
0.153219390615626
-0.466925982838721
-1.17199739577361
-0.410191080659074
-1.41534337892556
-0.828535993255174
0.256242347141463
-0.164698528760845
-0.0991421371209379
-0.142925929356166
-0.808000918740035
-1.33129210783182
-0.395774390061311
-0.34356425405488
0.117041063492722
-0.350280507761026
0.843651621363729
-0.437884192519191
0.39984787221863
1.46549293295653
-2.31958639129357
-0.366448477682256
-0.346212686970666
-1.73689935577163
-0.921392784266049
0.431906379316497
-0.889578875232278
0.719823755172196
0.711477927336289
-0.0706420716540967
0.815551629931978
-0.331983279092666
0.88614842444296
1.05043205963239
-0.183199866079935
0.675695266638289
0.731800582177509
0.838600395656481
1.02817445502162
1.7398103545638
0.881639232940551
-0.255594841038562
0.515201577877352
0.582228714667168
0.644381467944172
0.836079929547128
-0.225985410802337
-0.127640936140412
0.889957002399574
0.717256837740237
-1.6080227101818
1.53770284619756
0.720983189346884
-2.07139925290011
-1.57466857549642
-2.570384859604
-0.655221105318733
1.17934487360715
-1.01911181522934
-2.20488549164921
-0.334060251660269
-2.66705549708646
-0.563467972994113
-0.19102263985717
-0.165379821131472
