-0.484623593119377
-0.674374435473479
-0.404663244935902
-0.613835148349367
-0.409556849388729
-0.474656767634173
-0.2192803543486
-0.168417190175365
-0.425842480591939
0.158915628090041
-0.420726460428011
-0.797277575526952
-0.591036248811855
-0.281698292863186
-0.0608726007271667
0.644930603500835
0.398413873811007
-0.127211353213785
-0.299663140710227
-0.876375550066778
-1.66254788230651
-0.386763021520501
-0.090570725003239
-0.397954351486248
-0.725899918519997
-0.385445630813014
0.0470201967541542
-0.82306166835203
-0.432671193707709
-0.140303871798566
-0.582885661526334
-0.587760766756628
-1.12216955537899
-1.68764605476592
-1.66155643537257
-1.62117850807021
-1.76528125463787
-0.74787259486681
1.16948990461498
0.211133602302784
-0.158757965625836
0.395256884780707
-1.50028320535399
0.585626210569453
0.929198208078007
-0.0922087944301135
-0.245734192533695
-0.391191956769409
-0.102080507330024
-1.00575258111466
-0.911919981316118
-0.335461709087599
-0.840424447674846
-0.782644822503005
-0.437156913618579
-0.879951967384005
-0.391068580557824
-1.07624457778414
-1.46753550572013
-1.4163190062681
-0.319732183171805
0.338183800835734
-0.532113030154741
-0.343996778185354
-0.454550537425649
-0.549561594151588
0.32356543868267
1.11426751588864
0.0592058472429046
0.438425696153806
-0.269242643357108
-0.161004101243059
-0.276966345836921
-0.977005481766153
-0.251306423618666
0.813135721483959
0.738769897002122
-0.458457185735892
-0.801817192964222
0.799839240143321
-0.237626333547255
0.414052430023471
0.86554353999378
1.02491984080966
0.827596493623533
0.196222607178754
-0.391783882660116
-0.37644097544906
-0.59601303404286
-0.450214949643218
-1.1938378100589
-0.18064614893111
0.434166672072732
1.32848181977203
-0.313316634894629
-0.176452566632946
-0.151752182811648
1.06252948661834
-0.667737413799652
0.401148414341776
-1.34680827171064
-1.60077350380807
-1.39696885652581
1.32361267600235
0.400666486324487
-0.816747843559239
-2.0896452479095
0.0435352442591609
1.86992821986645
1.98931937880704
0.697243514851678
0.664954341210791
-1.00692469001613
-0.742641651569333
1.05009238302884
-0.287782693017179
-0.249657108525386
-1.31093885069612
-1.22856173073868
-1.36253879850672
-1.12717637220232
-0.930964838298263
1.82130501656203
1.89790118189973
1.99871615781326
1.19262570500788
1.05041080001361
1.46580807537144
2.00071106411188
2.18490293838495
1.78549354269809
1.0693008581336
2.12198699823849
1.64816410455918
2.41283619779212
2.34229369315282
1.21279433883803
2.04495989777304
0.31070956716187
1.4640830750498
1.22928988881755
1.27398150463565
-2.10127986879031
1.07672372618209
0.0779937228888183
2.37338014544841
-1.09209668797263
-0.461473729545604
-1.08142083614246
1.40075830140955
-0.438109004631682
-0.472906500223149
-1.94110582482621
-0.71966928747209
0.931808781616761
0.881851607584026
-0.514739316806819
0.622793729403447
-1.38711552446794
-0.111763850836088
1.27108190816037
1.44640869062628
0.739814597221093
1.59324549325559
1.23771708685414
-0.0839956913144063
1.38933658040768
1.91900701779041
0.970180860090666
0.215162323853834
0.440917591707988
-0.684653233383399
-0.24200166916632
0.586943876292691
1.18370427666916
0.151871843311467
0.75822284706779
-0.747993735640558
0.241836004930193
0.18359761029897
0.146999361990049
0.578856649264718
0.197138554883174
1.38220033161655
-0.0775383290630998
0.0899696735589343
1.17921182420878
1.20081317703042
0.0579048681761264
-0.735589741460635
0.788353709722707
0.200034794068388
1.08398287652998
-0.149522021862284
-0.791528751578399
-1.08686711967066
-0.340515269250083
0.922856813733685
-0.493523040359875
1.22140570019626
-0.759770390122078
-0.948103035100764
-1.23371820358605
-1.56116148224905
-0.236402546703571
0.285531456319137
-0.843124146307009
-0.853737853832207
-0.697819144859518
-1.58236621902857
-0.880707734204843
-1.12715445068856
-1.02168761447234
