-0.0814500570435883
0.138491242226357
-0.0894369668255452
-0.512455185641984
0.284611711211447
-0.583281367431324
-0.401735141130494
-0.332536508685101
-0.377639901409126
-0.24591985478359
-0.131477434777222
0.381606989318027
-0.371833377956043
-0.01197947541146
-0.152789039229299
0.0485733627311078
0.284076492208556
-0.0187370983901878
0.0906616464666596
-0.892313031326162
-0.295251106124478
-0.464935213616678
-0.250304323189135
-0.696538230148768
-0.397848356516839
-0.439920355989082
-0.485849696344104
-0.925247413590191
-0.399144876987792
-0.613083184722425
-0.258076679115291
-0.567740534729263
-0.570985832682384
-0.415036284570809
-1.00173227559884
-0.748096106228901
-1.14805092620686
0.233758211898196
1.56883164023608
1.09818168558234
-0.167116806885994
0.510498240830905
1.07292221167726
0.763390639825343
-0.459933215095627
-0.945014859545646
-0.0233262472103473
1.03311359225245
0.785517045809213
-0.389895800074647
-0.252965383773193
0.322389558121456
0.467508327018211
-0.26308779246067
0.428723449247404
-0.444023782779223
-0.29695315976703
-0.866244664711328
-0.364297230990676
-0.317808142418827
0.385307718333914
0.261687351859835
1.10664200644079
0.924729727429423
0.393507770510402
1.31990628928041
1.03345569942015
-0.130182701058683
2.04363001738116
0.671181292758996
2.10307758565889
1.38530942377532
0.623203287661153
1.9321166602948
1.25715519796376
1.05647851195236
0.213142658922609
1.75292011217106
1.07574701761429
0.685993179493394
-0.357445716821698
-2.05588426300103
-0.235589908828943
-0.178824524105239
-0.0069296362203686
0.63471605952251
1.1479732709201
1.87375341415636
1.1728990793976
1.00235778486869
1.33831118015909
0.990000022023641
1.48660532595392
0.866634530349632
1.59989625738912
1.21484583679913
-0.190588966137159
0.832036432818968
0.138523813921079
1.00368268804163
0.319461511085795
-0.39982494040857
0.11061033442146
1.39446162488966
-0.295763928971635
-0.123776242120118
-0.546328339649672
0.977779282117661
1.96909557231758
2.12365678793093
1.39793087146143
1.65807620111101
0.486638807033438
0.640170362401283
0.415644540565238
0.0920408010381897
0.107148298068825
0.811798860276791
0.78230346704344
0.309708824386936
0.0222040979225803
-0.623217858054519
-0.0349420310786044
1.13336148484634
-0.242648779491467
-1.05795705362375
-0.597842539384988
0.655400386064562
-1.52310109016375
0.853179752124738
0.092293213371282
-0.663939014998682
-1.84814610274606
1.30900802490045
1.05960766833427
0.569116349114808
-0.548923684174093
1.1687645357358
-2.10125408688594
-1.75670266911053
-0.433776901688211
-0.51486945589367
-1.04057396170557
-1.34393200436692
-0.190842123472965
1.79898419253676
-0.252888431081569
0.871946288312674
0.301650754489189
-0.526822665151382
0.00846236692483098
-0.784764447204563
-0.22456995418469
-1.06424603227087
0.604315431614558
-1.54503506531974
-0.88594448541666
-0.560904714168042
-0.140243622015485
0.526513022162039
-0.277651620507349
-0.521927224808759
-1.10153272350239
0.0206303296683538
-0.307116852722084
-0.67264918641191
0.367584485569658
0.596583734094679
-0.656044939954865
-1.79873107279797
-1.26546877513171
-2.01342453769442
-1.56173138183611
-1.59179819591466
-0.14526028211299
-2.45454805779571
-1.07547175900604
-0.25571067706325
-1.4872685141766
-0.0333483707791751
-1.6790796138536
-1.98956153194637
-0.751096049887609
-0.306294848888604
-1.60000006245363
-0.856343059730736
-0.254139643476939
0.274484489810893
-1.67422443884329
-2.05435077580783
-0.863718128179778
-0.360634847250496
-1.33857617196743
-0.433299062807954
-1.60962029614271
-1.47496940524404
-2.0695513222293
-0.792308287044596
-0.766104993937716
-1.51673307167746
-1.26772788701327
1.75041177605516
1.81681229432297
1.73177225319877
1.24485980688071
1.60515044557708
1.14389741622249
1.64997883198909
1.70123167278887
1.74847166023586
-0.472771943408912
0.388954249217434
-0.600329935041515
