1.29050230234249
1.14532821725997
1.15167121334336
1.44450944836707
1.22708861149824
1.2287028193149
1.24402959242307
1.2619172931197
1.43296141391112
0.663274743649514
1.35418716718937
1.38118633863177
1.16068722692867
1.14648505143557
1.14687422751021
1.25578273241051
1.318465290038
1.52063628986641
1.36513294964315
1.20690332193864
1.09216643459506
0.757093576506657
0.602647737696655
1.0071740741868
1.12115683290209
1.12322502615343
1.03493967883448
0.945684322696818
1.08031675408445
1.16788258585442
1.4108710235649
1.41720504826002
1.16714025574419
1.211897914316
1.28876684920642
0.946649118023557
1.18666805226134
0.645800815275524
1.55254895908599
1.13219217810175
0.349628221095076
0.924466582912793
1.31262649736901
1.30081185823727
0.192324026494573
0.875388157500239
1.10586722952131
1.33600669239292
1.23178616181811
1.14625606477519
1.14016027340939
1.59320042252297
1.68061725113155
1.54822176862096
0.785051756098262
0.708803859699386
0.708436465695339
0.530079661361666
0.669585000838403
0.838867067314056
1.21795008663754
1.2094358153763
1.06031970942581
1.06441163955758
1.06141964813072
1.09480471703712
1.18237717351256
0.0144810518310859
1.13681787091696
0.516277407125726
0.810384906346552
0.604061774124632
0.900151871799829
0.749193410877396
0.901583509244333
0.687198821992267
0.153622645231237
0.593863730671723
0.336839477844021
0.472087861841159
-0.922848271528837
-2.22565410640121
0.106818722615872
-0.0174635286840015
-0.032078720565424
0.123478189719728
0.00306422450020138
-0.58837330452711
-1.61065744510856
-1.84687596811556
-1.5491910691003
-0.449447965600671
-0.932167524482006
-0.893261280548164
0.403174843775584
0.469623603505525
-0.315898847277376
-0.0392586252105843
0.381093389502058
-1.06873031042395
-0.0556092380993372
-1.19264547586145
-0.773661155074883
0.31931596038694
-0.452108781290054
-1.33706156597818
-0.989382005862455
-0.539445421277537
-0.494692336653838
-0.380291111059017
-0.180657468945807
-1.04042023044729
-1.61617098192587
-1.21074396444252
-1.12087246204434
-0.49808234776715
-0.693244712918765
-1.59354476155349
-1.23156792728357
-1.60419533488712
-1.44058837541941
-0.843092413631064
-0.385798975435972
0.7702501832129
-0.0157359737392204
-0.527676470746817
-0.373960481554347
-0.734126278038046
0.515985512923509
0.161265072626006
-0.450852274292964
-0.376915254767484
-0.379889803467797
-0.566243524230005
0.504580713677462
-0.122379473347892
-0.653910581463826
-0.431229095500468
-0.978324251452027
-0.303968835543389
0.253674011522676
1.09714242993117
-0.640643653177075
-1.66810628766263
-0.147213068019052
-0.167020599825616
-0.0228818296162817
0.219673374260784
-0.412337009293984
-0.942609441731141
-0.503073148594365
-0.954250162968633
-0.543435591203778
-0.462789855020283
-0.242940440263961
-0.588496557128966
-1.1989910812076
-1.16579996664737
-0.290940100953199
0.479353781797287
-1.18246656005785
-1.41610746502966
-1.04420535980122
-0.857658458628529
-0.260445422132356
-0.701571699251692
0.0981225790226906
-0.273512870452905
-0.813942781989274
-0.43626723663523
-0.671613101330411
-0.32748271834943
-0.77818699986723
0.104294992611691
-0.705765341103322
0.123353614805782
-0.125447506191121
-1.06653133877615
-0.45286068467722
-0.238653778144448
-0.318040886838503
-0.494018225611108
-0.585576444908017
-0.121753501131281
-0.174336046675352
-0.448417732346745
-0.491025785663147
0.310765166721282
-0.0752377949148243
-0.820973040068893
-0.352049014366433
-0.57928790844213
-0.433503136074783
-0.450114805288935
0.0279305946858367
0.155060668113723
0.236131695510689
-0.619297880953769
-1.20466665119838
0.0980561831757517
-0.0962284008253659
-2.44061055328463
-1.90077398870669
-1.94882778992975
-1.33401983388208
-1.45627574170079
-2.51522941437679
-2.4647991104683
-2.50185339113838
-2.21546464559023
-1.41818702679672
-1.41574144287461
-1.28447652174472
