1.3542851952795
0.694090809979746
1.02799353502551
0.512019513808802
1.04849750653833
1.01379339659572
1.09123106585062
1.14079235442528
0.0543597361502162
0.925097031606157
0.77991290388888
0.512631264766822
1.12486539626135
1.17764246800471
1.11615203965798
1.83234720332066
1.41779893858735
0.797044094336427
1.3746650226867
0.520881057234735
-0.381917513189317
0.202960975663181
0.398320772909001
0.552770173327798
0.795366300027857
0.829324754221022
0.745725231732142
1.38907242391002
0.513854495250122
0.362082125813963
0.535658919894769
0.476266507457733
1.16864826683391
1.10808242688304
0.146401809538925
-0.406281563683644
-0.35199042522119
-0.381746643914242
2.70598483552706
0.714457921565568
-0.363948515302899
0.332118035026696
0.343404921161435
1.45534674930559
0.350369060545871
0.0467670919364445
0.643989214349112
0.734471576606529
0.69474938174764
-0.391140683221447
-0.0713280529292224
1.12328251460635
2.09934096089213
-0.0436509788457607
-0.0561742099963901
-0.303201392894299
-0.492757890719499
-0.710942847480334
-0.684839373735104
-0.338023397659769
1.22869353044787
1.41678519854294
-0.244160036007148
0.124203189755137
0.625429502677614
0.812967057027607
1.81064523999277
0.0804003239139997
0.487667287822468
0.840712042898258
-0.333920822417324
-0.981917202822501
0.581145053925119
-0.605298334121471
0.00721543128364711
-0.644303557110768
0.00396537288882719
-0.123773469637131
-2.37455282480223
-0.164359194648953
-2.22894211655778
-3.29454048075489
-0.222949235536058
-0.286150171484438
-0.229234272968791
-0.982273913494839
-2.21175080310417
1.73942337829665
0.485243401990726
0.0898629961045554
0.751214288480913
0.226463054022421
0.511904800428306
0.198714729839439
0.853617395242833
0.833536753834377
-0.898517940305873
0.658260551700466
-0.171336041062859
0.472176140099891
0.314828956951142
-1.97060025323443
-0.812588267828318
2.17071931765944
-0.384034979423691
-0.98541978720052
-1.62941071558676
-1.2959275989207
0.89341875527688
1.37280234150095
1.08880385911502
0.597058235473986
-0.245473256894159
-0.197754363394948
-1.15609516784634
-0.541091305051639
-1.65339926373053
0.500494051039201
-0.530686481188098
0.0476356508407664
-0.0196655565053775
-0.940626653344761
1.31851073194356
1.54894169214532
0.970453143849144
-0.193149112073234
-0.698949116052027
-1.08958551553139
-0.379896012508961
1.14309077098375
0.312141062457967
-0.540331734465285
-0.593671648065575
0.669134294901574
0.873040385165923
0.532083560420101
-0.568419942535593
1.52770037736074
-1.33342021355507
-0.961111189356064
-0.410834181241589
1.509685246729
-1.19942656570283
-2.42782084735607
-0.319149631495459
1.15236994025674
0.816059041931989
0.576856043470834
-0.445594994835818
-0.55864463027243
0.00667105173555093
-1.43555621267863
-1.00301595816675
-0.782217321340161
0.0207155598604736
-0.870582093845552
-1.19487707021556
-1.58193592088792
-0.582376482644752
0.00945700132976073
-1.79702560505776
-2.722459785319
-1.78208877717238
-0.758270418273849
1.01260784770938
-1.74815342393213
0.530865711128803
0.985041369782551
0.209918684424591
-0.673628925197115
-1.26487866710957
-1.51067624497451
-1.69820735471087
0.750997753259724
0.453913148610291
-0.128610097891238
0.497962573405777
-0.0991738865769527
-0.787753209831439
-1.68136036980682
-0.0668481971856337
-0.284406723486155
-1.02975958134267
0.374987582125257
0.971958760781622
-0.327629357067292
0.781776095084311
0.672887387361456
0.106189376399177
-0.613417354238064
-0.936363868974936
0.972848185912726
-0.415138216840816
0.468893202993264
0.678804463428121
-0.66387132821821
-0.231238350832463
-0.2299342171915
-1.27217166312257
0.31129822831638
0.219368987298456
-0.695005001222246
-0.963820275647686
-0.853959673580833
0.413738148635391
0.752441107275302
-1.04364490555029
-1.34983476098938
-1.55015802915519
-0.275052888583
-0.764180379998827
-1.90880339421162
-1.32754550438829
