0.954587325634779
0.892217805906649
0.881860662946111
0.900332190029306
0.915784775904939
1.02543455178867
1.02332148630594
0.985699853859695
0.979608962871634
-0.0449120993508563
0.933104333620897
0.827885692571694
1.02745284151337
0.991655170693374
0.890126057980132
0.928562024615533
0.950721939500221
0.954739891113725
0.898594236049027
1.20669136528024
1.19437237550041
1.17160159041639
0.911200328794319
0.997093938124451
1.04143269447123
0.968533920016802
0.960387228286848
1.13223662872335
0.992808114376261
0.943630756701229
1.06125329595398
0.89993524792093
1.05958606207991
1.2661241383399
1.09669287355879
1.09449624948694
1.23182104916924
1.00961586049622
1.13452340889505
0.710351356855755
0.476809912693574
0.959022034394409
0.821818902238617
0.5266299289471
0.662065936123768
0.755294615893067
0.889573803935644
0.96939693609615
0.866686572724269
0.720724960444524
0.750848813134113
1.05547954214914
0.978248732154402
0.859103608219319
0.520906213298761
0.903833700463357
0.842948036538817
0.812459536463834
0.560273403460352
0.698496485267156
1.04548717183697
0.961489624410586
0.658612126224743
0.685245218542349
0.729771857167007
0.983742592573354
1.25017962452032
0.364606203799069
0.56795827286529
0.722196905640365
0.51014176682766
0.392086182059571
0.904237855919659
0.813765041179958
0.674596909240322
0.659372898436643
0.880556195999046
0.682431829227611
0.16217176027606
0.490941202038058
-0.516767449827977
-1.43989186218294
0.162380530705792
-0.180631063787388
-0.163593935959816
0.0430194246214948
-0.0873688515974783
-0.312587259712719
0.324139713530124
0.377675532615625
0.111250373373936
0.439257409082598
0.415821179596612
0.484608198597935
0.639137316534644
0.650835792750365
-0.0932638440270452
-0.204721000052602
0.507445720253247
0.431967141431309
0.44484116495718
0.434690836978639
0.412628375025295
-0.297367271414496
0.352731754991648
0.440563224846984
-0.0166295085507845
0.287607767611485
0.653004828201375
0.411721885812596
0.566089650756252
0.516810762741021
0.0347946452214934
0.468719798155223
0.323145331886866
0.450615812445629
0.147369564157582
0.492057006088005
0.313596861773024
0.461828523811524
0.639489889702884
0.548064790220363
0.174560911046855
0.54176002377586
0.336870281880174
-0.181365945829545
-0.177835463555415
-0.0514157772847075
0.459404806081273
0.58235651698364
0.216414849879456
0.0205973998101756
0.149160524223135
0.236247347842392
0.71244489465957
0.561882212561335
-0.258837308492229
0.229142966741509
-0.311942736480058
-0.18285936321382
0.22104707085518
0.71441071365145
-0.520851242784301
-1.29918214894824
-0.575680050820045
-0.418699997305022
0.536442601165358
0.393810552130687
0.209946838174288
-0.516785699823063
-0.837887390316997
-1.01162346250846
-0.395098261033469
-0.772593910459266
-0.462683601431623
-1.22751135751358
-2.07317078210228
-1.53839764451257
-0.270445842940843
0.289655100226247
-1.02513150368378
-1.22202492991516
-0.970125315624927
-0.746583336929335
-0.864894768807677
-1.06072338193249
-0.358771205198125
-0.665076349732742
-1.36232600279496
-1.81774765495305
-1.51205744305604
-1.52781834893441
-1.81741933019341
-0.863886385612395
-1.35925273950359
-2.00944707012862
-1.45050148597938
-0.969397583495362
-2.6118668083315
0.0760578717707167
-1.51505402952593
-2.17776498437695
-1.79369512700539
-1.66172610711266
-0.820631138521704
-2.30954599093123
-1.66077992986371
-0.0772463073342445
-0.936652564559753
-2.59857744547252
-1.59410190686465
-1.79928359899486
-2.33575529522132
-1.52107099930768
-0.120431578131629
-0.812229842826469
-1.19168446463312
-1.49805339022188
-2.53247398091016
-2.75518871204487
-2.23872367654484
-0.858194082010945
-0.563038614023822
-0.563137233873407
-1.38727194358067
-0.660321183547577
-1.24921725685101
-0.992892530592138
-0.866850337977088
-0.659740691858645
-1.45386023456091
-2.33844581486009
-2.26512071894856
