1.08687957735737
-0.275223620532421
3.3997837427982
1.25649069163923
1.99956819490018
0.250580333873834
0.851052163239727
0.146903016153671
-0.0424692044353886
-0.0697205313595913
6.2558190046753
-0.802245524392905
-0.0151169391695401
0.102409668193309
0.531624114423458
-0.218291502499802
0.403371489796252
-0.0884143264091261
-0.332112183986261
1.48159474353618
0.293487882739916
0.0796079502957673
0.920448614144034
-0.160994056124357
-0.439725763691991
0.61533503517877
3.6923321438194
1.10082592493209
0.477882371189384
2.4669859298622
-0.0126396909997935
3.2620318079909
2.15924660756067
-0.112590181126011
-0.429872929421474
0.643879018806073
-0.165830680440579
0.151102404911315
0.215472232849394
0.391639238839741
-0.674539751436894
0.215225098567633
-0.905731728977594
1.10267588497367
-0.775741804992614
-0.990383214597418
1.99272871687695
-0.486229324875653
0.830742518637087
1.35232610417758
0.101502283743704
0.699471056286415
0.395850514771065
-0.29737573147086
-0.0510223631770354
-0.313305817281416
-0.16859176171328
-0.503630681403826
0.130391166187063
-0.0475752469041958
0.420902570767892
0.526890878599578
0.699152951172045
2.18917534042771
0.198779367367204
0.0903683585759242
4.53665982523165
0.303616854625881
0.545001401608635
0.720942947159768
0.0693761626978847
-0.269428067253569
0.374860585787109
-0.509138834684396
-0.426722672667976
0.451949783209242
1.48888149011007
-0.666986276557206
-0.178957163625117
-0.707930844920461
-0.473683278227141
1.32737103477351
0.46583339785519
-1.1686981940916
0.112525107319723
0.663729796591232
-0.707530021786116
0.229896547244993
-0.845795082797817
-0.668338902048012
-0.388934351842514
-0.713181785205142
-0.710801249804266
-0.388904130547327
0.226461323548941
0.952377565090999
0.561950550691365
0.470934320456007
-0.148897851768471
1.068088983939
-0.344658099057912
-0.248040401250301
-0.734864124528787
-0.0775963511668247
-0.796552735984503
-0.437282741990051
-0.61024884146658
-1.32136103357402
-0.944960094973239
0.00269656007534027
-0.758013650031929
0.0623716235713664
-0.222391871336596
0.358766489244292
-1.22188633336386
-0.917910224761178
-0.676122493345747
-0.358450475829794
-0.39576410056136
-0.20829361168039
-0.156958906288297
-0.47129852227607
-0.599031967492883
-0.953528231071622
-0.811933169094806
0.193407598662163
0.210911172512052
0.811289691986608
-0.202671540146091
-0.693265641931129
0.465411723575769
-0.522267560221678
0.216000695529689
-1.0507498176039
-0.645797132223755
0.660351099952169
-0.849440904387358
1.4031269336412
-0.678426955092085
-0.346206423859071
-0.731179544348199
-1.42913867384211
-0.277028848662698
0.312532696458786
-0.640334315516647
0.608409726905498
-0.258711855714742
-0.22440976396499
-0.218033888723571
0.216072744891111
-1.1389222388095
-0.556166903522509
-0.162467915303975
-1.02568194046333
-0.492322165707028
-0.755933184349763
-0.703029310852552
-0.726211502763575
-0.472052331076809
-0.215121716742207
-0.786122632316533
-0.338094640736346
-0.246010436236767
-0.771241273470091
-1.14416279656787
1.31634611190976
1.27207456922301
1.09564976379501
-0.825257843746391
-0.593229682359331
-0.91679727030843
0.196978078879362
-1.53099013282065
0.219770283001128
-0.91878423362648
-0.910977645989119
-0.842641284709271
1.37032595870145
-0.706962877131381
0.641028654312868
-0.780875222049652
-0.340564335608022
-0.648045757641029
-0.249432046338896
-0.8444830353352
-0.53057231254503
-0.100531381996575
-0.229946148841589
-0.550095975565856
-1.03312412515287
-1.12763720495185
-0.145627104507791
-0.738261816858132
0.195028702532069
-0.449457393411356
-1.11887289372165
-1.00216587415416
-0.479951818522796
-0.0276380317545783
-1.24494119349727
-1.20249650498364
-1.16571254860411
-0.488792425279812
-0.514628124803582
0.515101623252427
0.617844109298565
0.172557470510328
-0.684467188360751
-0.687240343033201
-0.145817028250296
-0.472301910633244
-0.324241648361943
0.608168995785833
