-1.12567306390927
-0.904882646531372
-0.672935921350098
-0.609705244078014
-0.915309747036354
-0.957524489291024
-0.918214693917259
-0.726146861483167
-0.79000709850264
1.48936620705905
-0.594813566120304
-1.58437247898012
-0.939244843653511
-0.820184992977933
-0.434380090096206
-0.664167723752972
-0.161954337292209
-1.03546396782506
-1.35687055452108
-1.49667091345189
-0.964477922471607
-0.120202799745859
-0.215165468444657
-0.429520798739628
-0.690979769943603
-0.558818309958488
-0.64197240255441
-0.998809109089562
-0.697106879558942
-0.343344031294883
-1.05039572668911
-0.454621518095318
-1.17285261635073
-1.48825098958561
-1.19354780008589
-0.918305828587045
-1.35409327664541
0.285796872653536
1.3857290800901
0.12040662835364
0.253476381571724
-0.59942950616715
-1.17338374837117
1.56435212920709
0.151509987460833
-1.08956570834408
-0.696089077602736
-0.958449588326192
-0.282861623191127
-1.28036546788444
-1.50190453615517
-0.304601163946974
-0.229938892386543
-0.832084404179411
-0.363659447456688
0.389453607657003
0.672141660801453
0.800794400165037
-0.642272737217346
-0.461023415409462
-1.01997869927752
-0.75223847410618
-0.861215382331542
-0.83224677461968
-0.791861234828808
-0.821881859116273
-0.00893096779506181
-0.128364281091762
-1.53950989829239
-0.0162511667306445
-0.987043454025368
-0.776417608902914
-1.08500940832156
-0.954049133751543
-0.744505230395176
-0.875700546039221
-0.125458929702971
-0.394167202014476
0.377455221969237
-1.14217834956445
1.15325598146942
1.21053218644769
-0.38055707714314
-0.541417769757868
-0.321541768537179
-0.46582367731727
0.538587676085232
-0.461224119346079
-0.174188188393715
-0.46429430137152
-0.339357913837805
-0.78453594801457
0.281729606635238
-0.479886652407614
-1.02529891761804
-1.34442723032542
0.249931646475815
-0.19684282497576
-0.798710496065064
-0.668707164290818
-0.686737562619701
-0.187987952599486
-0.433731446403936
0.246475383983707
-0.713858300337805
-1.02977343168075
1.34276872211489
-0.46238349604629
-0.198035385135196
-0.239047153847533
0.472391963980595
0.846811465109699
1.43460892376375
0.907569315162311
-0.485401806243306
-0.935333979980571
-0.0822442321430773
-0.109556797986472
0.0297501578983137
0.276521587113482
-0.880041796410151
-1.24350444952117
-1.23909432722432
-1.16156871887342
-0.683665662663625
-0.77390920154015
-0.649169732545803
-0.783645027718403
-0.147213577323627
-0.618619326207356
-0.843696858678961
-0.791802062081398
-0.679404984772948
-0.926465175006237
-1.28653745522367
-1.02061095198458
-0.792045069798611
-1.16941694194765
0.535257378570665
-0.245386325092481
-0.91161898779756
-1.0742515606382
1.33559018947827
1.34316536221229
1.13259690790808
0.0977648899598537
1.55758562000011
0.53428558926961
1.39547646806975
0.0985532792912651
-0.659930564923544
0.882651016159662
0.934854943020054
0.110448215182648
-0.177989424115347
0.447812262050761
1.75368833797362
1.03313702855486
0.4183040364742
0.158508616233198
0.712467190865103
0.878806754865379
1.18086229122456
-0.296541477727325
-0.56787840756043
0.93791401432502
0.524422451881994
-0.0112710541419729
2.35539626919007
1.42313214629631
1.05921239686964
1.7754314169022
1.9325233483892
0.694169317902913
1.20821602510267
1.6508916527543
1.13707299573067
1.39049487870046
1.55742342044969
0.897013657466641
1.25665405093155
2.08271636878458
2.09773690899089
1.51022001507442
1.02139797075724
1.59893941107029
1.47621576100214
1.24906583303422
1.41924230928696
1.6187764151612
1.42266037585469
1.10786486486603
1.6738413310111
1.70726441036112
1.06579401615541
1.67511430324407
1.73911370949325
1.62463356149664
1.76425985571099
1.89258827089508
1.81484427361286
-0.71773628667168
-0.631574894200087
-0.308784620701112
0.558950556915957
0.430124280974593
0.0453038838478387
-0.522310564994205
-0.787934282847648
-0.439691253118308
2.13475451167768
1.71018536541458
2.06303324045528
