-0.0395571845543042
-0.048175048075199
-0.126070615748417
0.119651474257584
-0.0391568021995675
-0.0312817912755803
0.103846027807664
0.013724715362345
0.0827336963625245
-0.179492851419706
-0.0644453371023683
-0.140164341035388
-0.0919543295299222
-0.129468083977726
-0.00174928997601722
-0.127287476983923
0.0626975249127703
0.318180242007715
-0.275394782396107
-0.295136660508768
0.000509228946580713
-0.309529998223426
-0.304527789752038
-0.236429271122732
-0.0566033242262364
-0.376767770901369
-0.421862765255752
-0.0674207250361685
-0.19830397754839
-0.154172874071242
0.0841467442322183
-5.68268032085914e-05
-0.113829565187438
0.0509372229744558
-0.0883755607510857
-0.325029569386543
-0.0471937211445318
-1.03983234544747
0.92760747023133
0.632204926194495
-0.120850965483608
0.040094794699735
0.134842815315244
1.76029241375427
-0.260383762304636
0.406002324960874
0.321740420746517
0.548668806690681
0.429313708201016
0.0786464589862146
-0.124050030727573
-0.0335272544442535
0.263971963894526
0.350702351428843
0.0671150389592315
0.0331879235921502
-0.469487600367459
0.00309600409402914
-0.0655130742746438
0.261739421170168
0.33782447414066
-0.0907452778774998
-0.029921787906285
0.185964383365287
0.325358754172253
0.282548390093822
-0.087079206318685
-0.49378877259852
-0.106255144155981
-0.130151681307725
-0.0919845692730764
0.0600226517551951
-0.0400450786193356
0.1344123537834
0.0431649897145875
-0.478977568269623
-0.91641795268657
0.0613641164032358
-0.221299218525154
-0.98779565294342
-0.0152705329603721
0.384266487781435
-0.565664651822062
-0.632742221663049
-0.575621602426829
-0.32377895030157
-0.386625053213026
1.83661940808877
1.56506851523074
1.00082774793555
1.645752579381
1.7072772178053
1.86932287617458
1.12927965857752
1.15023444141406
1.5174090404593
0.175235266358183
-0.309211862992293
1.0335251237002
1.64880378642833
1.63368851521521
1.69461148201735
1.84016415208434
-0.732948176889283
-0.163564262137038
1.80900587045265
0.437267127073124
0.613193440510665
0.00278527961541814
-0.769317563099256
0.528676936571211
1.42122964816018
1.52613959750845
1.66746579594717
-1.05979849930533
0.505679524820175
0.607243637237756
2.11927731071656
1.72904510831044
2.04065624839703
2.18302963943273
1.30693563058267
-1.07944198846178
-1.16240550691719
-0.139327197907519
-0.456217041806132
-1.02737318216624
-1.7509373347029
-0.93288113855467
-0.967849987754297
-1.34598760220001
-0.731367952856494
-0.851711590364263
-1.48291599237609
-1.29127159308957
-1.12720123132108
-0.97007357903591
-0.918797650248596
-0.538024729525336
-1.35485528745077
-1.02880339353641
-1.00916697793866
-0.211108154663778
-1.92827259666797
-0.0918862925083217
-1.67303576518832
-0.609506860348403
-0.286903655040071
-0.171577825365273
-1.160241955316
-1.25299716146669
-0.841159601932401
-0.950575772606464
-0.801909097770211
-0.868522531537931
-0.767781523157787
-0.76225353117386
-1.06767873417208
-1.13671972509762
-1.27127370843331
-0.406731466388499
0.359460670412085
-0.759271898523828
-1.49634745088715
-1.05308061093657
-0.040037795361783
0.736584191630264
-0.219955983835721
-0.475189745009538
-0.0604633788832449
-0.647669268402048
-0.184291013481461
0.00747407884022612
0.156767234743914
-0.670971242689515
-0.481575185150709
-1.12178912128333
1.684844992575
-1.41944039343066
-1.91858321733339
-1.22917237188032
0.211276182502569
-0.806839019436118
-0.638516996108703
-1.82588453001232
-1.69106404833905
0.860329320792588
-0.23125622992295
-0.836171406256927
-0.257911774161868
-1.00732933058648
0.294576890036894
-1.07462371761163
0.0533912317151783
-1.78863388231532
-1.76264449679059
-1.22514651935212
0.253788110173968
1.34893135770469
-0.498882547969859
-0.187590761581254
2.36215343363755
2.00426941928051
2.12560920669253
3.30828403486529
2.465125450814
2.55623761090808
2.35490495752507
2.03398757174772
2.30692165364495
0.332868284278178
1.16266008559239
-0.187307388195182
