0.125159998479518
0.465268339991917
-0.999103529691391
-0.601423603140866
-0.816354400223662
-0.0420805998138038
0.102445271939574
-0.0558886034353942
0.481353987496929
-0.467481377620144
-0.566643721336268
0.441504901579007
-0.0808256908842963
-0.33352469611173
-1.13615953476744
-0.330046360837834
-0.595080443187387
0.230376210334809
0.000158845571335498
-0.292740316327403
0.346992275075006
0.726147135920017
1.53220973854048
0.0660712783730475
0.278467629492012
0.238548388402675
0.206962746955381
-0.254464279320877
0.210822461984149
0.0623133444993488
0.021077746139913
-0.535650492059142
-0.272048957456572
0.16420018465046
-0.213757042436333
-0.471399327566657
0.0491783493054118
0.154165916074038
1.64228364343223
-0.57526430431212
-0.540661559748702
-0.344989878176121
0.781580636263782
0.971509793708579
-0.066326746420832
0.393147945772643
0.0790345203394705
-0.338370181583537
-0.0168105750064826
-0.490185210977759
-0.420343466770752
0.825838168949574
2.28793457718812
0.943019914437988
1.1041198358401
0.714987048741508
1.07910135449671
0.890558310771395
0.705502364814703
0.472268026523328
-0.613495934186416
0.482209884366078
-1.27362754306248
-0.633600159320652
-0.466738875439335
-0.687571393795828
0.229790191266791
-0.336572694061159
-1.24428468436416
-0.965798864659438
-1.22962705494468
-2.23269711139558
-0.111408794193896
-0.78551390892743
-0.503916906114065
0.0464978962995371
0.189047520538583
-1.04319791224479
1.05121406021299
-0.169101945069875
-3.05169985102844
-2.6476656226304
-1.12034498618572
-1.31512464781909
-0.482099587549214
-1.55037201556366
1.13907491245654
2.19174357048569
2.07493370927309
2.15541546776586
1.8393185092508
0.775472115338511
1.70083718331837
1.23791394746947
0.544696480374175
0.261698273768482
0.595861292151552
1.06167952242231
1.04315440165737
1.06371505383929
1.41025489965006
1.18244746409816
1.18880442965842
1.46888212707317
-1.1123098441603
-0.781933415899165
0.521112358406437
0.477565868764486
2.2122714005316
1.77078428372684
1.83412848072542
2.27110696439391
-0.200849349672464
1.44018662246458
-0.325463978489216
0.132945238150583
0.341126426670986
0.0382590053041097
0.451221456511895
-0.904400926892462
-1.11167349554446
-0.694347809235487
0.120390678400236
1.20022931960848
0.281889961639058
-0.572323926205897
-0.512140534883072
0.492436930940248
1.11237346546142
0.526544128092071
0.313649476400937
0.263280027689674
-0.166396142730174
0.718845984212226
1.72854498332437
0.814395105046663
-0.446592975206636
0.824182646063981
-1.77410214348073
0.466059068594999
-0.710730576757591
0.228023515367014
-0.00652140838336248
-2.06244950430553
0.0552311784556317
0.422987532106594
-1.09114213427044
0.159923127334348
-0.820181586976231
-0.0514977312448295
0.529140650686142
-1.35329237029553
0.040722475942138
-0.375265029814503
0.0437855417324018
-0.857232730113094
-1.88593401711628
-1.27231404283169
-0.556797281412947
0.813267869358994
-0.698164529034083
-1.03557094163345
-0.402005065899079
-0.589819649644836
-0.776303422503374
-0.027489966989098
-0.0513697107891481
-0.238409701713335
1.4774288048515
-1.18438282509173
-1.49099803100879
-0.0162383289822382
-0.252946244922365
-1.24914728242364
1.13852024691035
-1.33693000401387
-0.296640266920681
1.53206863127296
-1.99780869205473
0.605208064654426
-0.930226289567434
-2.11415977814466
-0.311832398819752
-0.656098872084608
-1.04741716199271
-0.0756364661497865
-0.379096113514618
-0.329316313097166
-1.5145210621543
-1.94012389309642
-0.551433776270959
-0.329174493977995
-1.27271233699365
-0.4668104723694
-1.11283938828242
-0.489313668927876
-1.30639955747518
-1.18875403190436
0.563386206807929
-1.00178809469581
-1.03019947763828
1.30471347381302
1.58602351500274
1.51720485695907
1.59439865462889
1.0987122369173
0.85660455944073
0.814729388805508
1.42443177843514
1.81132999982745
-0.48254095727319
0.561510106411213
-1.11925848592048
