1.79661583077107
1.73429058760757
0.400147427896128
1.90879579870422
0.320117878619996
0.621183000069927
1.18293731271404
1.79959180466804
1.1765770230807
1.06230063178906
1.13974655286351
1.56463497301461
1.39289649557339
1.42813686337858
1.22409975850531
1.27602232810949
1.50756971407043
1.63191950849171
1.87068590654318
1.03758982022288
1.16174296548075
1.53082277338659
1.2239876330507
1.05736714945182
1.26767350008758
0.670388750484202
1.05536723711846
0.877711023572895
0.68179177659361
1.71103668432156
1.22399422899285
2.06842227375103
0.707654284683622
0.755737191613573
0.877482654952382
0.186387651018807
0.797784540361413
0.388523600381223
2.56892956566289
0.951862196753324
-1.00562470047005
-1.37063300814861
1.13750952429841
1.30467051714222
-1.18475095080775
-0.916366860669125
0.433748998424452
-0.464535104658094
1.07043957499619
0.772183336830711
0.77641117865199
0.899963964602612
1.53416407321953
0.676976771092519
-0.438913903298253
-0.386854649616617
-0.207102449726599
-0.711419713127023
0.410440293010949
-0.413603148996716
-0.993712302736752
-0.737994646868004
0.649339791185652
0.283122566711641
-0.950965528334804
-0.779402915390609
0.284437962396931
-0.931199482068563
0.630751113841183
-1.93587861327255
0.151722469141235
-1.21588470874486
-1.79381023319977
0.778879705180348
1.21699939262565
-0.233511637789787
-0.682245635267684
0.177657369779989
0.386306454884787
0.559323901054223
-1.25782569418838
-2.15847642366384
0.499500686764754
0.807673525216856
0.659945475625325
0.125395128277861
0.24818011907548
-0.321105860603159
-0.00918307212072373
0.657683398375479
0.102225571422568
0.656927178357695
0.845365644452933
0.889943600554842
0.556539479260628
0.176531454589115
-0.540122578431613
1.31693793093343
1.32494033574108
-0.500844541108919
-0.59561511708073
-2.47611479150975
-1.0423115426031
1.59547209868024
-1.33544414158783
-0.112865632527088
-1.16937217937316
-0.981103200517537
-0.388595283034294
0.334774337735889
-0.288046077938906
0.574104142779018
-0.37304893596508
-0.551175972658042
-2.10838629098865
-1.11984547951381
-1.08426414710933
0.0112511878222882
-0.161465833049492
-1.28809753857323
-1.06943623095618
-0.146859631747262
-0.0317062932716148
-1.30498700775225
0.277319599677892
-0.647268604419912
-0.149252931662973
-0.695525529501923
0.255046208702054
-0.687495547895114
-0.540836269795575
-0.781352000426991
-0.206342990857156
-1.03102147689578
-0.434668037889322
-0.191743231837319
-1.03997632375474
-0.395202542621191
-0.897150185630978
-0.177895360561348
-1.05462676780072
-0.423948374772339
1.11773768104274
0.0932794319628788
-0.880518547429265
0.152475869246934
0.134684364329456
0.0238278812230411
-0.314787749464137
-0.592376247332763
2.18109217668304
-0.677447004192841
1.5322306560388
-0.403257066055615
-0.225927002552443
-0.496394545652244
-0.824301119198683
-0.000541270872116702
0.242327235526561
0.680344613890444
-0.804175686523087
-1.33289436553746
-0.25328965988274
-1.5797548287033
-1.97398344049741
-1.05743927801102
-0.492204749956589
0.38841364853395
-2.19725926926174
-0.651186623002199
-1.34289460400593
-0.982902877908573
-1.2992095016107
-1.43689823299056
-1.59946556006842
-0.75807638927496
-0.113946248058802
-0.653364843205114
-0.532709174993571
-1.97598375599863
-0.050247276307483
0.362912783168929
-1.0194912034806
-2.02998574360521
0.299637992995635
0.170331737019602
0.0543647510295865
0.508492140319447
-0.0741739973753731
-1.26492814583337
-1.12793944575891
-1.06810412074952
-1.52037974239785
0.536598848084779
-0.435876273952015
-0.323272989976392
-0.386123233429314
0.00759636601947766
-1.51910108058317
-1.17379912694126
-0.880146595347996
1.27481567646243
0.366417652502174
0.298689211747331
-0.464838373504956
0.179072778185632
-0.35497582632881
0.680693123814265
0.72738785332917
0.744844016047962
0.188743242077198
0.603576689443249
0.829667302948223
