0.544059809589517
0.354654025938678
0.346004322402041
0.412932789168676
0.276709289359103
0.464577721537619
0.455074614943454
0.53631289058373
0.729100157078271
-0.890999421159178
0.109607406777921
0.545333386610822
0.605346609893146
0.391698796172282
0.4638415995081
0.64322258111529
0.38205669628623
0.485461504301537
0.326227245299905
0.891047747806558
0.723443233517796
0.864996042136768
0.320316045152336
0.446985738613773
0.69681861724303
0.41752649984826
0.222121069277941
0.745442920461919
0.581978194227333
0.258838344706045
0.617023940683947
0.580418845800303
0.761797085179417
0.903223105150554
0.562289095806137
0.77727600037263
0.748925795223097
0.701001609327943
-0.30048425092541
-0.445232133062209
-0.99602713733703
-1.02301659385965
0.328831994381291
-0.991445797778856
-0.535961629610473
-0.827453074461344
0.0435306891125132
-0.751145317364611
-0.534730272469413
-1.36957044960162
-1.44877209932532
-1.35909335389744
-1.64266232693385
0.157814038666383
-0.0550096986148397
-0.220373344239301
0.224045554867028
-0.0766467677291724
-0.850321093074028
-0.418839757323921
-0.0475178935368966
-0.27542015242747
0.0844113322975645
-0.224652153263142
-0.636597303459177
0.0698759921003835
0.2430144513726
0.380865771028787
0.11495729535456
-0.389056703959943
0.420113985254993
-0.208054605021443
-0.956336381430066
-0.382857603000374
-0.516182877408193
-0.117259357578415
-0.403483510434621
-0.842335863947843
-0.641029164986902
-0.0410725867158079
0.0504264903065085
-0.550698585067538
-0.0938338357999036
-0.267551169507287
-0.0318523007697278
-0.108227420102133
-0.53151388920693
0.219691636292826
0.980145358728872
0.994651977305878
0.142003821004407
1.90733961151805
1.99304574101725
1.77764308149784
0.920906898923001
1.74052580738522
-0.0141604404526417
0.133889638544467
1.88810509358658
1.86574412795065
1.70500256502831
1.89663050253726
1.52270363539892
-0.868019550799309
2.04879639855264
2.06157391101175
1.89101119024475
0.226745766026016
0.233816915288815
1.7684197002748
0.359492084033376
1.80895302958432
0.373752088136404
1.62645265290867
0.375450989426493
1.79388408269367
1.56081337616064
1.23706612827251
1.30132280180087
1.6685980627915
2.09383350429733
1.9430766214964
0.119070942274515
-2.45788942870727
-0.994426536958723
-0.0827837576044229
-0.13830573904363
-0.389180443116016
-0.825714817976221
0.144022703626444
-0.0683218503275449
0.469458045045577
0.0250734839887828
-1.67821425344083
-1.06776231623292
-1.32615977734265
-0.774998274637917
-1.45270540165457
-0.119459852244678
-0.320719877249358
-0.931626410612725
-0.336799147482251
1.76460945624181
-1.35109581271572
-0.0238266048655392
0.641619268539878
0.120289254921489
0.414933023081367
0.00899229434716452
-0.195199290631313
-1.45427048576046
0.61745823935472
0.972886731164902
0.955226308437444
0.301856576765622
0.205717777930578
0.39083939857097
-0.256432579674809
0.311854894313084
0.596251375159164
0.149445752176199
-0.0253547532830909
0.633193209330267
-0.00271382830562191
-0.455701019195422
-0.719991925212464
-0.145473486266649
0.0265434465036035
-1.48719177745846
0.309859447192205
-0.0825126354077779
-0.571635456696474
-2.50996230443882
0.0126811730666258
0.256079486274108
-0.454280088115861
0.0869241965378663
-0.897367932090928
0.0822401738614751
-1.45936265776656
0.0619339564057569
0.554379509825208
-1.15109043227178
-1.46720881358014
0.278418343364241
-0.0109636456216219
0.299326569742915
0.202921570064981
0.117338156121127
-1.00187823949776
-0.589060612934013
-0.918957222240084
-0.540663533773823
0.491928395791301
-0.346915220017619
-0.46300103805706
0.100099262858737
0.501199675811974
-3.1869687748171
-1.00133945212006
-0.635290259399952
-2.14970542332445
-0.548747690604921
-0.749321457216179
-3.81680092952177
-0.701220064945077
-2.76943208623208
-2.94532209196473
-1.77367039328723
-1.74977650648614
-0.188100953378399
-0.924942882914348
-0.724023755889899
