0.803535799849035
0.745759939078998
0.413291382479474
-0.991692989415975
0.402632072213834
0.963346197284093
0.988734804776905
0.778618635698256
1.04292740730695
-0.674102267995275
0.472241857500393
1.05993691349179
0.788194593251006
0.62239475600945
0.628049826636039
1.51382920907719
0.643469059635071
0.886435113097865
1.30161399172779
0.892729752625605
1.02379656633518
1.09831406998529
0.64490709164327
0.349424344707053
0.624958923426261
0.476659760768557
-0.00355147796981848
1.2428030682098
0.110885556711485
0.15730439285158
0.909182719360568
-0.251830754105097
0.456357174390495
0.754167304687174
1.01857843651113
0.316656304038518
-0.0268289353391994
0.745173602806286
-2.74204417159313
-1.04624061208771
-1.34410320479306
-2.84905752873335
0.771631549048503
0.498140799255518
-0.0318257842284452
-3.2850224320108
-1.23880230736592
-0.862789916665762
0.173860366729879
0.576238077011021
0.732479709415867
0.69784641562672
0.412595197998134
0.694005770963569
0.315559124714485
1.2289074276632
0.917002691774772
1.14952612111653
1.32932966497703
0.527731085206425
-1.15127880456557
-1.34297715201263
-0.464590027461454
-0.702317130324426
-1.48370394790931
1.09640288337506
-0.878948244769293
-0.311066508601891
-0.480427499105365
-0.49108114545083
0.401990158160615
-1.12844024039605
-1.05952633570934
0.290976750503507
-0.470982226628086
-0.456561823853868
-0.335409949197282
-1.17938502075041
0.763491790313727
-0.877542931343608
-0.338925122660326
-0.461586388523948
-0.367154190994492
0.0742701360707751
0.67480999538846
-0.907925671996735
-0.749382623366089
1.83310201699547
-0.579702726137906
-0.140475133000318
0.766444847363227
-0.480969044721116
-0.306630800185258
-0.644538793484052
-0.297042260111098
-1.7652238281396
-1.50500751357895
1.04649439248383
-1.45465924301804
-0.522872374775982
-0.782961447359556
-2.05000187995135
-0.798495516509713
3.3157648432748
-1.99930803743402
-1.73494990572552
-1.76519826965192
-0.33833435154615
-1.10864974308279
0.611302101514328
0.138690420056523
-0.365581419099139
-0.548442813992243
0.107471693932719
-1.52473393258819
0.51093936194705
-1.52354349963148
-0.672559668927665
0.0610131365474042
-0.976527536321054
-1.07864786819136
-1.76374222615386
0.296028811958481
1.74200832052505
0.973793143458664
0.133819834192032
-0.394239171382831
0.592367099327637
-0.776052603768466
-0.287904143928723
-0.425375387838322
0.474955181188777
-0.980798432437533
0.638235610600426
1.36360746989338
0.158919990713011
-1.03133910198373
0.42793973381154
0.316378117360313
-1.47040269899314
0.0288377191949534
1.50805641683075
-2.15571917212405
-1.18543450665679
0.713452545822312
0.996190660389132
-0.869450069765347
0.0844447228881774
-0.62361843164996
0.0873338464595
0.3653992359181
-0.857419733598109
-1.03318117303319
-0.940322310557347
0.47175955439681
-0.262514181289555
-0.991235152060762
-0.205922617859024
-0.322162138130428
0.916285716366913
-0.287607189142126
-0.271837995319684
-0.794325505778424
0.566173188049708
-0.0813578934925127
0.0843128254589284
1.02915518775916
0.532577299700545
0.143679011656331
0.853425300728218
-0.251975383351048
0.748821050388199
0.7399901340865
0.989676904980512
0.61511399863675
1.07298807163736
0.153933157432094
0.128338961989883
-1.0367892631893
-2.45513048399767
-0.428519779945783
0.0830968848701187
-0.984138659671185
-0.616868860978853
-0.165767334488785
0.0607160044764919
0.775254528196391
0.666955866836256
-0.710606278689368
-1.57736584218801
-0.435704329045749
0.777008529079885
0.121039540073671
0.244797520018533
0.507315590385411
-0.593284933023192
-0.582311657006037
0.689362125115639
-1.01274865913881
-0.245878108847758
1.51752131749582
0.914168442657796
0.665479328685932
0.849283413850236
1.6858094334525
3.53197116368561
1.15724672959804
1.35641968092329
0.132137853563492
1.13200329487886
-0.350185664947866
1.23171578264234
0.769169038654369
