-0.585764576069187
-1.38971477414458
-1.11274026380428
-1.32792157141549
-1.16862472821693
-1.69824611962838
-1.62998488971916
-1.28901375473603
-0.750470977174882
0.116858024707374
-1.31305636659565
-1.18688283066613
-1.03236484635192
-0.605899407710889
-0.535958919032383
-1.4527708392703
-0.854360483148958
-1.05343867736003
-1.21522210746001
-1.03950949356507
-0.977966854731831
-0.0569285388699584
0.0195942671722601
-1.19874133978654
-1.14135561863007
-1.32048537292759
-1.10116481208911
-1.01147624898658
-1.01935164565126
-1.26351756964444
-1.30351866510779
-1.28779068113133
-1.54817414821708
-0.493232496565096
-1.49999901796478
-0.878869963567156
-1.40741100894887
0.210464861994239
0.780823310680979
-0.326647372593514
-0.472456169593014
-0.234958848219968
-0.87711647678369
0.293371834636554
-0.287986577629573
-1.65515190743323
-1.79253766214215
-2.21875004737608
-0.948133129862179
-0.936533199615096
-1.43200322850904
-0.737641888619032
0.154113698828175
-0.857877845214183
-0.432751635172412
-0.447551274711692
0.288506839165649
-0.0112731357990297
-0.370990070232955
-0.861301414416379
-2.06816553379738
-0.227189479074644
-1.75298766058338
-1.95226721557905
-1.7570150077867
-1.53580021814503
-0.347324175215822
0.251288651551511
-0.979594719401748
-0.515423790589538
-1.62104247574817
-1.29837514502045
-1.46410240928197
-1.30851952935859
-0.171346298099856
0.225567650121635
0.916925202115344
-1.49767861638769
0.0802528847135299
0.128545602303496
0.466212968751527
0.0244246596047824
-0.251914126695554
1.220403355635
0.659533643757376
-0.513953071752532
0.82371399436636
-0.634405967478785
0.293558879480901
0.379514115277245
-0.493161096331154
-0.296767954623585
0.588616201419119
0.969908516400607
-0.470887268239907
-0.696890896533939
0.243303907024981
0.785743885480701
0.0900146408373412
0.624033787615634
0.577167056302723
-0.501657472096217
0.628380306533123
0.759773116692675
0.263826129804203
-0.865060670083735
-0.0140009996594068
0.703477665375521
0.76491046593343
1.11411025834567
1.51320002363299
0.480121199449714
-0.497206738360157
0.687538674132412
1.44313882425872
0.993578283288151
-0.616708067516068
-0.796412597815822
0.292986627041391
-1.72155556964103
-1.76683302037452
-0.676325419971647
1.66753088698807
1.68640817767462
1.82389878964005
1.03197963599221
0.594617024940358
1.78159635038412
1.94234866757032
1.72053749456087
1.5579533209888
1.66155504120085
1.94093773597353
1.86908911511068
2.14180882088629
1.90620715390855
1.68877715693821
1.640402280202
-0.0129316588569281
1.64192718117365
1.27115913528568
1.43465582249824
0.419993481958864
-0.382166585805505
-0.805517581530221
0.363901725917042
0.658997068730558
1.07033910970695
0.579119478215767
1.05910611709659
0.856201904313318
-0.405761539392918
0.631120210819408
0.746627878110784
0.64215478637968
-0.0995564868319808
-0.579111393092203
0.0798333690045431
0.65891073833237
0.967035644765025
0.467594132937724
0.456678716286113
0.577351031824119
0.241766287792756
0.454724153303283
0.514269521609055
0.430127690888455
0.913226898281357
0.298688324173932
-0.0831343197796983
0.457193387373783
-0.626707950992351
-1.22380963435501
0.747336504837851
-0.0269580295444239
0.04330572012728
0.906589886129568
0.619190161772732
0.247215122513235
0.468011301693523
0.218447814456651
0.851561191750954
0.461517718376913
0.514487835952986
0.581332570114215
0.461411578782662
1.16563748434724
1.13355795586337
0.525055542413146
-0.274925538252159
0.77492688682121
0.785349328498732
-1.4847633981577
0.777052331684296
0.102375656717671
-0.180659322212072
-0.104031596293004
0.960136003199008
0.229463722533472
-0.469191441711595
-0.257303483726282
1.26241999660322
1.11415455949844
0.900119413251078
1.02586459298361
1.38148093302685
1.17381237079446
0.853167786292072
0.878739469372158
1.14875570319204
0.48114343430773
0.982917907697555
0.798300714813536
