1.33417404344153
1.44820839416817
1.26348172894663
1.04672078109422
1.26694847897094
1.53429276522222
1.71082861372576
1.57012463580898
0.590568343821755
0.114109584397251
1.20677993480213
0.523689955360391
0.938659799443877
0.904209268253492
1.33833830527851
1.36271771852277
1.24376985998588
0.836967869541847
1.19318208940018
1.35285438301545
1.01224293637115
1.1368567724418
1.32672822014364
1.4679352766717
0.880267942055456
1.49490828336663
1.67250446926095
0.838154435543181
1.22938517121577
1.73843152861957
1.29355592864359
1.32559957249653
1.4595568903944
1.19311057676015
1.63995157518874
1.39284876046359
1.51270907844655
1.08673114583971
-0.801547740276618
-0.37981639703412
-0.701310703518238
0.193507691114814
0.437595368145197
0.183217431571585
-0.286187014325873
1.73919153350905
1.1746819880667
0.478282404252995
0.586418566836388
-0.630899530856662
-1.27908430921175
-0.191726608271311
-0.11426039697702
0.129790886526208
-0.506620496227753
-0.701064609857866
0.611522123383347
-0.0395008552956498
0.0418120613856623
-1.22365729132915
1.00020178227425
0.85483670109298
1.99010285183906
1.14887153362853
0.483451093367371
1.27966805629886
-0.411862849317538
0.255099524732325
-0.362769617034669
-0.127293122433194
1.9220713607526
-0.430553364421656
0.0278456919540098
0.322798537750364
-0.769936231855856
-0.803634544911684
-0.513262182577374
-0.902585465299128
0.476343094394297
-0.301885023471341
0.579645186043238
0.500341049595967
0.371031439317378
-1.4616718907821
-0.349024584461609
-0.419558274886541
-0.829115709479017
0.549827654373175
-0.383515485694181
-0.187790500877216
0.307532113894238
-0.314321522374611
-0.309553566941005
-0.643324294099146
0.188269260437745
0.706402580936071
0.408349087974071
-0.676077317946647
-0.533449255276688
-0.0577221571525808
-0.19003773482517
-0.330052719236633
0.251836775434562
0.965466397026435
-2.03198044094006
0.5009321141939
-1.11418845836537
-0.355943504262589
-1.45588802890687
-0.99110375672368
-1.05959259270607
-1.0134147188625
1.73921593558592
-0.0634675643440359
-2.5763302244509
-1.57097777665127
-1.56777099598405
1.15292760957122
-0.201815743511829
1.70433233985475
1.65889794620182
-0.187208753677042
-0.37201779422305
0.88853418192799
-0.3803158626904
-0.385794495944425
-0.688167557160522
-0.777540309512169
-0.74565598844987
0.524269252366296
-0.347305741215772
-1.59052243417128
-0.5807951969021
-0.749842864381636
-0.163474309385979
0.240760945869967
-0.757683247796969
0.313642933819778
0.198814481406615
-0.825965419989112
-0.288644987325002
0.296625776977409
-0.893194190138981
-2.92249379735489
-0.0819896583161828
-1.37163770954016
1.52193099306219
0.854572937067801
0.95135469036221
-1.65645293108435
-0.807118199143171
-0.587529656576921
0.0770969241976038
-1.45432334648117
-0.489622040883595
0.835716859377863
-0.544610264878666
-0.174995244841841
-1.17934374452373
0.0784060748784339
-1.81558952406927
-1.32118965043685
-1.70330845468789
-1.28309662916917
-0.754918330289385
-0.692966341208829
0.150583794373086
0.388564013400632
-1.86580906993713
-0.904733882857837
-0.638299743312782
-1.24507808454099
-1.01686291675198
-1.07431633803293
-1.27190416642998
-1.29911414290006
-1.12087115316238
0.438409578075401
-0.572616641095052
-2.06100184733208
-1.1205624980941
0.925103585674894
-1.91801952587573
-0.415039761574093
-0.553238091155718
-1.54598526933042
1.07389671140111
-0.424118503515302
-0.564586645348775
0.370197992438222
-0.995011113339937
0.701178981923764
-0.412325775307293
0.902742692396872
-0.436859092774408
-0.564424945835793
-0.375472892674068
0.952375504902247
-0.650832448642001
-0.91061525277246
-1.41157113311614
-0.652472507977218
-0.0189074768899543
-0.281989628319721
0.914540678637839
0.815868439799743
-0.268009855993209
-0.43094356637531
-1.24702835186813
-0.371559353062075
0.253763153184339
0.454791620067004
0.85447783886076
