1.27116904110959
1.12987407729868
1.22354893913133
1.18171746978732
1.23909995183526
1.39082062963781
1.38774739340317
1.39147639867796
1.0415807377376
0.0680426017316942
1.25019627857874
1.07414714570221
1.31724683185391
1.2504193769769
1.27765941105074
1.14314384409185
1.22736748695706
1.12968748582087
1.16663922480337
1.37309780533474
1.06756302170528
1.07420407128453
0.9452697422241
1.41947531666604
1.37765307619683
1.29311946227585
1.2977725853657
1.41552749347476
1.3468558618635
1.40805715060603
1.28289018552147
1.28610292778996
1.22984105139941
1.22478131699407
1.3624816730352
1.18706868954909
1.25462833142937
1.00087596449316
0.760455424677539
0.863859166095364
0.759726642960277
0.818521539525754
1.0223741869857
-0.0487994905807128
0.848001964559062
0.825594800131086
1.13205693487489
0.678609266798607
0.990124267394878
0.726686071649716
0.338701624552742
0.430586972019264
0.839910880563634
0.931476870213079
0.77900632333205
0.836012127521316
1.07709661868532
0.869353646795248
0.956911726148238
0.992499271373711
1.06492455385497
1.01086068659691
1.39497589234603
1.28714299092496
0.919612356055696
1.24590219804126
0.733893745477034
0.652524418649601
1.22023378605844
1.01292422398239
1.38221194948586
0.914945437262536
1.14195832064082
0.766427005586353
0.677492207516283
0.0954005070941969
0.850625037791331
1.20111628409389
-0.0251609850083396
0.314541883538015
0.317432545799047
-1.00932476807164
0.224748657542524
-0.482028859757001
-0.0218460986192952
0.487437441818744
-0.0884844148716119
-0.304667757282281
-2.378519759115
-1.16870226726709
-1.04933069260106
-1.34015884692448
-2.32094654004626
-1.28736207944662
-0.352799443085512
0.0904892073995594
-0.455232451298103
-0.449408608152558
0.116747641553105
-2.13256081044231
0.126210789025136
-1.34710208614025
-0.106555104133373
-0.0874999903506442
-1.03785623752202
-1.96723806667807
-0.783570739191354
-0.165115525089145
-1.53185583988125
-0.753242865688263
-0.580803561485076
-2.52885368815821
-0.739309551489612
-1.56499048972363
-0.608951839939677
-0.438271944874872
-0.924389539527162
-2.15408691128354
-0.791885900811107
-1.93612471273676
-2.18018510908765
-1.88306367036658
-0.349284250992248
0.386890198000556
-0.0142326137288054
-0.315940797343238
-0.630263556377188
-0.968079863172831
-0.729086987178365
-0.758278651016934
-0.686783119267913
-0.0244120505563285
-0.211543040987008
0.075233727853106
0.00717922834734963
-0.401703156716249
-0.500019943731705
-0.396056096292737
-0.62180932166037
-0.303675511970822
0.301040310760644
0.664279612921261
-0.4744110404512
-1.5465899998914
-0.378998450864959
-0.525179773747069
0.7576182050579
0.784890862083674
0.617814937205585
-0.742958962246617
-0.145706306741039
-0.70665125545554
0.144418466526725
-0.78584939391608
-0.10160944201366
-0.821506970569292
-1.76590408253261
-0.922192506034311
0.0751140840302556
0.828856362902332
-1.03048973365911
-1.35595270158591
-1.15849687097986
-0.652200724651025
-0.749940741803909
-0.565269397547748
-0.19221701959326
-0.108715464194105
0.310092362371664
-1.17463076969529
-1.27638052496909
-0.93386068553496
-1.45979131238526
-0.333463915826262
-0.158790759949548
0.236449579331957
0.179944742874076
-0.884814076774509
-1.28602840904128
-1.1849932750327
-0.295869185325254
-1.1478102592465
-1.13533952477728
-1.29841116008721
-1.36701379264344
-1.73942540242806
-0.394905893225366
0.251753410917417
-0.404157223779152
-1.29127486597722
-0.0359588438010951
-0.532446784297751
-1.62750731442295
-0.73973205547823
-1.34233923926272
-1.3152009526016
-0.429247704030739
-0.7602321594732
-1.40982053532902
0.666656829528853
-0.526177951585313
0.223920374836738
0.225854400925875
0.284895029692588
-0.14045924516536
0.0880679374263472
-0.13842823075074
0.105169066725646
0.141839663519332
0.28747463138625
-0.871527370596636
-0.839971590211616
-1.23834211370854
