0.369390750003882
-0.0209272641877065
1.90897917627799
0.943087002898753
1.14460768820205
-1.08549189547907
-0.858701622452987
0.000602977109626573
0.167750755971935
0.585858467201614
1.41320862184741
0.572963839363244
-0.0160799758793457
0.0158391338451606
2.19592834064607
2.01708575907626
2.01744862632553
-0.718530305000759
0.881774891112731
-1.03062281744102
-1.43969218004903
0.171014301365472
0.359799058248821
-0.0768433490796684
-0.327869051161913
-0.13460539177304
1.22932004403647
-0.409981948388992
-0.17410668647322
1.06769625065495
-0.250664153799848
1.44578365997951
-1.3337830384169
-0.990462638422858
-0.858089065479672
-0.327945684606153
1.15472472682499
1.00627408992593
0.500991737801158
0.584514109275456
-0.0255430220889807
-1.30399597694641
0.144726348503247
1.48314561679513
1.95783864624503
-1.73511147418812
-0.182989057828429
-1.86987987750325
0.530353623230845
-1.35564529984088
-1.55509820820667
-0.5370426042183
0.112389001365681
-0.299326153976942
0.580298417456548
1.07440295419225
0.429852873541392
0.519194815689815
-0.829820927426426
-1.23706528729248
0.650484095681505
0.298998771936301
3.9093491421408
1.5206436133068
-0.138678308052704
-0.0480821923041138
0.141635627162366
0.434761077091006
-0.903241358797145
-0.462464071876998
4.07874260011747
-1.51863479645927
0.160346763726504
-0.58716984424937
-0.895653512545641
-0.734356413254689
0.517278232574254
-1.14931349114692
-0.252129679205312
-0.436033942095723
-0.926124149699703
-1.15908537318379
-0.272467120059058
-0.540043089159815
-0.00781949798976555
-1.04421643133927
-0.859019585883111
1.85385703232962
-1.19965904209908
-1.33657093027314
0.246159212644649
-0.22873192863045
-0.156823949606787
-0.785327169933765
0.420869585526473
-0.61089978748391
-0.356945480402516
0.798346018973641
0.0517730024383111
-0.587436673058024
0.6956138238441
-0.152023222833396
-0.190211736883873
1.66170303843259
-0.559380182235821
-1.08380729869687
-0.000150301897277758
-0.658647992346758
-0.0571651940553562
0.54073748636162
1.49496252742162
0.85212605165812
-0.56569848534135
-0.266709657679677
-1.16033204926638
-0.046215056037033
-1.3244431147291
-1.01126014726117
-0.69368374869035
-0.362029756680365
-0.680051327938257
-0.892071565769939
-0.348928073616887
0.83329099480234
-0.591104697068066
-0.318198568348745
-0.834052163540352
0.189668777930934
-0.378933187528869
-0.599414582690587
-0.882190593208937
0.332656558066407
-0.449994917483554
0.995685766780087
-0.550394138592234
-0.428039875304435
-0.950539078617425
0.0135799710031597
0.195032592273878
-1.53729768310635
0.218125293215163
-0.29109766725383
-0.486626655181123
-3.47378131879737
-0.375941859034916
1.3821852125932
-0.348677103811232
0.120498432739463
0.467747647148954
-1.28457953669405
0.279283620899552
-0.886166896102844
0.812247212352493
-0.774951408062138
0.16621079884898
-0.029393541250792
-0.685548547228511
-1.48801537667118
0.455605886710701
1.56576297989716
-1.56654766072574
-1.29822485519152
-1.61434388424615
0.483672892124877
0.980169250366152
0.605118847477734
-0.345133811143258
0.632917176544889
-2.10305578890944
-0.766301186738601
-0.0919444434806454
0.238663813835127
0.965272518125539
0.0217795332806659
-0.457839231975996
-0.010621393922966
0.269287775202305
1.99173407298346
-1.12148599836274
0.480581726713754
-0.414869247766227
0.198253211267957
0.317957663222658
-0.778789692274208
0.458701462980959
0.882623972644218
2.00378081669572
0.339608814868694
-0.579359098633615
0.250173181369104
0.313223939882157
2.40510630291772
-0.189495287468013
0.991397150329328
0.30028303702216
-0.383752203916204
-0.431320916306904
-0.43883906040539
1.17265346978837
-0.702399784097647
0.837230199102777
-0.251651434130246
-0.239672953218178
-0.060944706678254
1.13938202251983
2.36915449763525
-0.443138735290047
0.141162303928401
1.16591392219846
0.0668434494201363
0.495596396597164
0.277165566810198
0.432097717317539
