1.02376466693789
1.22948690322802
0.128271886994586
0.840444773414996
0.811390532735616
0.724726031931223
0.783093955830944
0.235023890405392
0.0247171257687916
-0.288978986217398
-0.416772521121279
0.530066971558118
0.614644946079626
0.584601051754371
1.21974543330716
0.588820442522845
1.14034648963694
0.614655645795465
0.369096205089443
0.785457260888747
0.745121145161987
1.19287868077689
0.989625665207687
0.705932908027134
0.915177550926794
0.664242613018206
0.487361532850314
0.917378500921305
0.787668224878479
0.16191961738069
-0.178494469934719
-0.938473577876822
0.763659883636426
0.655902170167556
0.611773873644363
0.813643059505388
1.18157268148512
0.561206795742152
-0.0624459173310378
-0.262431780421306
-0.859214154675962
-1.93746971362363
0.644371522955477
-0.837737243050752
-0.990328564437642
-0.163539747358321
1.54517257857126
-0.21555353307246
0.965136537741614
0.357265620506816
0.232501387607225
-0.167783992835554
0.529704489503782
0.934431491154577
0.331895053100885
-0.791122425068928
-0.45225044288232
-0.66109503389729
0.778924529987436
-0.135640029160356
-0.318947730387412
-0.490351917195992
-0.751434267980284
1.01148531204236
0.693795194815629
-0.231737787429437
-2.29801522963849
0.136608053460693
-1.12926169287151
-0.75028709492833
-2.24880678506937
-0.0862421471071507
-0.624863991789728
1.06310001332467
-0.00026396993164111
-3.11371194706609
-1.82961025055282
-0.714645566451931
-0.0542944240744541
-2.32588347520458
-0.755234564786845
-1.21425227512603
-0.0328132853702107
0.183939463753278
-0.767563632978525
-0.542161253859536
-0.734541787527293
0.787931045786497
1.38216094920391
0.839757056697514
0.81136794027071
-0.603846410868613
0.92567407617017
0.522645292391287
-0.274351752367934
-0.717825289940719
-0.173305792299147
-0.214430211338309
-0.655903347896171
0.583656446470366
-0.239040717095076
-0.970642472993891
-0.644156596363302
-0.206564663353331
-0.519682804422244
-1.57970021523166
0.111978652772371
-0.0614035429849299
0.0772588507731789
0.00348497307765609
0.054170200198424
1.15042086485023
0.0958552228957861
0.229310768039577
-0.910628063686867
-0.235239255611083
-0.00454379556027424
0.370112982915325
0.170215143623602
-0.480490226892334
-1.50828822804473
-0.714042800768608
-1.36783157749145
-3.08482419342514
-0.888340917872843
-0.91347521982129
-0.795966612032223
-0.995249239556922
0.111319521742049
-2.77568672627521
-1.84328586294237
0.352129630639274
-0.312286924568722
-1.78613364688347
-1.12882186762459
-3.53590970588378
-2.64911947009107
-2.32556961701453
0.408477673117814
0.986853935781164
-3.02272387504701
-1.24861939305617
0.637367516032748
0.0564963133726026
0.561246002317898
0.752620558312978
0.531837484083378
0.340510487817848
0.177673757653921
0.491079384471617
0.944103717990444
0.410053886313845
0.143282408563033
0.982520101903093
0.374190971609836
-0.126982073938051
0.833465030398466
0.289399504612604
0.465282287045634
0.944539080533892
0.877520635908614
0.419327459944065
1.17069369350576
-0.326235843343999
0.22312782679834
-0.667131280310779
0.132617375074494
0.328103959075944
0.981356998478417
0.180589523609345
0.382448036895824
-0.120849917848763
-0.8771232009061
0.608734405303649
0.865479601186488
0.401862444923627
1.44049701825905
-0.166674396757246
1.27304504135826
-0.848495711690539
1.22512060618376
0.855772872164267
0.730499100029839
0.68384593314233
1.30802708131612
1.31042885825344
1.32080986050621
1.30351961244013
1.22718406919431
0.948530372968584
0.943155838724197
1.32111910725861
0.876927083836849
1.29869432474327
0.783621605913246
1.32031372724783
1.08643588258255
0.557515472880171
-1.56460806096784
-0.10704023547642
1.09248242187299
-0.852129190908109
-1.38056205956242
-0.868685617692209
-1.19112401795634
-0.0578245009356257
-1.76597986461408
-1.38679344481606
-1.18795413075003
-0.606334304322715
0.509006609352708
0.592653937982733
0.561447615293647
