-0.27539077705897
-0.554457209413735
0.58231394613166
-1.14205399221452
-1.19378364519844
-0.398428052403847
-0.901109004806458
-1.22005304082369
-0.726774953953272
0.259683024774267
-1.2821724203032
-0.208732451484953
0.468001842967065
-0.0480756008189259
0.34260229177821
0.314075916184043
0.230691276229369
-0.461481441532207
-0.00163940742530856
-0.451749763879361
-1.20942001894369
-0.703442131137885
-0.57336595018019
-0.256391715796873
-0.315184993143142
-1.15542854987843
-1.18149127116445
-0.482938175629328
-0.368451563575025
-0.706595978952343
-0.575374809681977
-1.10665896429624
-1.57313787587779
-1.17475060833151
-1.32256460708475
-1.46279871690295
-1.81481897268777
-0.826876318173803
-0.00162716803893964
0.461289846689658
-0.50560365282769
-1.27663662058653
0.905889975076463
0.241528858006175
0.187776985924148
-1.09621961574297
-0.654096259661581
-1.30010678900698
0.890493857306408
-0.805056511094881
-0.580468358807446
-0.143378231043603
-0.115257822190214
0.0705743709316499
-0.373985402129245
-0.245302346336367
-0.775381265698392
-0.777541450998981
-1.06449957841752
-0.813443126401848
0.150803830786964
-0.66266645565465
-1.30615998710441
-0.374194547892683
-1.12912301130572
1.10927663403589
-1.08003087187691
-0.800180810903925
-1.3078920186747
-0.680550190014326
0.307956439358143
-0.990211598663475
0.863341395014582
0.571460312756679
-1.19876473574999
-1.12772232544308
-0.248014598575832
-0.801444737628594
0.887803844642968
-0.564318756128139
-0.85724879638201
-0.747716058546294
-0.123402145110645
-1.90163150117011
-0.0532006578798977
-0.839796593825672
-0.151754749375494
1.37865560884291
-0.625532040347379
-0.601744776891116
1.53356804283746
1.9886089063887
0.530192591884987
0.825079764923412
2.02727611822657
-0.520549970517143
-0.750601053974645
1.04984123151646
0.210637016790752
1.83690695525833
-0.246707580831625
-0.465683324782364
-0.485723091466892
0.882922386954671
2.8391130624205
1.28211869488015
-0.459748252064187
-0.694025040448008
-1.28355440279436
0.0456172651073611
-0.139489804035255
0.32107810551867
0.124791633819371
0.167301262023541
1.38186836339943
1.52182859079641
1.43166811962621
0.237759564992266
0.697589908717301
-0.764484115911069
-0.466256115773581
2.57958987032886
-0.107379560159838
-0.848882521777444
-0.312667254230005
0.188015228953268
-0.896489414710109
-0.800033285209893
-0.0992293826031253
-1.61573406668984
-1.17707557627817
-0.240053510956635
-1.30828356054747
-0.888118633896386
-1.06605492112371
-1.53309457768683
-1.26038724354752
-0.652808354280023
-0.428052287481769
-1.07947701282924
-0.411867854757109
-0.37099862635488
-0.0180078561580776
1.21617772708446
-0.0413773845594198
0.323695291470958
-1.12277433783597
-1.16110993615946
-0.42178970788033
-0.36999171187462
-0.626197609563828
0.00856052800467268
0.565403148450439
0.299385035160878
-0.25894460083652
-0.892014809914997
1.16617613804776
-0.309827759324387
-0.566072891931049
0.0114170884710358
-0.661223540782792
-0.781174349823548
0.20780652009309
0.166247845586619
-1.32326159864708
-0.170887788929692
0.165531666122537
0.331678267749185
0.863893938088197
1.32681552428932
0.655791891766536
1.20754451042138
0.647383554357847
1.01594129612177
0.66670529461075
2.58412434573105
1.42338170823567
1.52439184140883
1.26567426763464
0.798901573005682
1.22521647782732
2.16797659689803
0.446903244762015
1.16182679008263
-0.0412355109529755
0.749290513927102
2.05188276986766
1.56017317050975
1.28791547481872
1.0464179470905
1.39256369379347
1.81444357015809
1.15410292111397
1.87629184209323
0.0763491518082449
0.466535576045415
1.27550233023441
1.50595574239288
0.732055178665835
2.7208440186947
2.47276858350101
-0.0417838060587982
-0.759643825035101
-0.643468127300865
1.34038954540552
1.41691598028729
0.806249424437126
-0.0193785995810774
-0.675025639463424
-0.416592871678929
1.48786071978443
1.05700480934794
1.4091357906328
