1.62407224389274
1.639889403893
1.50244419817728
1.10839696805108
1.56987095450849
1.6266552419998
1.82222022709349
1.89772210589808
0.935382769840816
0.828788449242996
1.5228681473659
1.51901561462331
1.53819240228733
1.40544190380931
1.47533580888857
1.43761412935734
1.15300014619739
1.56742484004246
1.60813048637257
1.56939866171744
1.64536651446371
1.56573367371825
1.31110424226848
1.54723498616766
1.50277141010321
1.55386194764946
1.59316226451891
1.4984803520807
1.56983999399251
1.59336455370229
1.31876725925919
1.57433079198566
1.51613137400269
1.63066002155382
1.50363759003266
1.48986388961231
1.30568720477679
1.50950346801439
0.0410252918799052
0.96660731073367
1.08553836349804
0.697495074135919
1.50650466362874
-0.047748418259407
0.964419670902576
1.25179533320443
1.33173757138868
0.710147962726916
1.24796028942289
0.670714860445451
0.636462100222507
0.585537201876554
0.931374960255711
0.972881146023754
1.13019673217907
1.34745816155487
1.10959448842168
1.19659115223585
0.813832907145775
1.13021813169349
1.14709505276797
0.668161296861276
1.53258948640275
1.48722048178365
0.933443089781748
1.25882028053063
0.335466057328925
0.130165190333004
1.07887892364332
0.445972911137895
0.35876824904583
-0.0873218269012527
0.714648936020124
0.902778551436344
0.76764319507204
-1.82409015788783
0.195802263608972
0.418580072804509
0.126938920148204
-1.16079651259289
-0.675132149603788
-0.199271784028248
-0.438294211740752
-1.06015404081011
-0.218220473418775
-0.0272780364238973
0.558153326048299
-0.795006020190117
-0.297070707944592
-0.624978098100708
-0.910985490660718
-0.932469450334178
-1.05714507840184
-1.12494709431928
-0.334323231724788
-0.221583543943038
-0.46427838277859
0.185764134718838
0.0119525615921254
-0.705872015787845
-0.50258493356801
-1.24524140355153
-0.631772402624139
0.00688355110454682
-1.15853505465948
-0.481795477222885
-1.26527901675314
-0.551627434284302
0.118557392336508
-0.176541711026858
0.0195983475562172
-0.533352205329728
-0.852150613914553
-0.141295694183758
-1.27615342236143
-1.33235124513979
-0.87354911440292
-0.733508824633332
-0.718720749398321
-0.775782553871045
-0.505084210406674
-1.15280818163137
-0.382387398907454
-1.58877119008428
-0.622927670600146
0.0121653893289798
-0.594494826014298
-0.0543723985297245
-1.51689995905309
-0.31278896392709
-0.423927935008174
-1.17983638863058
-1.09590108638287
-0.51373576622062
-1.29939795706848
0.0265679974625826
-0.379755132239632
-1.04782260658384
-0.615332672326918
-1.54405297351093
-0.334596738800708
-1.15102625178504
-0.242575585197468
-1.42046000778429
-0.574482204619122
-1.22067446373624
-0.648605311902496
-0.64764573953476
-0.653700427710614
-1.10961713075654
0.205867311380011
-1.05252070716246
0.54643451240425
-1.21453144777849
-1.33431322032148
-0.747566019028326
-1.65954882761632
-0.873128959900744
-0.611764928189839
0.749807735862338
-0.788162122995779
-0.755307267372621
-1.39827448357772
-1.60149064931704
-1.62309237388479
-0.950507054374957
-0.439774619509264
-1.29702374459022
-1.45122592489839
-0.97945019347185
-0.814194522823009
-0.510269626832802
-1.47949244458091
-0.399355859833422
-0.898639272996655
-0.701810416029488
-0.0236334561774841
-0.427766668891435
-1.04607937377511
-1.25692288493221
-0.485079500273124
-0.0932226297834035
-0.476650700819334
-0.645543224579439
0.0199258848491789
-0.69983274134704
-0.68070539614732
-0.262336133995199
-0.311987943799408
-0.788485031448474
-0.731992482284864
-0.879632326874391
-1.21595789385394
0.0364681288947095
-0.411740945521218
-0.305175675233871
-0.61756504845022
-0.256197162775499
-0.804038919291587
-0.832243510018862
-0.88479890934549
-0.446531970159508
-0.607438742111374
-0.353544736458962
-0.473736758066986
-0.368477824250955
-0.0290822374564768
0.0925564494915477
-0.540304760769407
-0.512375327849176
-0.785648606857951
-0.525223437746043
-0.350847886312247
