-1.17234972371909
-1.10751111455543
-0.652232282312111
-2.02982957497153
-1.68706038476049
-0.35380819046235
-0.623489889025351
-1.41865216953303
1.7539906222201
0.239495590431451
-1.50281096843994
-0.00501632172223878
-0.609835157326338
0.787809461449699
0.00369700785058349
1.04115539471937
-0.125317534709147
-0.0228333858607345
-0.41705689723475
-0.847616755909503
-0.656480631534948
-0.598831210672072
0.0475687327883883
-0.811250662877731
-0.539732792253901
-1.75883896273304
-1.34428825952831
-0.101079221584417
-1.19075810697854
-1.21924071568136
-0.283194175446314
-1.80424618686397
-0.862361017911012
-0.319525523166212
-1.52903328836869
-1.04620212296129
-0.944241787290307
-1.16062219431478
-0.510509660485368
-0.456459027610872
-0.0453839253346704
-1.9744306265502
0.388135266892897
-0.211773819581519
1.79728732124219
-1.63229891729755
-1.66606167653225
-1.57826435654983
-0.219404071634313
-1.06087008477449
0.120064149441954
0.0365237266615252
-0.645276700986871
1.83022990152589
2.66012929744228
2.13575845881527
-0.675926327626715
0.701884774254675
-0.724932695163705
0.163970090912464
-1.39248387792643
-0.510434174308481
-1.70229287067098
-1.91043841129879
-1.23729122354349
0.483029961291012
-1.17620963141561
0.5341124279835
-1.65499443262166
-0.616886002347242
-0.661803272467765
-0.975800089870009
0.238681472348255
-0.0456039079633744
-0.713816266754411
-1.56540643897671
-0.675926327626715
-0.909369661286962
0.426927186932992
-0.011036662271175
0.564539006328022
0.836920641865155
-0.0862335043233745
-0.303086796201151
-0.498285762020011
-0.365600625807874
0.695847423660325
0.448036440760334
-0.0192261759210782
0.756192506533846
0.821592787765426
0.245711112716333
0.692080771466422
0.375911762283941
0.140700693020649
0.0094324365741665
1.25380406102437
1.95118976835406
0.187299895510339
0.440150516215216
-0.390857033926433
-0.040195300773931
-0.663378987817115
1.52342325560012
-0.121086408607057
0.215888190017559
1.37956755865164
0.0300738344658505
-0.0658029124054744
0.657172727433337
-0.358359177109213
-0.348368770404468
2.47418272769056
-0.868545778375782
-0.209753936835432
0.770728189774849
0.107003459483144
0.313490875984684
-0.0641855816292941
1.34968432178467
0.619828492678955
-1.08262814133571
-0.165475069350342
-1.47822502960758
0.143915525086195
0.12011312347891
-0.212560632002845
-0.609807769289283
-0.0316187537737009
-1.32852665016152
-0.63194393965761
1.55699045255321
1.01214048628579
-0.931689207640374
-0.629620417906388
-1.34840086875373
-0.586783249392529
-0.470600827753555
0.966696115988308
0.825075981876525
-0.740281037958261
-1.21515100612265
1.76125212661466
-0.451519527468637
1.68769334121213
2.06193740378166
-0.579412420329683
-0.701658403185493
-0.42280209551962
-0.536298073223215
0.689733629991475
0.699013439186978
1.90419256777723
0.69676399377924
1.33476824659324
1.4512146834173
1.13880100696864
0.190172780577183
0.947306449787158
0.614714459294962
0.902978620171856
1.02965216316011
0.618817709886143
1.6207114729083
-0.802753783060169
0.552772479636367
0.824804900880881
0.377780361010624
-0.625801276634395
-0.313115102037542
1.03025828535184
-0.182893787519559
-0.469579813642891
0.586408309333973
-0.175578764703245
1.18887244891143
0.530274097253287
2.26355035953722
-0.679961096956134
0.682515370893387
0.237259834978447
0.711956256816789
-0.414697115570924
0.205680559975971
-0.0475630094913413
-1.24300781352898
1.09311042141428
0.564244015331386
0.288808363096638
-1.15313409736738
0.145728085943287
0.238783268040778
-1.96177313112317
1.18303801614402
-0.188730415134457
-0.0779871644955322
0.0506490084141514
0.861784509105055
0.604749350765877
1.88339403692569
1.14399894764864
-0.530089657004527
0.0759655547661776
-0.174476308150432
1.12634688707226
1.58061651043161
-0.158478799342308
-0.685401436983068
0.260653368718565
-0.45224555914237
2.10546144823411
1.6601066614149
2.5168385553926
