1.57713186573255
1.49404682704276
0.467089579599543
0.672569401811193
-0.160387252356015
0.581675998071612
-0.448306577776012
0.326482214023661
1.44658961357082
1.7047352338694
0.131248382821175
1.33410574377605
1.11806444085655
1.13171396383596
0.999491855002938
1.69353488901057
1.57909427505089
1.79073851752882
1.44757104577131
1.57283213648594
0.992932654832423
1.02164973749652
1.20830417533715
1.5291102211984
1.47407896714191
1.15910547095739
0.930153874208828
1.49224659037003
1.37569295932255
0.163643151714677
1.87577126644299
-0.0223507868835472
2.12626959742025
1.6911929592473
2.21962863710729
1.36919887007609
2.1150219816739
-0.123370649076889
0.381281359404727
0.357997981538585
-0.685267016315891
-1.18122463087781
1.53232105738882
-0.0817809621900163
-1.39158000015062
0.471871266558045
1.2877495842664
0.260910580626013
1.50907727960282
0.127661524568038
-1.0442689065106
-0.41334110883956
-0.282165837935339
1.48132031216632
1.04077035392204
0.567406917606568
0.813684162181945
1.06405632596081
0.480624010444672
1.06114402935425
1.3945027400071
1.08849244127743
-0.194584673332896
0.809182726634159
1.16600473918536
1.24396955760594
0.142980111160966
0.198176713765272
0.493555554613588
0.60951386703896
0.055853404701565
0.464157530402422
0.79422160868572
0.469271760330827
1.0946834463126
0.493302956294531
-1.09028674909265
0.349604680416176
0.0170068385616994
0.393836833267063
-0.530735194407917
-0.97106503962234
0.960172507664458
0.509945912872959
0.614949054046096
0.325891445983325
-0.171698125219585
0.211807985047535
0.882052893454628
0.633640377594921
0.613549225275052
-0.228875747737508
0.741812940368538
0.649710903089837
-0.0978715393132616
-1.03850202157781
-1.05553466333936
-0.364849103022602
-1.20709853433107
0.743913948262472
-0.774604822843443
-1.10212992480645
-0.977944756354625
-0.877407653072478
0.416818111174658
-0.635697514346308
-2.04896371355927
-1.0809704210646
1.23091435813446
0.509537111518783
1.04228255421813
1.25515732001558
0.32605113958542
1.53465407926625
0.701256413140002
1.36560317635513
-1.16303118361539
1.00865136484634
0.872379101746417
0.187558485737609
0.149035225528928
0.775365680017569
0.205119845853229
-0.632615060584708
-0.181831864679768
-0.313894719306461
0.477644337057272
-0.0692956427965159
-0.0969526825911635
-0.505789977218563
-0.127273155404875
0.45785522668375
0.315935711073257
-0.553003434527156
0.624236452522093
-1.34606678922848
-1.11652064398487
-0.503263215301241
-0.701312965778816
-0.266304289056314
-1.71735817916721
0.151358007207612
-1.27671182835219
-1.44310929598133
-0.582428200969145
0.202988132919345
-0.635481168331613
-0.0542283384900423
-0.616789404741899
-0.80451012214249
-0.80552698201904
-1.16225786390435
-1.028667796363
0.283053269302798
-0.0449034675516283
-1.1325808200944
-1.0476413568391
-1.34714388841736
-0.574265510485981
0.0180604363120886
-2.00480878882617
-2.24777737968066
-0.324644297870066
-0.20787408226113
-0.793676352297267
-0.405377952472426
-0.199785845646131
-0.684627621143638
-1.76273841115652
-0.740038627425439
-1.37409369613392
-1.72616163896665
-1.68280583135747
-0.854699323093981
-0.57276118510008
-0.844400707833274
-0.950156981567639
-1.22221240011644
-0.900261851815421
-2.27464681651607
-1.06092151358018
-1.15213154380228
-1.66717358524448
-1.42062943250695
-1.04784190843491
-0.903324505267559
-0.684939439317128
-0.783319567189052
-1.00503163381166
-1.01665740275527
-1.94331939238394
-0.624388734582879
-0.712362537628291
-0.728081312721788
-0.482078474111427
-0.746506458078369
-1.10294273656738
-0.842307885734624
-1.56013960171289
-1.44747355892564
-1.22294054556286
0.0148666148300155
0.226211778529447
0.28348238506514
0.124297966191252
-0.0704119140927836
-1.15456746954047
-0.0637286664551594
-0.0243791786454843
0.131007092610868
-0.310629213054895
-0.662522334743211
-0.959815813750633
