1.36155744936753
1.16189676412599
1.03526565208738
1.55436215269213
0.928333177836778
0.764837918011038
1.09763416509666
1.15852161510786
1.36635970478899
-1.17467039865903
0.99342135385389
1.04973213497369
0.263010915082021
-0.108631655062639
0.459468980681181
1.4156098154579
0.984647046909863
1.93275623220271
0.963559711384523
0.700070887722742
0.667696932395865
0.84688462334805
0.440167197861042
0.368383087058392
-0.0816451982269096
0.376396807801108
0.304349735750093
0.30067895923184
0.361001208816849
0.71215909093084
1.47113018896246
1.22127424768219
0.671508210146568
0.777102313261683
1.13512297851386
0.593265084335329
1.26510568029735
0.858873514400615
1.3541919907884
0.881640855492417
-0.77406705733516
1.14054974822252
1.02823672133636
-0.644041071198025
-0.122736916568991
0.481191941884285
1.13449469253704
0.363463373732109
0.572411655977723
0.174429408374735
0.0603856144699054
0.780261499685898
1.20034201234693
1.20803218944746
0.372624636685972
0.145466927813414
0.254336517440715
-0.088948493132344
0.0821247073046099
1.03818066790402
1.21211703921787
1.50467715908308
0.837960792668674
0.995793906206259
0.719337424293494
1.3912912811602
2.17248174452886
0.408097371973324
0.95447324345427
0.836226442222034
0.373852280996267
0.387215264106413
0.916790720258515
0.0490499265226395
-0.191047562957171
0.662381350788514
1.67443102724854
-1.46883525062071
-0.0987996223125017
0.569351544484744
-0.983868762671322
-0.855223528525628
1.17470442911905
-0.642100353352734
0.882242703093347
0.4931933219272
0.0176472520835297
-1.52484684064829
-1.18055385339386
-0.569644513727177
-2.04117179442417
-1.42224702597754
-1.61422969955927
-0.887722613764143
-0.454971872656077
-0.502806828293324
-0.489735344150343
-0.294013189362624
-0.693397971523309
-1.05130652327999
-1.99473961671678
-0.960059898966661
-1.1490926594414
0.208493040751886
-0.840032559832853
-1.25755674206379
-1.38108471530104
0.243025797295765
-0.311613411184457
-0.237617959539912
0.119240625499155
-1.81840526026262
-0.745270065234367
-0.817582840184942
0.436163194306231
-0.162218459541264
-0.611145134540294
-1.36282274326291
-0.65229981584334
-0.784909648144987
-1.27154572971722
-1.37949071805391
1.41308053427576
1.07561043826875
1.25793918966008
0.544487687265926
0.54764136119065
0.305270182063637
0.741088442048847
1.11503212417416
0.794045941705546
0.738521874315116
1.37381268413129
0.948068944050251
1.71163372084786
1.01500844789529
0.406508783486264
0.711506943455844
0.183200166435143
0.588912392530717
-0.536059356657756
1.38738832958066
-0.902813192555236
-1.39908715627138
-0.344802294971763
-0.12580168750872
0.0558356455918279
0.314803851792404
-0.259001614699827
-0.465000916991727
0.223690435856718
-0.29330897817921
-1.25730250097159
0.110933824421698
0.0328515700636602
-0.0133664227512922
-0.418252554399245
0.107133347232663
-0.0771653922479064
0.313977464390204
0.506894854061607
0.306361289514545
0.221569016346509
-0.365343435251883
-0.285097386633525
-1.68381248238455
-0.0867691535982425
-0.0320868961715461
-2.89701501451787
-0.227232959914388
-0.279068121174142
-0.419864623222361
-4.43737461498769
0.0172228914182325
-0.0304256070703613
-0.281493980662052
0.532356521908973
-0.712797644455703
-0.317430945941297
-0.77996962032795
0.133055605417105
-0.081819274181804
-0.771784568908642
-0.100169382232989
0.5495447096266
0.170431281477109
-0.108485599539686
0.421880889665097
-0.0619951776992493
-0.52708220111529
-1.09004367810748
-0.0857089781241762
-0.908053118891293
-0.452054198873083
-0.33128601932909
-0.785135130694552
-0.581353716857773
0.32155274145352
-1.87505891756349
-0.820067049722565
-0.203685862218589
-1.59355632158568
-1.23151409586515
-2.24412355711798
-1.24927302759368
-0.913353790250319
-1.75484747434254
-1.93119373014643
-1.91525825825495
-2.63450655283739
-0.822833014586047
-1.76713879159559
-0.805725748560447
