0.15663498423316
0.502216950378748
1.49537341253717
0.692565950082994
-0.0550665902573282
-0.289711329402691
-0.0618360135754284
0.137866148746502
-0.908360810104067
1.28374744939355
0.207724957752305
2.03090157550962
-0.136092096702393
0.259133073618057
3.35335669892331
3.56325339233432
3.92611721221599
-0.0299489423983685
1.42981522886372
-0.717115837335508
-1.59038412225561
-0.937359368138973
0.387331851231294
0.419112295459753
-0.0916846737906858
-0.354777453985717
-0.321453384999602
-0.324359920022452
-0.28713720345771
0.332985459932501
-0.766095105292405
0.345286885780756
-0.290175354574542
-0.709495767615424
-2.20136961553267
-1.65944254059373
-1.66434352410368
-2.14668720151275
0.293948903211198
0.803901376254347
-1.57786912293007
-1.03069542336952
3.58896376743031
0.651771918126926
-1.04686734175282
-1.53279022025975
-0.0911283909756044
-0.935799747288521
3.63698659806858
-0.545441013276421
-0.04580464373171
-0.0626791381952227
0.721910995030749
-1.02270532635493
-1.65804109381016
-0.542127454584894
0.0953171964662102
0.971224983345776
-0.489075066850205
-1.01685654897288
0.167715211696345
0.366808478581617
-0.298457833258016
-0.102764866451752
-0.136589826487491
0.0311093617654524
0.140546862886813
-0.461600115040611
0.0489737914924423
0.0939581731865375
0.267877236074601
-0.0998545400157606
0.328277703382731
0.0335131043021224
1.0298146051487
0.766566231474807
0.82016879426105
-0.985078154124016
0.154968143615601
0.0171764804725724
-0.791639288926343
-1.06961569019079
0.887522226689275
0.218135812615411
1.57611485530109
-0.176905775402998
1.65143586967605
0.99816483097322
-0.750560074317987
-1.09779807528749
0.116983983360846
-0.219445828222627
-0.0555088136597059
0.0732239243478356
-0.0114458315185586
0.0407135927785536
-0.202522677799682
1.26877769107085
0.368132857611449
0.141795070871234
0.279243319891131
-1.91977790762941
-0.587570393502591
2.77386040334616
-0.168482613232067
-0.738631059420054
-0.681302582823043
-0.0709166032877159
-0.848360892998687
0.248893293719858
0.352071203698277
-0.101440670279628
-0.238878079901792
0.266393865551926
1.42084287932063
0.285090907581733
-0.423142442743283
-0.0572243518135117
0.19250979898321
-0.197288295857585
-0.103914403428494
0.450969559357246
-0.18604735701883
0.691813278105863
0.53854619337591
-0.428345412565242
0.734521870565509
1.25939512189614
2.2645803989275
0.438436545774697
0.236325995936376
0.376209238843644
0.391550464266028
0.684997019150981
-0.479144283504852
-0.0595023575112282
-1.1549131904501
-0.501339730627985
0.330402786531211
0.523602200810726
-0.440891234897454
0.913667109241086
0.338173244367985
-1.314912454955
-0.685470619682027
0.261705049868999
-0.235317552580525
-0.176323387978068
-0.255442792541622
1.37642576254126
0.694147698830498
-1.01294873464202
0.910831183889337
0.324186324571734
-0.451460772431384
-1.82750629322981
-1.29223949626967
-1.41018875841679
-0.197536285851543
0.313737912598208
-0.498925145242398
-0.408943642243218
-0.702473757039532
-0.386751752008771
0.486373846482181
-0.558262899380395
0.0803466664417261
0.341379187412754
0.247499345079837
-0.841208970596568
-1.68743913955205
-0.476205420610736
-0.8239664453305
-0.365162841939262
-0.587863037227274
0.254247514942353
-0.312001849422749
0.912780651428195
-0.913340039663566
-0.871357073609319
-0.599782196226986
-0.201484150226452
-0.455305080946334
-0.975118957425117
-0.510556535480135
-0.681446670221398
1.09542085380969
0.389756584399442
-0.761378385958573
-0.814888112465864
-1.37882609912617
1.36728250495355
-1.75115719721532
1.11745088672657
-0.775670693447332
-0.915494462983285
-0.996310136542209
0.0254971529844557
-0.401008989055952
-1.08006442544661
0.592490821124522
0.0166174883759297
0.24169128436204
0.125979188685216
0.698615150007679
3.18094225908672
-0.5046239928752
-0.196747293012129
-0.279947509207244
0.0297650035609934
-0.119434910967665
0.481127204286299
0.225855219217487
