-0.0938701453755307
0.283451888618622
-0.823905326766108
-0.503731436551374
-0.840311913451229
-0.658462340626088
-0.618973553019135
-0.62367631075284
0.00407516773805027
1.21746588823236
-0.96790836642901
0.575269009013626
-0.907950912109171
-0.473840072894506
-0.546420553403444
0.0583235344562947
0.010313351030164
-0.0773735116620034
0.0794460917200742
-0.636006300011977
-0.150632389284169
0.208542661523962
0.958739217236195
-1.4702332119314
-0.957497781087353
-1.10749332558288
-1.30632940372378
-0.756599820296988
-1.07376053402212
-1.45783640180611
-0.0651671049843619
-0.882428629074339
-0.682875644931039
-0.154163237643232
0.773851744276246
-0.471473531024543
-0.148002681431863
-0.232698562866105
2.33938911644417
0.618716489908754
-0.354687835162115
-0.209462578411952
1.38734947205277
1.57376535073635
-0.0643641657654744
-0.432544951224646
-0.392900170736837
-0.341523486748996
1.19655228941883
0.525653107594419
0.64816616627034
0.775889149565156
1.42227846738325
-0.0852429001072249
0.342375683892317
0.964473933341204
1.22428167851704
0.958919377602987
0.612083571158844
0.506337522510105
0.0616074607054814
0.960720457368912
-0.705694204860899
-0.421912884945017
-0.111356081815014
0.725108584943899
1.28232718288433
-0.597584241725258
0.212582244926518
0.65619225947082
-0.642861441855421
-0.664459125597523
0.658975850948601
1.4804968031972
1.71773005984217
1.99184958722715
0.988158882099661
-0.765794044078431
1.2847136909386
0.533972776143934
-0.177293215490084
-0.469073406079728
-0.341787406860722
0.00783033694399804
0.691896540306689
-0.0903766998189562
0.662262619870019
0.757863417161867
-1.9360415378198
-0.480199478105465
-1.09635619927748
-1.84544462901822
-0.255465476926262
-0.3066553310794
-0.237470884482766
-0.738844676315662
-0.161057149240351
0.431267818103129
-0.95275774004228
-1.68822907947012
-0.374726306583691
-2.12689583263092
-0.556959064212858
2.22945202763771
-1.05746283005013
-2.93500998907523
-1.45541472969919
0.355981179018604
0.485817816245709
1.42519742772414
2.19961675100423
0.769011418449439
-0.675469637884047
-0.0893542222309074
0.784730937530753
1.31845993822856
-1.35937392510837
-1.90159619560044
-0.320168625427706
-1.47455254302444
-1.9690205264862
-1.29577101487013
0.797114190605125
1.4123127209283
1.61432487981689
-0.0891476630002546
-0.257156894298884
1.36530985403233
1.41314619131339
0.195557945080734
0.083408670043931
1.39600783319886
1.12825795937102
2.10845504951543
2.36974821762329
0.150207161560388
-1.0273120803293
2.47216622957627
-1.11937277605326
0.466631236603241
-0.359425839077667
0.739110444414315
-1.20988732009523
-1.56861138341035
-0.249148477994369
0.466185131997238
-0.537934875899558
0.82921381864536
-0.446109296287657
0.991601873362869
1.9419224597285
-1.77400387723038
0.452058047989268
-0.306472480510223
1.04361176042028
-1.44681941594277
-2.22405399644536
-1.29689375518593
-0.248799915150184
1.70079864184614
-0.238312032177891
1.11879233030828
-0.462015959681862
-0.228913964580551
-0.418587035530952
-0.376527527501418
-0.025978693923034
1.01932465316003
-0.0755040187910361
-0.593883505938942
-0.730504574779441
-0.52181365143859
-1.30935353853225
-0.702234626542459
-0.202918925902237
-0.899706460486586
0.674175124257645
1.16944220095629
-1.07305945784289
-0.867784666848046
-0.199387825415228
-0.843040939460012
-0.591967690543696
-0.626880686479247
1.09345428062441
0.351616105092806
0.479779918843499
0.995066852893626
-0.530633817055278
-1.54320995221416
-1.42017951142079
0.236910538061482
-0.833583841468696
-0.146581773902023
0.979165199580161
0.0874996051656992
-0.463066807469119
-0.525830840407651
0.0757790996051857
-1.38786189801376
-0.586522433819301
0.942770096877367
0.594972038420602
0.59763439748472
1.0628376455572
1.95723869560433
-0.658106509906385
0.329551636672924
1.01942578817363
0.51402998194546
1.14764639504854
0.58849353342012
-0.018347750917771
