1.68912512386404
1.15020065898834
0.801911289990156
2.01232567818097
0.625212494410972
0.845652995382827
0.774215692585852
0.959566564967933
1.26726301000446
0.798376401587796
1.50907912913726
0.870499696888972
1.70075876882419
1.7738774728056
1.06565579516576
1.59522962293888
1.31280705740069
1.64859263439308
1.64055624186541
0.749676207161177
0.813223475447681
0.693275612191017
1.21130989220049
0.811933974125283
1.34882859956867
1.56426899022936
1.29875830949281
0.882277322571861
1.39303312270962
1.15573206979068
1.23519344054525
1.57574860825378
0.758427703230576
0.784890286171821
0.209346674578412
0.0662452140480467
0.44005425409272
0.262189711748518
0.454831605835982
0.314546641035336
0.125289950530254
-0.266736357897719
0.38836081325923
1.34467041462224
0.452373848144867
-0.856267843973667
0.433389956352611
0.623528100667994
0.195023507547128
0.802639774058723
0.210691243014345
-0.206512164702022
0.104302175769669
1.41868391019806
0.938929439537063
1.09402298566264
1.05902771968768
1.32636442286841
2.42735240903187
1.8098649211866
-0.130728762242468
-0.665999765809641
1.19990065950858
0.496311333486022
-0.229455262029868
-0.273282725225923
-0.332709139192107
0.510171384948191
-0.105265388995831
-0.315045018895354
-0.158464581897404
-0.129327360752203
-0.708074201267089
0.409704632394502
0.794893143232624
-0.462140541887094
-0.684877917981356
-0.419284463060599
-1.09289146032803
-0.266997972887281
-0.541769111430454
-1.37307152232598
-0.456080786999535
-0.444595796075263
0.145567243855908
-0.365489010504553
-1.40279942726646
-0.629679104279228
-1.2950634185339
-0.696366467883756
-1.07343684120155
-1.47043565426451
-1.44843296229795
-0.805381489924776
-1.40879737263914
-0.937893212343313
-0.963021412353907
-0.307149613852526
-0.541993671291099
-1.5497573662072
-0.21677550650891
-1.00802348119864
-0.742363653776207
0.0776410028098896
-0.928553970393141
-1.68894328402188
-1.15877588999862
-0.962081946318885
-0.0877037816200844
-0.499628661363153
-0.722650298314621
-1.23999262527833
-1.05220460098648
-1.71252268814938
0.0209051224096915
-0.536201423115709
-1.16236564603305
-1.55526366688424
-1.03600819573723
-1.39422286420778
-1.53788554754167
-0.87998102209381
-0.113387567534196
-1.56324204264453
-1.2163891883008
-0.588008088386537
-0.646595720533209
-0.291667649257286
0.468245683100756
-0.265740697964338
-0.36964755721043
-0.569407051615617
-0.750375088121974
-0.536434945601185
-1.11799049940219
-0.318728122429511
-0.796889743319963
-0.863592897387865
-1.11827433781985
0.180396288710222
-1.26637416541262
-1.49300711327815
-0.62446391444996
-0.772778270063443
-1.24187587164638
-0.807140963974749
-1.17490740177825
-0.102643162525849
-0.605546777920691
2.66147766650494
0.814788170013273
-1.02536285584574
1.33143361139608
-1.44973621360987
-0.634165869588784
-0.763508132900111
-0.974926584003827
-0.311935204741219
-0.12606939113993
1.37077921373197
0.708273918671349
2.00030049616689
0.280003694018463
2.35278949301681
2.19726339658133
-0.0027995537017505
-0.382447210041896
1.40682320754114
2.30674038864693
0.208486518737128
0.558163076020139
-0.888642174424667
-0.912380509918589
-0.39230927569189
2.9689748091679
-0.612471670642681
-0.382381130046575
-0.543597925457976
-0.645008490643656
-0.521923565426546
-0.0120578278017181
-0.485255652275239
-0.49440449919297
-0.86360894043787
-0.210906164001178
0.411647886739127
0.349922011997023
0.887793235015348
-0.463249885715818
-0.115111146285096
-0.540851321031166
0.812557251165782
-0.925667594416137
0.863715864275274
-0.362774749281783
-0.189312829073246
-0.927852008761807
-0.784602231223934
-0.0139472755927595
-1.25091472631166
1.91239898221092
-0.723068510454053
-0.556494812510437
-0.227180388715252
0.544677348448791
0.0876555560747281
-0.371447977454722
-0.627153529428159
0.505971374479173
-0.778089733269108
-0.839816592238417
-0.801013987525834
-1.17860639798232
