1.53699065793045
1.75969151001212
1.79636106523326
0.693081206729359
1.12627529118514
1.6625751115733
1.48094795565481
1.32422792646031
1.11913640875905
0.70412810211275
0.689412576673802
0.737842940161795
1.60510037139099
1.53194588486873
1.94801558537994
1.6612271330556
1.65715755457716
0.853276642169829
1.2173502114125
1.77907816664193
1.94971854418804
2.07323638902632
1.76466459786667
1.939511918392
1.56113558982119
1.77344764914059
1.61068520162787
1.74393265992841
1.74622618610436
1.58459622605979
1.36867757108195
1.1490121443895
2.04288198736747
1.68054124237593
1.99187840451551
2.04765298786288
2.09587816008984
1.65585942522705
0.333134495581578
0.312296139056287
-0.661554617733021
0.263093404398457
0.568589755691672
0.307210466350253
-0.0702385326970492
0.62619357368182
0.447020829068087
0.381861174446733
0.857474462639392
0.245730724656004
0.423045231191225
-0.117313443127945
0.248667483955164
0.330275559782829
1.13064049009372
1.91679168529866
1.88293994657593
2.13962839493313
0.313528336179709
0.876153977830922
0.155290724142093
-0.216396157467402
1.26177479055312
1.06110359269619
-0.078318029165739
1.02838855538143
0.341072783091746
-0.641673385741186
0.358637471841766
-0.280035456151624
1.3974253197715
-1.40864175719081
-0.0668142566840249
-0.246834137547058
0.0366580581697097
-0.707734639950015
-0.0482501685249215
-0.495963418145103
-0.400969274543049
-0.931827690277036
-0.0533933829466464
-0.291634482981323
-1.29769725360675
-1.18362531546663
-0.147230276121741
-0.775215110907485
-0.653192594781905
0.456053692708044
0.0957009075175469
0.0183030334352864
-0.0727866044111345
-0.816174980483993
-0.492238571087622
-0.421624311273065
-0.226119231664202
-0.319292173528114
-0.93269057520288
-0.0330315302810077
0.0218923595554081
-0.707790712063672
-0.554668722169432
-1.60673094875596
-0.618035013015842
0.882523982786062
-0.346464918421224
-1.11230541539022
-1.65245733858505
-1.14971669762686
-0.5331585971443
-0.115902506025278
0.04885362046106
0.475490917959624
-0.195196319943327
-0.397296529722074
-0.472473245856834
-0.567016165538589
-1.23788410835904
-0.119843715562702
-0.0477340404689799
-0.265704608029618
-0.912295318778944
-0.582776424641436
0.672009761727711
0.0259730669176077
-0.657847896143345
-0.292115305755539
-1.29043485615578
0.147507775976683
-1.113684131898
-0.368525052741873
-0.441441967127346
-0.540422720781792
-1.00488653474098
-0.0323495479630301
-0.464152325425183
-0.374077496972038
0.552956534735609
0.836171633021809
-1.41269807976661
-0.940901641628748
-0.542139749095545
-0.644616677990461
-0.471020625193887
-1.57841495321004
-0.440580346790524
-0.0517117547647108
-0.769701558538743
-0.0995201429290394
-0.527658401921301
-1.9119812764461
1.07675811678859
-1.51973171045017
-0.0495250462016147
-0.250960919978491
-0.435548717652961
-1.30169380256684
-1.59225111505334
-1.31639937388071
-0.506133798152392
0.893042777878361
-1.64957894658817
-1.58115733729927
-1.43307070594484
-0.897760013089554
-1.62896374031641
-0.955873661882532
-0.571348357115892
-0.342369967684273
-0.719160946067882
-0.794549062445454
-1.34135977131426
-0.298768301426701
-0.324033332667741
-0.499998588732124
-1.52757811849107
0.253526322946109
-0.910631775612392
-0.221922204749236
-1.18117094897873
-0.748378558294508
-1.22779242666578
-0.381152555365269
-0.00560132822474788
-0.961163654486794
-1.04245366657806
-0.899684834960636
0.280771748651182
-0.21578476195086
-1.02519369231647
-0.277232040058614
-0.397324301677752
0.836971915191889
-1.65893947117676
0.0116680138110081
-0.998342657542133
-0.776088143064285
-0.551075528435391
-0.537614199640055
-0.805922941095589
-0.575691438891668
-0.306602941793529
-1.1812524949811
-0.0256491085023333
-0.121966284237269
0.251019838026874
0.600317620080637
-0.411425506114219
-0.86633253723719
-1.05339492867796
-0.987699408178787
-0.448444138072895
-0.466241859133258
-0.284668832816979
