1.02328493759965
0.108974977620424
1.21068940043763
1.01955263097907
-0.885383226713491
1.82308494306107
1.53013468379614
1.31924329241901
0.607650874750692
1.87606567284696
0.556275941463847
0.768112833536817
1.87548278471015
1.55685100851726
1.78667172067756
0.668051877237292
1.7983954415911
1.34127034567892
0.503085964492207
1.77128522734029
1.00099614862966
0.0813782298235581
0.317911160678536
1.71471953786275
1.71496030166896
1.60738417733899
1.37878728071747
1.53984732785143
1.85727034058981
1.3754035854405
1.28935118707237
0.867081198239156
1.81350658723625
1.58654464944969
1.5876402459208
1.00733039905203
1.20408675480252
0.00336879329737791
0.348801030964715
0.57704225948802
-0.00833146166727009
0.962058039265572
-0.124408282512291
-0.400997643840162
-0.830194827473182
0.946593885722555
0.94296971527727
0.922093974990039
-0.0148832557326535
0.17689413968551
-0.740239913314396
0.216956630328884
-0.736939940201499
1.21572635992159
0.019609596119594
0.637985596172918
-0.0624717851816595
0.673539927389517
0.78747982810458
0.998020835688087
1.01165846230187
0.871546618319961
-2.49152666739339
-0.00953585383438726
0.941426830151194
0.325389244028699
0.150274818196182
-0.464010204226205
-2.34101100009663
-0.688161122608758
-2.13870544157916
-0.90154839149978
0.866923433590404
-1.96751161596059
-1.27643274525791
-1.01457474029924
-0.810538167134362
-0.84323544242162
-0.0888585671860855
-0.996637046926084
-1.67249349146657
-2.07749878350544
0.080951093186781
-1.34871233123185
-0.31714718155009
-1.26450215183825
0.495596562054885
0.682593708123617
0.866169516849689
0.56390779167769
0.724022226477798
0.64581052093055
0.527220569888141
-0.280312939088103
0.343280377318512
0.173733420840888
-0.0207785148916361
0.302677629053357
-1.01957295985051
0.965030775535455
0.0457890680889009
0.26699132481781
-0.275924476088299
-1.16070948522897
0.804304152522362
-0.176363177402482
-0.274165082926353
-1.15298017653976
0.67794746227792
0.606470672789023
0.130946457438803
0.52862625438512
0.0547089767426944
0.479523100588089
-1.32668648089393
0.025708377923451
0.0841104870507556
0.944901072714668
0.50287997753373
0.838486580550396
0.804340199005907
0.744102978350331
-0.101514152789737
-3.23412506673754
-0.307473450855825
-0.951924116285448
-0.634107992302917
-0.336569171187294
-1.11088537669311
-0.330698470034192
-0.551302107781263
-0.664698979053026
-0.742081281060145
-0.918510860563698
-2.43513182736453
-1.29822279398839
-1.2817378807908
-0.49147876670621
0.182402299581466
-1.17164789275934
-2.98921166056703
-0.669300582231589
0.160612185993239
-1.57201571934043
0.0171302031071119
-0.668040262981209
1.06568820999104
0.331265006234865
0.706379039673635
-0.400794699261184
0.22680038091135
-0.328380663498103
0.204543623733756
0.444239472856562
-0.35961712735331
-0.678312964064527
0.24936760965262
-0.943726698691252
0.53369167127696
0.274261426499061
-1.39485728031879
-1.99590301155072
-0.527801991748359
-0.713970765988708
-0.0677844637351911
-1.03718910004721
-0.529839188018803
-0.498942765320948
1.01970007598394
0.0756174981997735
-0.2399780081177
0.288502939465385
-1.40596275159602
-0.220602883342224
1.38513547916229
0.0440553772454994
-0.0773496198803187
-0.421533798939835
0.127333839656296
-0.53792473016867
0.176627543183811
0.138958149380858
-0.607397684430948
0.0605859285804092
0.321753750234385
0.624636234622532
0.47846133648312
0.139408325998504
0.291660827037691
0.129493353837645
-0.391148244376873
0.745675846937957
0.0493028321774081
0.213725134997101
-0.00244282396726685
0.0508940718243868
-0.366720325776752
0.0215661623853684
-0.894756085417228
-0.82414405682375
0.672814052914547
-0.920132083416792
-1.11908024278179
-0.73810723607431
-1.22767323724508
-1.57022335137393
-1.24555866888404
-0.98287276707053
-1.9034380984031
-0.819959990783139
-0.415893078703815
-1.79099141234133
-1.18217002752357
