0.214594464823152
-0.460371554825162
-1.14701707996123
-0.450510795293262
-1.30195394745771
-0.229638652355693
-0.374680750166353
-0.984822795648592
-0.249346974696994
0.891773305261909
-0.861893184174233
-0.946250899546619
0.0226050251051537
-0.433478700261393
-1.08033379115725
-0.323710525988698
-0.849750758125624
-0.305310830739938
-0.197505244858826
-0.65393011715884
0.164676063526767
-0.1441844134059
0.352702636440284
-0.70935419901157
0.0203837278408146
-1.11056308704236
-1.4550408318383
-0.564387747505949
-0.54635815368448
-0.895722804447866
-0.474085579314979
-0.948218397130978
-0.520202506680045
1.01814059745244
-0.569826904080361
-0.147563837816007
-0.843241103929253
0.143125034292159
-0.770070404838885
-0.837701012062896
-0.415140149699988
-0.39013254851579
-0.594230909925574
-0.331887744562747
-0.948755495305727
-0.364859175553586
-0.51946539321116
-0.788720108083041
-0.711068485590285
-0.0494296264223914
-0.0302166557592743
0.234502186367081
-0.175768238912914
0.0923390969907896
0.19626129750489
0.790487072002285
0.340097442771032
0.647975658227862
0.0861334939829525
0.680602684329375
-0.902485736071402
-0.228730678144018
-0.768625200067014
-0.0958471404377182
-0.601691967383742
-0.396220688512233
-0.207176877575407
-0.857494786237287
-1.23928701285386
-0.222838320512517
-0.589298625677115
-1.37210372032472
-0.358080391037927
-0.469794731458616
-0.931213361142247
-0.960789158024205
-0.993075490653048
-1.00046823122846
-0.545899545626748
-0.895649495344515
-1.21748867648374
-1.02815094186841
-1.31774908701223
-1.55608124098125
-1.30281107278779
-1.1409670563879
-0.796231905494185
-0.308329993385409
1.26591415566284
1.50181110068571
-0.580161599380915
-0.896219481920351
0.63059198820991
0.340567552874696
-0.925644268337309
0.0220082015904154
0.427474500036962
-0.904929038268295
-0.668051499111614
0.160380097963853
-0.386377228075629
0.732552959377035
0.987792670073547
0.277104455563172
0.199204615363395
-0.964956637082131
0.307678734713914
2.25845693325377
0.821584293796233
0.499139056611315
-0.0510739792332347
0.959097977505517
-0.704288258825918
0.571794798594859
0.912554659255879
0.345419012679859
1.96565620276966
0.071427616824753
0.744468500357109
-0.871690239595123
-0.988779716739233
-0.594499557663818
-0.324925845530836
-0.7030503502632
-0.241783954633929
-0.134707442514999
-1.18536242754342
-1.02671567306289
0.0435250370484659
-1.04749098154151
-1.40123142026745
0.538679951793525
-0.622466682240382
-0.794559847316485
-0.163939183273
-0.882049591320982
-0.571182384902699
-1.15911841628578
-0.571494824105325
0.159351379975798
0.79330164981089
0.9623500344025
-0.714087238489134
2.1307950495016
-0.634335127180755
1.98092138250172
-0.622217105872349
0.0593390398032658
-0.145153795301825
-0.0201764732755284
-0.616970095165035
0.587884094546988
-0.265458791261344
0.133278337738428
0.266932228814789
-0.887883154730916
0.837611748030612
0.573406815506533
0.0188539150665758
0.275677553156379
0.889920025178982
0.225258496559135
0.228971144708674
-0.0610928559107393
0.181762984236178
0.146571059867731
2.52156750418499
2.26822809261749
0.364447826012694
1.23875395014062
-0.0637925547992777
2.26489700249136
0.669113354706615
2.37153087137182
0.12194919882519
3.26571291174966
3.28822249031374
-0.731465784379717
0.710441999734429
-0.159647783024483
1.53184394237613
1.43110741861001
1.6697020005607
0.116357662960201
0.346087140576022
1.21088949866711
1.83852828765343
2.44934189735488
2.27586175640605
1.26372477145556
3.45584966493878
0.476018381382363
-0.173865240681789
0.114462887660272
0.050680646800759
-0.41949587422955
1.66701901332101
2.14904409421279
0.33452941663086
2.75428814451522
3.10604875075156
-0.413397794944438
-0.0528392502185088
-0.369657651575764
-0.474542846846464
-0.270842480609903
-0.656517018894221
-0.650036919986324
-0.778020845944925
-0.155105467998147
-0.970522510586828
-0.579825498689041
-0.994738438818497
