0.64788517617013
0.699297951644791
0.622625053441183
0.992827243835047
0.60900420185272
-0.312723681645093
-0.926457896486417
-0.990314456822947
-0.289839132391484
1.48295185661244
0.800833806384265
0.197427434510141
0.0267920778214846
0.309568250991756
0.0354819942368704
0.235254173445811
-0.181402896079064
-0.515810255059981
1.01690028737246
0.136501228822971
-0.363128943417709
0.596193821234215
1.30232766915276
0.496813765733415
0.455325685426434
0.519598057235404
0.0463400212328794
0.365661112675356
0.168599217702304
0.0275831092024077
-0.998361205990186
0.141059158632729
-0.587974444361688
-0.545058725599508
-1.25663407978181
-0.132435507877209
-0.742520771443144
0.273608527554246
0.622675966520485
-0.366961575543065
-1.1486721073666
-1.27760804710687
-0.143648151822471
0.378425732215407
-0.292074030235486
-0.901901167812745
0.699600844922982
0.178441473024926
-0.275663267155446
0.835497321092823
0.751073166740137
1.0888493749454
0.940717400227473
0.744164374664561
-0.667225905643854
-0.410627644087984
1.10355195571848
-0.134380313098124
-0.23228145798512
-0.245471848566025
-0.576571462715459
-0.74344282782465
0.324181379746411
-0.364675634971344
-0.446037662677443
0.0365829050925214
0.0812571422564653
-0.45300371130049
-0.543782078832647
-0.830690783287213
0.103336087532977
-2.50944582065431
-0.487312383749567
0.260149949480171
-1.02857411649973
0.138467820093746
-0.635625202814072
-1.63030820976642
1.13659871109716
-1.32019513468458
-0.0717109517964246
-0.241901158275601
-0.851259871464326
-1.90133267784036
-0.801615844492287
-0.664928853642979
0.92191079942326
1.34262962406359
-0.453237289138508
-1.73312607128004
1.48215710353158
-0.604949210597923
-0.116086183790813
-0.440734564042593
0.707609275374775
1.46808409264356
1.79265620440823
1.01087961029534
1.47783561273688
0.502806698850606
1.00172100457223
-0.551500270570066
0.0823777959657387
1.89709153336183
1.16034109516367
0.398066722806687
0.106548424924551
-0.377391453896793
-0.201142591715561
0.540785868168338
-0.947110668292006
-0.139395504433765
-0.0581220996864995
-0.838883209455675
-1.50264691110697
0.180367857736049
0.815983817124335
-0.66980310256583
-0.76713787983985
0.159514411631625
0.243752396004931
0.901121484430593
-2.31019891624809
-0.0269652566670723
-1.53171249437815
-1.5662632727715
-1.62437547603768
-1.19266612941574
-1.32260469267105
-1.2838016792045
-1.15699428937773
0.0425366096575588
-1.43556080475592
-1.63601177246376
-1.81595430808522
-2.79065013204217
0.245162653587455
-2.95208448305762
0.0171602935185635
-0.829587397088727
-1.88479932010573
-0.783828718761528
-0.77160076660759
-0.889943417371766
-1.06761085822124
0.552622355616446
0.0227993281537181
0.985272649613828
-0.000687828137743083
-0.0998738942288667
2.11419053579983
0.499031547361491
-0.300345043659344
1.38949664005805
1.16855839318902
-0.956000604992573
0.812932236456222
-0.78131557676134
0.73688061979827
1.7409198367648
0.583901580921255
-0.123134071813426
0.413232099112694
-0.592079506278743
0.249235676660063
0.632749121378948
-0.208083879109661
1.17310229676474
-0.508400172610882
0.226025845506074
0.110367231298913
-0.36890267096032
-3.65871343222644
0.270643244091804
0.724353181594621
0.599181513436697
1.38916030592495
-0.239367286326474
0.998020305166802
1.36051091201517
0.671694431332093
1.46247771601215
-0.201220715133525
-0.182344272688762
0.643621540925886
1.33253904558939
1.32474245580385
1.84494557661959
0.42282392786192
1.16877552891657
-0.420526439874545
2.29005012934762
-0.636079063549613
1.76365600274114
1.12075060008595
0.849461945166108
0.518777772788892
0.565399750543293
-0.955011011551536
-2.52326595261594
1.91759872928991
0.899102497326629
0.162286496491604
0.333124670366365
-0.92327485778818
1.71167628962406
-0.984911564529148
0.881943142531512
-0.369819550615083
0.880861633549315
0.995397737642559
-0.247893090508316
0.953295026856928
