-0.808858455432304
-0.0500677215471978
-0.0860430258882716
-1.55685833213085
-1.09633494299565
-0.657422048045984
-0.91483963259871
-1.16410386482273
-1.22974517586225
0.419314241858936
-1.37355712283103
-0.0778868190802702
-0.764579385823804
-0.343729648289071
0.461417081973473
-0.119594948517912
0.670178076801658
-1.20870893705372
-0.944255977251963
-1.0253558318245
-0.35173521376147
-0.235700594118433
-0.163133378931312
-1.04348920210961
-0.53277446404245
-1.42243774672354
-1.3993259969077
-0.783109495533395
-1.04488200413072
-1.25289846212321
-1.25479288634163
-1.79791200226659
-1.53708929535721
-0.899429223136351
-1.7843389180898
-1.07891418056866
-0.327544780135266
-0.445509009429271
-0.98936019920871
-0.0254884788623848
-1.29888202010131
-1.24005944179448
-0.881352637312859
-0.397944390665274
-0.354568632814645
-1.68816042506652
-0.795209276167026
-1.79869840853282
-0.47898885361314
-1.07645525096676
-0.920760379236203
-0.941769612627761
-0.731314902068041
-1.51417288309212
-1.00224364575558
-1.07122714471966
-0.227845245498215
-0.844658685407593
-0.751219253801825
-1.55617842598297
-1.64656466226686
-1.06783247651617
-1.19714108307452
-1.4653306585102
-1.41173246058975
-1.11395615347822
-0.915015547607817
-0.213304516532709
-1.0719042674026
-0.867051376090935
-0.755866689967551
-1.24365231189955
-1.08879975519152
-1.20150722750049
-0.740450954297201
-1.67568144126563
0.188813256356105
-1.35598708264705
-0.950218717032979
-1.67219769907675
-0.566581066610885
-0.451885137897349
-0.746348080447229
-0.268481674158713
-0.200320046751047
-0.836088189971639
-1.29696785789884
-0.179867096446086
-0.122119578805591
0.151002422745251
0.103884012088938
0.797230806487145
0.481522238925689
0.387079082732241
-0.338493915515089
-0.35664887801615
0.083260045563051
0.130835539904416
-0.249654177023632
0.377737958977406
-0.393678896287944
-0.0452981464726029
-0.182349159934619
-0.639344439325966
0.633660087483255
-0.31659163701592
0.20937224360654
-0.148507854460369
-0.306757347358316
-0.023765042175006
-0.12923890043239
0.264159148013061
-0.0912925710055932
-0.397532364644187
-0.163464891311723
-0.366975484927965
0.368487590667562
-0.190313809015039
-0.0265258941704948
-0.216409287507868
-0.841482623549783
-0.0814983315175835
-0.249731823897487
0.493423260529733
0.864079886043714
0.269643557104
-1.01399798921256
-0.616489186915999
0.298803222716799
-0.416583730371559
-0.328555459046563
0.352190854797383
0.727564303631077
-0.301591440683983
1.19424958031823
-0.658289492005268
-0.0273615334083623
-0.206211122147905
0.371237681492083
0.582170747004317
-0.225422711438835
0.690599437985652
0.694390303191349
0.206579168551463
1.36747096873985
1.35569234210063
1.11064024298969
0.876358344365159
1.05952990546906
0.231745223724082
-0.73337736627368
1.27551835489018
0.687966909732319
1.28341275122859
1.07081980516512
1.32291189000216
1.11519748569125
1.05141350894297
1.12825484950911
0.811363718835347
0.845085835910837
0.546488039849401
0.789478603512017
0.750568853773369
0.87874820000392
1.1864068196736
1.25133044215302
1.33062806794846
-0.308898469798451
1.52615262382854
1.05477374620956
1.70175345796483
0.49270691300367
1.26420238954158
0.979243181047648
1.51128674424504
1.72040393630493
1.60957865016473
1.78001815394599
1.15992804169687
1.75489163596226
1.69745746548365
1.37325238839183
1.20419536786711
1.85651991628389
1.83911730825988
1.58067749081438
1.69304788415903
1.73330449960615
1.52228113381624
1.53488397106758
1.41342901939503
1.40184817517692
1.74708685347789
1.7201843910415
1.65132173810292
1.77077453255162
1.50231929575192
1.61036981009974
1.52029916866095
1.6114388237523
-0.844066454642114
1.01196552476711
0.535176135067218
0.0104312491634675
1.47430687966848
-0.0682726292394683
-0.218892943114671
-0.138505747960681
-0.548314132096466
0.939552206478891
0.909566960446015
0.877091945828948
