1.00805342395749
0.390755407971389
-0.417988765245401
1.00228960653366
0.141362115082382
1.12625639403078
0.923271224494007
1.08680595703305
0.964270615449459
0.518827347584159
0.353099014909779
1.23856130765815
0.519760987905941
0.48036899859575
0.631721956815489
1.45496232539144
1.43762110315806
1.46502325609495
1.07573184790674
1.0410185174984
0.76057546831562
0.503888116198464
0.19084907033371
0.248856540992956
0.430112298601418
0.31905354845757
0.449405130838341
0.247255314947807
0.172271557621181
0.6475061786012
1.43292760344362
0.761941130916728
0.979209451819096
0.635273722146894
1.10828547099305
-0.251742643077521
0.118983196125015
-0.699708126588496
3.1023620947849
1.1686917852022
-0.28507783019721
0.484495046681899
1.18072796410416
1.07095506006191
-0.349867915106204
0.366527114990108
0.259163809022156
0.862058279479202
1.71902637629224
0.59119501844729
0.47986313522807
0.928683635887797
2.00072684466251
1.79954066769129
-0.24400074171393
-0.48244611529272
-0.548879273967579
-0.549411750880211
-0.114050131971097
0.745691590858744
-0.239745307821914
-0.105709353630497
0.0121127367257434
0.725933269877393
0.00650396969024501
1.07481765667102
0.66119280181342
-0.277365474975262
1.0626242852029
0.297474382911973
0.28300330544615
-0.0467368953044246
0.0141877287735114
0.454074207378337
0.254904967066327
-1.55756321027454
0.073680633511934
-0.549597247192929
-0.803961096901098
0.62720432350108
-0.788120309948295
-2.37980455235438
0.346972751686518
0.334243012462079
0.98836874381926
0.452719960280955
-1.96929854974082
-0.418198747540449
-0.801237775979725
-0.87494313907156
-0.910424594204622
0.0637452456088078
-0.886581509065116
-1.5138597962247
0.494263571360384
0.150342348770428
-1.30895932435817
0.635399946618366
0.598489284545167
0.167219863234895
-1.22274244015999
-1.84286784799875
-1.79776862701467
-0.896388528857647
0.244410483622995
-0.2291674581139
-0.959070167447074
-0.566565831248679
0.050661435473167
0.129019048261431
-0.250734457957572
-0.89111621661293
-0.854290270991387
0.0276306885766504
-1.7200812428172
1.14136252182189
-0.559208142899554
-0.50303850832063
-0.0158463430108099
0.0573103689872471
0.336052983920066
0.272627199040909
1.24883515258041
0.728262382067407
1.0852238661151
0.196934024422557
0.756229994424043
-0.110868909305245
0.128896126602761
0.760070653456169
0.540394020842066
0.771985801818167
1.48779544977103
-0.463554409811994
1.51002657632202
0.551608643049154
-0.0446463173382351
0.0785405341113841
-0.281159579988962
0.391853142300546
-1.06418756975976
1.18686544906319
0.0219048155465727
-1.30090372308326
-0.707628898434866
1.03230492520563
1.14214357009514
1.13021644153812
-0.082395116763149
-0.977195640530606
-0.117949425664344
-0.305852442173004
0.280156339251178
0.567145868148229
0.427162803426035
-0.538795771691382
-0.099586919189934
-0.467505358609211
0.669427286892804
1.25510463330156
-0.34339432382802
-1.02883537608259
0.171640657795007
-1.15328601234785
0.157801137686807
-1.82369769469849
-0.245503780292133
1.08517121561757
-2.6082841015797
0.208671421619823
-0.477907347016848
-3.25742680693717
-4.57252267441232
-0.262113543561123
0.491916493200198
-0.741997318211577
-0.971593003511028
-1.34712450306384
0.0935622012920975
-0.878028622151543
-0.23826158679618
-0.0864386018077788
-1.82028070743568
-0.477349302542948
-0.0697861015357267
0.136582940443609
0.916939029973838
0.676594145764748
-0.257188611235412
-1.12663504028054
-2.21874006025112
-0.423380150546879
-1.85112339219724
-0.0650163431047105
-0.36412621167256
-0.900245020963201
-1.16084516764923
-0.11707959362469
-2.98396637570841
-2.46380590544009
-1.27045986938934
0.703771052065773
0.594382528743672
0.753473920926202
-2.10979840249747
0.317935790800093
0.0738249398471804
-0.0513932895985311
0.200475229839958
0.0753559322420295
-0.445011930891372
0.0107141200836599
-0.823275499486204
