1.50897267242254
1.40383152835644
1.0945760550542
0.845424971699838
1.20210337614408
1.3717104688334
1.38575337657959
1.31713484152544
1.48727239556225
0.529204454309731
1.05581241093842
1.41361139412382
1.38089858786527
1.45898282217327
1.2318930863003
1.12359211745547
1.20381490340829
1.77754850261125
1.45326180202601
1.39909309589279
1.33925535354444
1.15220590299343
0.881341769346833
1.1019906121542
1.39543957163025
1.04101657726401
0.402261320389252
1.30783256166698
1.12579823425243
0.987345884681035
1.39622931837806
0.897750014506738
1.27556836326144
1.27070839925757
1.12999990025995
0.684430752550929
0.268920488621657
0.362197419816122
0.461018361479948
1.31210699831521
0.620944307142532
0.079954050341671
1.15185553945683
0.992822724830568
0.274443693135836
0.696618823521268
1.22875355920563
0.683843661789562
1.41387124126638
0.595171321103457
1.02935700590091
1.11954388541159
0.714884177756443
1.66374596010984
0.665945398429092
0.335215404749922
0.331792036661416
0.328131358581898
0.746313189056339
0.657383787949325
1.19485575815462
0.177732666766032
0.967026859985598
1.28053427988123
0.833806710061816
1.09628090993379
0.182901358588669
0.0443946250770154
0.300507425120334
-0.743675386620679
-0.69693754194967
-1.20307193974655
-0.139695886252654
-0.730688436052046
0.0874274348443771
-2.15180525592937
-0.47315405550351
0.110222851285284
-2.34994335320378
-1.59365659687769
-0.844384429943969
-0.998921735311538
-0.874328193931001
-1.28766099736293
-0.683462263654131
-0.653938378216994
-2.70744403383861
1.1933222592541
0.270189672838097
-0.450855346335576
0.324902857153521
0.524602685255069
1.16188008628349
1.06550921130108
0.581535436123331
0.654958347106762
-0.0247761274611287
0.680152146074995
-0.044841149217349
0.713023941681832
0.0260028918566161
-0.819403333804789
-0.315533056791412
0.841808145492141
-0.0572645649051903
0.14174342618821
-0.888796980919215
-0.581969434596655
0.886475335990825
0.763689540873242
0.349078240665899
1.01829863366509
-0.901790932603674
0.0841236895556269
0.347146656042858
0.534073708022492
-0.68891510542939
0.0289138416220256
0.093930061272013
0.0279529947922583
0.349010852755832
0.612614172988885
-1.97878200015175
-1.21892418528282
-0.805358233649961
-1.24265991143349
-1.24840408922641
-0.832834206293697
-1.46418571603913
-2.30014945174675
-2.00858764226078
-0.903648468210221
-2.10638592329975
-0.870316708532422
-2.45164485572062
-2.76175420362817
-3.45712957702981
-3.11367211291295
-0.102876967025136
-1.25660936285957
-1.5306585791928
-1.30111586649997
-0.640947928834951
0.266230492159768
-0.656758102803275
-0.864522983827453
-0.463447351459177
-0.817182007318423
-0.889916372917982
-1.22459146762927
-0.256246908989641
-0.785240925296612
0.0132963106894374
-0.985652322650821
-1.15697250177337
-1.26303175185525
0.100626700417078
-0.602306523479895
-0.8840100325376
-0.442922478314141
-0.0131110046669537
-0.137379078570479
-0.015669511014643
-1.58840035241034
-1.46845188328362
-0.972889572813845
-0.81282478060737
-0.753744311170083
0.149114156482636
-0.0622803287799839
-0.43175901896976
-0.397888567394553
-0.445818297969645
-0.728191243146878
-0.304487313598869
0.0586041029420409
0.0661763544617246
-0.27751722334472
-0.0915230075423447
-0.335597160947627
-0.170947029896379
-0.219309981545355
0.390048216103712
-0.423901976043547
-0.640668094971946
0.299837652864038
0.276629756391552
0.0263608439925907
-0.454702491547753
0.0531556732417682
-0.387236523085546
0.428450263470661
0.0110744098061897
0.427512181368581
-0.0979074714580634
0.0516870997742625
-0.584942215977848
-0.556203816181719
-0.616206428820743
-1.20941037715928
0.427071084849276
-0.182961562780247
-0.481441589753321
-0.25577603929701
-0.31671229337305
0.465352124043279
-0.249834622572176
-0.175491891911021
-0.399665363584525
0.0283612574643324
0.000124896926001442
0.107920822862141
0.0904487544152622
