1.75473147287226
0.996366394073029
1.46153996534109
1.35174064504011
0.629489547065671
1.41696742556689
0.962470797380131
1.18969796142133
1.61500870697891
2.17993025955351
1.21190467691107
1.30259318901792
1.62102180085016
1.99441663504486
1.4873235196852
1.39605387353199
1.64190949517523
1.77817667780011
1.93146256967023
1.36968722832626
0.798151933108664
0.564649702642116
0.00223069822600462
1.42713774122615
1.33913275876228
1.38095086750587
1.42083696044134
1.04298432122493
1.02926924923542
1.35544403239594
1.69477785373224
1.30198148664263
1.5718528704614
0.86199292157666
1.63946313019585
0.560533176123836
1.02128503819057
-0.159070210628906
1.30351997792168
1.49677220846164
-0.315850524165759
-0.508569854166291
1.58669218336492
1.27487858640801
-1.17184458935658
-0.205216572814347
1.20491772045817
0.740858845723447
1.4427926278148
0.614669140171993
0.0762641236098425
1.10334039836698
0.11332172306327
1.37918283898434
-0.321735348588494
-0.283616831619338
-1.08044823795668
-0.476174780513566
-0.217169322105042
0.842368949433924
1.24544028451105
0.468972901469524
0.672043028245489
1.22172850020946
1.05192694830333
1.16378052758811
0.639478661588518
-0.885345253120498
0.399980242018621
-0.483258849633795
0.0227425819939881
-0.611779710554386
0.0191730809149086
-0.449125519904563
-1.04725266141606
-0.326375463472673
-0.608510092300142
0.482952919024008
-1.19217304789599
-0.19576843802813
-0.437589288848017
0.0330877804289231
-0.10757513008709
-1.89366336355917
-0.428350375046417
-0.0535417302428472
-1.248844536814
-0.0579165035279877
-0.75338548590571
-0.380631279653847
0.203582130515039
-1.2848274629468
-1.82536995389929
-1.38213926171151
0.184657565467574
-0.62335098073325
-0.279895480051208
-0.507140348598523
-1.16051161612372
-0.619567593999274
-0.697492518495872
-1.10928769801611
-0.384537545266059
-1.05254297844772
0.447984641621709
-0.295182846034314
-1.28929364029688
0.0834654200923002
-0.394495576370108
-1.69366202659051
-0.952533758209097
-2.00163484432768
-0.0362874909177834
-0.960076106306757
-2.28366791745868
-0.123715875260372
-0.427389137546663
-0.482526703837654
-0.215077082403707
-0.0191338941674121
-0.329432779575818
0.232571566494378
-0.0443394596005231
-2.54161968612556
-0.26014863444417
-0.345226958621824
-0.528495604489218
-2.34259968199162
-0.669521241375881
-0.196861078919189
-0.0892305412693523
-0.476844809648428
0.609023881014705
-1.62480014284377
-1.80011604293139
-2.67236056484505
-1.90805233745471
-3.7697865935789
0.29567942789376
0.558546304472297
-1.31430962294917
-0.136806753664135
-0.487229216539709
-2.45878517068555
0.0977369090556005
0.150126116935441
-0.409006575516892
-0.242896642458145
-0.469894512911068
-1.11062058724934
-0.736940954340774
-0.366502245441859
-0.288401630748017
-0.195119313349993
-0.364653719202827
-0.586176078904368
0.140440696882245
-0.285778046339585
-0.38745684784747
-0.268737290405169
0.25138935256254
-0.150622518193227
-0.0237455285969454
-1.1814944327664
-1.01707375165009
-0.810553298982462
0.136990361743355
-0.105475302959607
1.01878290817361
0.105710461533661
-0.0257842648581639
-0.246756728274789
-0.698701948206328
0.00714058891355557
1.08199815087299
-0.0864196742520312
0.265923799736088
-0.243504787454063
0.496976509411697
-0.246442516453111
0.000350079931611868
0.359397512441698
0.340038525803172
0.893577939438066
-0.246109526178709
0.714159187002035
0.552678011508375
0.591260296031227
-0.125605216544662
-0.699156817288575
-0.299269443108916
-0.320617311992554
1.3410596652051
0.454306460142147
0.0918858900557593
0.45100327722881
0.407487540852511
0.372836966664495
-1.20000659538009
-0.130934027073268
-0.980886477202682
-0.437517609383155
-0.768532054487298
-0.602747691585374
-0.743767261758213
-0.469125122312389
0.0711892493646846
-0.809200715550375
-0.556613513751319
-0.815009054487
0.681419585705804
-0.856102083784855
0.0112186368846323
