1.12274124208658
1.06539875516104
1.01963504867646
0.901204523232125
0.880614473919822
1.16624240699417
1.13009807900561
1.06057261187469
0.877356340495233
0.620759512820426
0.771936378542858
0.767903765969342
1.12689247580391
1.15761815609265
1.0109887284793
1.01821917903405
0.981973618062961
0.91923030380083
0.85686500913
1.22574455354739
1.06430918989288
1.13602959426334
1.11526315412087
1.21539563261186
1.16189453183485
1.0330639222213
0.986652736480859
1.22422592531043
1.17387729414838
1.09239264183885
1.01692589884905
0.800531201727318
1.21605928048935
1.179825724464
1.18731570213845
1.11063735429747
1.10238989084262
0.91583033722652
0.674554385290745
0.422075160889791
-0.0184075795571499
0.297089253922169
0.849451320528001
0.624582542540084
0.329109374122993
0.219027575987058
0.804047348084911
0.586796992457603
0.747202604877555
0.299920284527424
0.289498879925274
0.331464091444294
0.162558474092605
0.792514603529847
0.447780329721712
0.280972793237794
0.600698947530823
0.469082698628592
0.598288947370009
0.294423977541344
0.572726445204674
0.375730346854276
0.601219041598295
0.580724491119816
0.640628507505731
0.222517683279959
0.193030290256041
0.274589466598051
0.65040415742232
0.627027406689883
0.758279034727867
0.377282190716506
0.587165197937062
0.447981737860939
-0.501569560536457
0.183448508346582
0.244696183091123
0.786901280010249
-0.837992018844733
0.376960751806841
-0.277274290457749
-0.743824732964022
-0.281343970467604
-1.46519978222293
-0.747384788047513
0.182381329831986
-0.962883791416596
-0.961594391524073
-2.55751686373275
-2.18055138792289
-1.8575814800161
-2.04963291382556
-2.14409814177428
-2.4601882144363
-0.39311284822093
0.177262109647807
-0.60659841700279
-1.57407245999344
-0.77163014263094
-2.31080669432316
-0.182225050638474
-0.891558515928738
-0.405411382522177
-0.937166775443825
-1.05154200734582
-1.67997561467292
-0.738604613075337
-0.515303771365275
-2.05196083990978
-1.7419554616338
-1.70785339944143
-2.03640847333288
-1.74628324937366
-1.47884967683605
-1.91584136504676
-1.22157778964953
-0.830045700675514
-1.92681845067706
-1.10807896052867
-1.85036015974361
-2.25170408980812
-1.63982220082112
-0.620296312300864
-0.944899265407513
-1.23601678681668
-0.571281843046949
-0.2819554973407
-0.58358363584135
-0.841324724387324
0.297648539876301
0.0990067358040531
-0.66531929915438
-1.47183941340795
-0.853941994247801
-1.63786352484527
0.0947938192728052
-0.576593075524432
-0.980666691927018
-0.190245443533017
-0.259219698354849
-0.571725709813807
-0.717605885267549
-0.62259631139245
-0.672137768549637
-0.189419320892409
0.313886482287213
-1.2501911970145
-1.07589019697981
-0.390009356462249
-0.258521054337646
-0.85633739723234
-0.104244922052811
-0.239790955726916
-0.145796966554756
-0.0538255482525371
0.0251463722285074
-0.0303831831599974
-0.236713158654445
-0.0426030610234235
0.256552558312326
-1.03683460936087
-1.31200415481311
-0.561222864782556
0.0161464175705321
0.102529170740075
0.433483736781409
0.119368344914353
0.228603296329597
0.471349223137221
0.918580925615608
0.746023541846847
0.605811859448187
0.959388546644224
0.689358074060862
0.750525019497453
0.681316213132285
1.09242944981958
0.920745959092872
1.08671043608024
-0.260050455378097
1.06781768199697
0.702120357513603
0.512694879994829
1.08362363614116
1.12303079482555
1.09081502117362
1.1386042275862
1.04513166796653
1.06792913567714
0.982728621354895
0.876382783078155
1.05315509251595
1.15064451501927
1.01074654668458
1.03276556358233
1.12755026933926
0.950490287479969
0.407661176764125
0.675410736596414
0.588111045602906
0.892553642525538
-2.05987836525748
-1.29048210506626
-1.58276850969486
0.225230073613347
0.428739722760036
-0.877941511084383
-1.75497987742032
-1.86236910959783
-1.67187695576946
0.0582559160169919
0.0278322159172989
-0.570282520346545
