1.37765616766739
1.45328722956268
1.25131423961978
1.06011826752945
0.94065220455284
1.33099055582764
1.27060724005451
1.30105314613194
1.42027543977606
1.28419705217523
1.25430162116483
1.34234614901369
1.30869317298305
1.34877772566648
1.25429787999343
1.44993495479277
1.41291528964975
1.26164104778774
1.43164026126076
1.41296419924444
1.44199796261217
1.34389640733378
1.34581661805426
1.14582026972083
1.3613119760612
1.05290400729124
0.992724256603526
1.38386950859759
1.15837778530259
1.13205828854724
1.51731283827591
1.38431665157362
1.42888034008294
1.44941278489179
1.48636589211982
1.44449791260539
1.66447166073584
1.2927433580435
0.664846842560894
1.16931322420838
-0.159503867902073
1.05556352298525
1.44190958351669
1.15402862648436
-0.205298091837738
1.1630434410119
1.00300783159144
1.34722046495403
1.47874827446158
0.714685582942654
0.625006650089998
0.240366114177289
0.403591083090588
1.16089318129531
0.81518461329377
1.29406035397023
1.35028886623178
1.18431826961258
0.721572273631487
0.929258089538946
1.104463870716
0.813284510483758
0.0245540305134313
0.482525436667508
0.993918721107628
0.980259745238625
1.23412672119276
-0.25210809518539
-0.547377468703304
-0.549164111809932
-0.956194210098205
-0.367504906369293
0.208006502402971
-0.241664552848514
-0.211669550671206
-0.760635156050119
-0.0840338949583693
-0.226640983035695
-0.648832137180561
-0.377046137635473
-0.687025314908029
-0.0703194875548478
-0.504531363999626
-0.891650226421036
-0.449015560573138
-0.597609780364231
0.105624533150341
-1.17435832718922
-1.48207259605874
-1.45379263178368
-1.49655231812393
-0.606296010810713
-0.696016537297354
-0.936839841093283
-0.623148591726145
-0.726938223552196
-0.361839421700878
-0.651221134623406
-0.712984147625146
-0.628239925570148
-0.786299573535918
-1.52052744280677
-0.453624937608497
0.39994287417354
-1.94145894940894
-0.895339948355737
-1.68117359433105
-0.688884647326548
-1.20255188716141
-0.722970388373245
-1.09478177817811
-1.03620412666865
-1.11263196031664
-0.721181429280877
-1.95960013737091
-1.77341370408391
-1.3323256692223
-0.335442390980604
-0.53387404528613
-0.875697197268161
-0.852299145727664
-1.9123907837773
-0.498250348570947
-1.18363888260203
-0.917190110641844
-0.567280567306464
-0.702734328983214
-0.446874394908376
-1.06458013459954
1.16788203198509
0.529307567527173
-1.02923802123094
-1.31931466113145
-0.939573970551384
-0.571626979731709
-0.0433721454476304
1.82275855788191
0.0486303655596518
-0.230443117244338
-0.585069318624927
-0.528632660601964
-0.75622753428715
-1.56379902143322
0.68841269647226
-0.983178669119643
2.01167587994391
1.47693300454534
1.22873431895627
0.715889552110739
1.58126818345323
-1.01111677714647
-1.29057785403383
-0.441272946222767
-1.78470607657789
0.0841781412739633
-1.13732599257874
-0.790166762795272
-1.49207811463945
-0.595212578071344
0.973249157770456
-1.48192622372413
-1.46990988721359
-0.445354608221089
0.974024676081375
-0.0942973806344823
-0.641231639960638
-0.60766896654239
-0.573976177236422
-1.20567202840436
-0.130063672509033
-0.525216650671368
-0.355615581889524
-0.572787287121397
0.391251245699717
-0.587607521722177
0.549757403749576
-0.109300544535722
-0.994786993891865
0.000385025542223649
-0.277715306426177
0.622942107695075
-0.812295493975956
-0.675606918145484
-0.369895646315982
0.440052861383224
-0.262658834042163
-0.528103924593305
0.769845324853274
0.837119005075001
-0.171770853609729
0.0934215744396877
-0.550932466436188
-0.590197053662977
-0.521959104574104
-0.477775592209888
-0.678087668455832
-0.0366713386941449
-0.873996966326337
-0.517199730959947
0.415685593774282
0.119509339200491
-1.0922826946539
-0.392534869342868
-0.748300036153745
-0.468892408076622
-0.565475056208681
-0.931539144731774
-1.06717008982086
-0.70250374823896
-1.22630312232363
-1.1202869705067
-1.15443745022229
-1.14668184877738
