1.17492251693418
0.919711675193347
0.522256094588311
0.661826185640457
0.602487481381967
0.545684432043055
0.556663486153281
0.699756330648675
1.01631470116284
-1.45319859143784
0.942133786291694
1.13746714207109
0.644547193695057
0.746962477769302
0.826700526323072
0.760982044096404
0.653133559625762
1.04869545920545
1.21026221793918
0.833358142386265
0.61792794801337
0.446495809929808
0.0250659059674523
0.235735453893986
0.779825614863127
0.246939381373021
0.27156320706722
0.4982861699757
0.412399708026714
0.623126266850036
1.00055372700211
0.985428100227956
0.530388500871814
0.707439926478168
0.7104370414387
0.422414237122131
0.658566439356092
0.836466096424888
-0.5782306463273
1.18639758702213
-0.281814980012911
0.267652225317389
1.296210782817
-1.38506213988581
0.761026933637417
-0.313563027689591
0.455440187697872
0.469744481639019
1.24223582604548
0.67828185210409
0.628782530877042
0.910424127918723
0.127668381144979
0.76703786167623
0.501124959665025
0.805021819611105
0.269664894116974
0.0104715650821972
0.458747648883122
1.0943631681531
1.48544234167059
0.863886480780903
1.29674284051276
0.967800125513381
1.08809494017312
1.00393939631807
1.5664743989835
1.16775901673564
-0.143512712224395
0.861089643043504
1.4208551955258
0.456563146433562
0.537236511416646
1.12157566874392
0.3678757048403
0.282452637391413
0.0544376868681735
-0.943057635761931
0.625747368564965
0.667457831400453
-0.250419535467238
-0.622483847407754
1.28643307135976
1.2982465816694
0.864743978840269
0.493220882210329
0.21779913478942
-1.71730492473517
-2.21468947913697
-0.886237922401121
-2.61654790104979
-2.48633576899139
-1.09923865149402
-1.11547693319712
-2.27474476431626
-1.09687783671308
0.284953742510735
-0.60972506962053
-2.44611343051667
-1.40810350002868
-2.2031047313483
-2.3350728408488
-1.52985288700755
0.103908882433773
-1.84101678941554
-3.7504359808237
-1.89976878015974
-0.403680810697471
-0.208206532498792
0.514600201083113
0.00792680209568432
-2.00770593722692
-0.853202734621594
-0.988181569989025
-1.58735939938431
-0.533041695315494
-1.28248109751055
-2.00114670964533
-0.20540474795993
-1.39630788346572
-3.00008271453359
-2.5202093747254
0.718164857831838
-1.0043109342373
0.591264856194015
0.190005971196785
0.881103677714278
0.606188342195486
-1.55804387913527
1.08847715980421
0.802786461996498
-0.0489198049842874
-0.371618077048356
0.0853880807749068
-0.871504910541983
0.516941671943404
-0.135825211601801
0.247117462785886
0.697371777210417
-0.259941430181893
-0.391392448432823
1.4452998356763
-1.53532363085394
-1.09389058612543
0.361543025895592
-0.126217597394795
0.449772419188798
0.460733041228905
0.291192783600522
-0.874212634764358
0.104088953770896
-0.359939109429353
-0.415304382450839
-0.107237696018507
0.509298663592448
-0.176482461289414
-0.276577757069332
-0.325510828033684
0.321490146696461
0.0708818786174836
-0.55577048031272
-0.512444892703554
-0.753588706130576
-0.399567963814423
-0.0527846139230796
-0.493377649266397
0.242147970400144
0.353161022377151
-0.700996038786011
-0.403697782455121
-0.162388856638556
-1.09460599727036
-0.983437756000597
-0.15751379625139
-0.841543855248976
-0.862122693995131
0.0182879233898619
0.159108019411561
0.0501612817355949
-1.65622444841523
-0.00192005040943399
-0.669146041840433
-0.81254761265302
-0.0159207124279593
0.029919592341911
-0.259442548551213
-0.401747781408779
0.729322332450982
-0.0153383379670491
-0.252677062127436
-0.460694843962698
-0.0732881023579466
0.117528038238094
0.017484730975413
-0.297029269621415
-0.685711637667923
-0.680243320779326
-0.999714105998857
-0.445382896140681
-1.17789813457905
-0.272681513903309
1.67836336149106
1.43757754742137
1.58673038642579
1.24965359145333
1.17031220118743
0.649000927290096
1.15302355557481
1.16924910983676
1.82534318743564
0.651850342928792
0.12961884653622
0.365264328628394
