0.320504447907694
0.861533242562988
-0.751197123752016
-1.03885299664833
-0.931062317141444
-1.21821294072526
-1.04671329047387
-1.05347949710719
-0.539572542403384
1.74387984984684
-1.2187385987931
0.0725704001925202
-1.8396703165941
-0.462441137834764
0.562533189952866
0.192159513608044
0.674684994128193
-0.829786413857072
-0.575609423869982
-1.57982729475414
-1.53961667869664
0.104061700309903
0.130355244503179
-1.84400039542315
-1.74051337659137
-1.92669599817797
-1.98502316288551
-1.80431332345082
-2.06505260379085
-1.73162619466655
-0.717015771630801
-1.41961166109805
-1.29735598446636
-1.14803613012967
-1.06562845807223
-1.42023444862258
-0.964401996991754
0.0493897780053998
1.18475816287046
0.454132383302459
-0.477798475498972
-0.329383293091093
0.356137600290037
1.40708843574715
-0.276075425708329
-0.0763258352339957
-0.626662524562151
-0.467735395757005
0.572670197991349
-0.0436189349175881
-0.0582719525429889
0.402359644533884
1.0110674398762
-0.497811058724372
0.145678938922464
0.435060234557261
0.87938176268705
0.418293576100139
-0.204871162923569
-0.215587239497231
-0.381620091504
-0.59476814784456
-1.13318650752158
-0.808453069537024
-0.81743725431274
-0.20729826121146
0.37980735592093
-1.4343744047504
-1.20719040781087
-0.874153578932652
-0.806140574177666
-1.4894358124873
-0.59432171396055
-0.0898972856066155
-0.962775947556671
-1.06564985320781
0.0301207248452399
-1.09130748380788
0.720081365785176
-1.04749580415761
-0.691890980854707
-0.263063227241914
-1.33541945257645
-0.916012644866326
-0.771954717256696
-1.26685741320175
1.35342767791711
1.48307475751045
-0.0598889143480814
-0.598413361392019
1.24569207730694
-0.318355193590692
-0.913876967294138
0.516982228303734
0.838713893969772
0.22367823771749
0.526054050851473
1.78454493873829
0.237082739560773
-0.65341609688586
0.599146379685554
-1.25603427720383
0.192800100245395
2.16261610510843
-0.445892209546824
-0.987199097450584
-1.23502501904748
0.508168500300335
-0.305413468657522
-0.0513583795772181
0.383540567606803
-0.870582122468473
0.275478716359321
-0.916493402516048
2.52515321144296
0.385271303415182
-1.36594834390087
-0.0109904015190806
-0.799253245623876
-0.136242409291215
-0.606531756927737
-0.915181404537376
-0.615897515640374
0.327985823752068
0.316663353586701
-1.10655483662284
-1.29321579712491
0.791326862123846
0.0273582536766737
-1.10104788984361
-0.870727353828838
0.652864230978736
-0.13239440597677
2.26206280452263
-0.204450339649744
0.231627774767881
-0.291800961828878
1.48114128135815
-0.292205766214642
0.0355310002601428
-1.03318214839793
-0.68397560059105
-0.0125196604619778
0.447648618465418
-0.979381487627511
0.614631195600042
0.602656625934579
1.38771548137959
0.284112821952274
2.0630010521319
2.02993725342288
-0.868537652521653
1.18701264849375
0.673095924917745
0.844892940575191
-0.666564798081042
-1.08618487388218
-0.657059236387173
0.18698316090649
1.33511249738027
-0.987409629656393
0.000528052349013468
-0.0775377190306347
-0.384633552744148
0.650694054221138
1.01100891806317
0.0479349067776187
1.33983806662967
1.00656281783917
-0.311726482401191
0.571582386852908
0.481256086363815
0.888281492084418
-0.510494361058099
1.20038320913594
-0.226109429462736
0.184105976628986
1.50573818540774
-0.621903382133844
0.372692520119581
0.121753014106494
0.0637499963066129
0.255326817943207
0.114105176754049
0.516073808246755
-0.334010999184667
0.926549592248983
1.33885273477253
0.0951128622360767
0.504011110601113
0.401760526052534
1.95804259163328
0.104192271729354
0.497422783874942
0.537858156087554
0.312571696988386
0.0858357330764622
0.299023197732834
1.22627404107145
0.991399313903308
0.702217884562631
1.9530122939795
1.87347065340909
1.68086580105167
1.73286665388668
1.89193506884228
1.71528008388514
1.91252434048172
1.85735782213557
1.8651712699921
0.702766581831809
1.78806771535865
1.25560241969292
