0.00681385012533966
0.136423439003308
-0.0084648735780139
0.23478117212645
0.209666775210546
-0.173310090638549
-0.0470403535071675
0.77491817123234
0.0671852087318793
0.294437688109493
0.292156579539258
0.152113395281555
-0.0741018218837845
-0.218166396890141
0.219424699194526
0.142590929970259
0.885018587129728
0.66227112909185
0.0193734860807147
0.0812725069202321
0.177341952993168
0.186920531330179
-0.190057163447459
0.13512858838643
-0.0122942470883971
0.157623258429122
0.280467643422661
0.0827720393804514
0.0408390856263141
0.150098695762703
0.266378889874557
0.49854643560119
0.0475454031043785
0.0614189196313662
0.0848046427282502
-0.0277766630727855
0.0821879902745471
0.320452968021185
1.69769509777972
0.606816963742602
-0.852147963930749
-0.730546568350973
0.253476255966044
1.06688335183906
-0.133974720299629
-1.30223471022677
-0.211737520675201
-0.433287534837917
0.827432304518141
-0.454373418056691
-0.529448813122201
0.00342560642226637
0.751209152885389
0.0780832847662181
-0.0219069158347372
0.368409298665007
0.131086480613743
0.178736322502191
-0.152020815425918
0.215841980619099
0.459234423832132
0.679626108638649
0.896987276070563
0.613703821768753
0.607379691856765
0.188613369374702
0.641498366663767
1.19414930919481
1.11466799770531
1.41015226236694
1.14017676321092
1.14613151467791
1.33624571610235
0.455272587725853
1.10250005616629
1.53906170103905
0.726369464862199
0.281605146350265
1.14221753087675
1.22402757080755
0.768963479069483
0.137585942820298
1.33654096789454
1.15607948956943
1.21846484810942
1.10676276990466
0.562761932714105
0.469647339082065
0.300363562886811
1.13018964939684
0.240911688708436
-2.80059315462764
-3.53305232792544
-3.08198538471361
-1.2580746420654
-0.699049819360784
0.953242058160351
-1.31792906779251
-1.21541707627552
-3.00296887739645
-1.97135450930466
-0.510634836600947
-0.557312059948189
-1.65123067565612
-3.54937689643627
-2.30311559501094
-1.15828405259959
0.648822484414913
0.0258354527184891
-2.15187358724403
-0.156685295696634
-2.87096551939452
0.8290273071517
-1.21732853971396
-2.83405428955289
-1.63500090834814
-0.0100203101416656
0.531895231484206
0.575657452913521
0.169690116276458
-1.30646889533662
-3.39689346882424
1.29050143479092
-0.695725188225338
1.24486253029265
0.771465732952286
1.31862729254392
0.268829281652494
0.570834189154087
1.05183838668507
1.11269811845912
0.343361310511238
1.31683284075421
0.898296879816311
0.837595106547226
1.35153184431093
0.405075474778687
1.58019484401252
0.079712907361442
0.410000121269848
-0.909003089625878
0.63001866790778
-0.883649785319882
0.443807430956651
0.186793715263646
-0.519163639237451
0.439719476188696
0.772688025437398
0.163066231091887
-0.147439722433742
0.317955921628239
0.0357009578441255
0.445248383969084
-1.84731257214754
-0.113017045792941
0.536970479727669
-0.445787351528015
0.395230660200949
0.559654917008861
0.961538757445729
0.228615833541357
0.19364399801906
-0.0992153008523143
0.389822440696827
0.688389818013664
0.260131397273335
-0.171824590883406
0.943113262094052
-3.32402605339254
-0.0546275821817202
-0.246159470772162
-1.09551530407128
-1.55662286794215
0.129155456844785
-1.82588674657523
-0.43469117945837
-1.22265673460432
-0.162182703774922
-0.43037340678567
-1.66405702542077
-0.368696737215158
-0.0162587900599529
-0.408674774394929
-0.209819164022667
0.510480226885199
-0.360416815844101
0.469528074089148
0.253926072695648
-0.43559523400778
-0.278955837315041
-1.26401788480985
0.373244735015167
0.639928350701063
0.261138658288241
0.363156665154089
-0.103911991309737
-0.570923795502963
-0.673494589932077
-1.6160626340409
-0.237783580284543
-0.138445401603725
0.833158002285832
0.567333363702701
0.636935981149186
0.291583634596407
0.290293680413127
0.43642096809169
0.721997862496883
0.484464008550387
0.684094951050164
-0.183973634048174
0.264345179261625
-0.169159150422963
