1.16162118135252
1.28344299247373
1.27222359604091
0.247407427224808
1.12175355544048
0.835432310411128
0.591103783900405
0.424565756567846
-0.307063186183204
1.35903630199883
0.80853934559698
0.808500083670669
1.14721466045405
1.1363133460969
1.49432806246433
1.07950213503879
1.44806352663017
-0.435998984025469
0.937895927511059
0.984818147248896
0.721491793134092
0.923662240695555
0.875293782435768
1.06245425046372
1.05099255114974
1.05474970194399
0.98655258085301
1.05586062707728
1.08487873415194
0.961829298667279
0.194259176794114
0.317925478976378
1.07073619985241
0.952863659254625
1.00974518001956
1.03074990155903
0.902729167875709
0.664721354037289
1.20297982099443
0.24740955987162
0.40756319513593
-0.852731851337238
0.737468172031771
0.893228266417605
0.294499866853307
-0.514817510158085
0.258931865435029
-0.746119093958829
0.516362031750223
-0.993500193315011
-0.907892587636106
-1.00367698661376
-0.474348211255964
-0.563856492254979
-0.25708253013888
-0.39196095828644
0.741520312423479
0.373347269487224
0.477238977571782
-0.0597943656639882
-0.733947439335229
0.292545076903681
0.43338600248906
0.406490303252437
-0.250773562698009
-0.915564566157596
-0.887716071763693
-0.176237907778645
-0.488499449138155
-0.584471013225404
-2.22893507995959
-1.29363291361826
-0.268069773040831
-1.1766294662788
-0.713567195942209
-0.37645021024066
-0.309435807314777
-1.25526942801284
-1.3432244678671
-0.211627552710493
-2.11779193031378
-1.4254322366047
-0.685658568657004
-0.206050512920038
-1.00181138061146
-0.88475519360704
-1.2457682060226
-0.955905542730848
-0.432893321251422
-0.294350140997213
-0.795385428809524
0.133000541454317
0.358230091514316
0.574630164836787
-0.773964164650624
-0.904452440434541
-0.204046462562953
1.71090287124958
-0.112085875966961
-0.0273997542484773
-0.0248946466192946
0.92602439966353
0.396829746060663
1.95249846051148
1.57952366711945
-0.502340436894245
1.02786530321765
1.30548388462561
1.09934383184491
1.08683147217745
0.939668543935827
0.565396173068055
-1.22283716551182
0.0765173530544666
0.978027722930711
0.760417633298368
1.2551923988195
0.941005246427215
0.606512905099502
-0.712981946908211
-0.592967347138309
0.257975265468656
1.01782005607952
-1.77170391317504
0.192288382946817
0.585138000355289
-0.306269771434911
-0.02180365123473
0.328909996950531
1.10554892216067
0.635562650851966
1.17490734860907
1.22950235444933
1.00698682273131
0.0780610755008469
1.22508251587944
0.396213724303656
0.992517535111797
0.0897784157852872
0.593270322818021
-0.591818899743721
-0.717515202802857
0.80781503831358
-1.40788800562481
-0.589036562267838
0.134719691530543
1.31912419544918
1.36713497412064
1.12077734821227
0.113431646881256
1.27202186943721
0.318888481248124
0.83540315666652
1.28073888169418
0.89363133090766
-0.69807530482679
-0.627215117114084
-0.281948321050583
0.770250022447393
0.542025510560337
0.226563935748244
-0.566012886281453
0.0747984722165166
0.400693957397599
-0.0755652024054682
-0.699839792989157
0.915069364583999
0.0495603345954181
-2.01598593613059
-0.506187241140366
-0.71830562724822
-0.615553849732443
-1.55707569105016
0.902912496126382
-0.198286156615878
0.0349725514366181
-0.0217464029636852
-1.79432529557016
-0.735901299459553
-1.23190739147547
-0.209881951043146
-0.144163856196067
-0.835736030101915
-0.478805085350126
-0.191823888438986
-1.04012767191208
0.365585672078165
0.89001001619627
0.248424135655074
-0.893837540091625
0.00796333235771965
-0.227299769765611
-0.55204546266549
0.0115307547781439
-0.129604364338647
0.137424665748559
0.232023942108979
0.233343801669069
-2.42121957664795
0.220355306743785
-0.744963403916617
-3.27807813888725
-1.082814790523
-1.61790286122371
-2.18651955488864
-0.324894070655109
-2.43665524044448
-3.00310248959801
-2.48791449791498
-1.98701458044258
-2.30990268722319
-1.98458839236397
-2.09135824116017
