0.948592427209757
1.44741460678741
0.362388640317264
-1.94357916643872
0.708686848801066
-1.01136971777532
-0.309058330157528
-1.32593818494725
-0.243278682292112
1.75831831471958
0.0740442236523641
1.6416694242538
0.703829875945039
1.00231631980567
0.322606249457696
1.28718486140776
1.58675663626421
-0.064197618740243
-0.300267118717414
0.516537562268333
-1.11525627376821
0.758699044198467
0.804057076576247
-0.19659840947843
-0.274999013351686
0.8509857941078
-0.819707836085023
0.950507943902857
1.64432976217827
-1.48188067568558
-0.676589242845577
-1.68287883603948
0.348288589172862
-0.764862873087874
1.44792276536224
0.212699487661438
0.00812841948283431
0.0636287238699234
1.84963808946758
1.14489758532239
-0.390999957675832
-0.414175755551026
1.7202299478206
1.40665050095578
0.510283339464242
-0.995684269047417
-0.3683659715141
-0.698787081013258
2.20715158980118
-0.0957427292649266
-0.0423937055972318
0.629201626510304
1.07242200363857
0.833811175335641
0.518637838135182
0.782584095395842
0.818257461929183
1.30289808680352
-0.105474488269511
-0.144714959757379
-0.831095468332402
-0.699033329270848
-0.0898455918700536
-0.626183863038451
-1.19308668909081
-0.851189962075112
0.528600459715144
-0.100288883330942
-0.632651790426548
-0.0427705306747693
0.476336485897993
-0.339905874864429
-0.460776847339346
-0.51844088623827
0.323608021354733
-0.938046604639074
0.928530778677477
-0.064052252668941
-0.648266679128539
-0.83021217637529
0.66015452906316
1.08522486461947
-1.10638587069691
-2.3062419755039
0.332230362326621
-0.511092732481664
-0.549468082662457
0.925003738105254
-0.183888086042389
-0.198466490989714
1.039259857242
0.648640313165283
-0.964933476415856
-1.68697109496193
0.54684137984163
1.60472481563726
1.02413651501756
1.3846167838827
0.0487922974716209
0.382207976816393
1.40148442099123
-0.15404395836272
1.28651216459065
1.23049059456102
-0.274843136979969
-0.856849305683243
-1.47068534316663
0.667576385352897
0.358114195021519
-0.938343617030738
-1.48771553908475
-1.51539103021073
0.991205973668579
-1.03075828245303
-2.60504619776343
-0.23273890947527
-0.304104830078749
-0.871771655954401
-1.08703028888351
0.725703556737199
-0.434284475682942
-0.705772864611936
-0.312109223285914
-2.06976835563178
-0.516154163749392
-1.10574821928769
-1.45648955071335
-0.368377152486818
-0.296197859001197
-0.347308029881123
-0.461522322309872
-0.533029963526595
-0.197395188469244
-1.33247765746345
-1.78632294176698
-0.978393935892765
-0.766770945929348
-2.59164553524525
-0.853771174601733
-0.330249122065
0.288106439843793
-0.639498270109126
-0.523607350488907
-1.22490223181678
-1.2311725787393
-1.41137350362008
-0.395229277644325
1.3609040952021
-0.25419244595892
0.959234668318471
1.1281648223981
-0.724706470401768
-0.111791905148067
0.63055212230016
-0.362587351042911
-0.0845080942111447
-0.817679298674155
-0.763429878613
-0.0128351823057901
1.20475178154149
-0.813433794251002
-0.149392129300012
-0.267538333373582
-1.46207098416975
-0.971211112421281
1.02196536963867
-0.7852272735538
0.0169311369579961
0.872794612019178
0.977485584303275
0.941368502890737
0.52370947696017
-0.723251384999267
-1.58316660976835
1.65125528395835
-0.639104274871468
-0.829265323936864
-0.00961057383488216
1.6034369445567
1.32311137977989
0.504737688219777
0.27621059542021
-0.179420504569279
1.91615167393679
-1.31155020784159
1.45122289114595
0.737914698610341
1.58542630110973
-0.608802076097298
-0.224665984526585
0.53888427261404
0.264703458432786
-2.95984634660726
0.715170088788916
-0.389868057852597
-0.102652032862951
-0.0589265807418953
-0.817234247274426
0.21809619498259
-1.14509598598194
-0.408936515739756
1.45506675374406
-0.0569757982033127
0.752916892237149
1.44522600167919
1.4215705683272
1.06431607417461
2.09284945285563
0.948136022794518
0.856846711023618
0.164481791513647
1.56337172242879
-0.155358597946088
