0.491531547845901
0.566811080288515
-0.394633385429702
-0.60984853419416
-0.709904921469172
-0.576834182616985
-0.631416473078698
-0.477731748989686
0.275127885870802
-0.724019817735044
-0.531971359234173
0.0927427932064617
0.163302259161739
0.0682342526254973
0.281129202811628
0.657541312255899
0.850581095839438
0.224672892073446
-0.228575463173275
-0.475965022941144
-0.729132356975908
-0.414850599743096
-0.18981105535472
-0.310526300272625
0.547705543327894
-0.402767526925339
-0.3291676254133
-0.00937275432726211
0.233504785714817
-0.554022023076266
0.177037853323501
-0.899563304267835
-0.27178508816843
-0.547228871561788
-0.149019832457748
-0.297735977320571
0.47447200605503
-0.100511968915597
-0.771133404314584
0.00937994818340574
-1.99012565182564
-0.47216709170529
0.314547560957778
-0.790424798789039
-2.45854470267575
-1.47690675386193
-0.682253909013006
0.107828208476405
0.656937855033555
-0.559596360101305
-0.713886486160494
-0.101803019392064
-0.167008382767172
0.526285919689891
0.0940922164298273
0.204487603833906
0.297553454603711
-0.12770996177929
-0.0239051665418446
0.647469499928225
-0.428910258380621
-0.19568354277764
-1.13421449788785
-0.965556158672983
-0.721393985983486
-1.01786350555699
-0.352698324187318
-1.05220056565575
-1.08543341206518
-0.700175675876426
-1.49690464549196
-2.18808355843821
-0.205701834345637
-0.996738155781724
-0.548404399544737
-1.88954957195979
-0.499022804407668
-1.73314031732708
-2.02195250985057
-0.667783674769182
-1.34810042506534
-1.86090638399789
-1.31111789339424
-1.76311046384031
-0.951990182369898
-1.50764577624122
-2.31991619711478
0.476294721241168
-0.663848211194582
-0.973367556478472
-0.135851702012281
-0.914949079934256
-0.430128057310231
0.109984513995602
-0.494770772247436
-0.208319468311491
-0.453132825786882
-0.784392121247511
-0.974585653989993
-0.472512975356145
-0.788864216241664
-0.796950323922651
-0.557415962089772
-0.192964696819885
0.146630738360641
-0.704353671549935
-0.91048778707236
-0.221888135232515
0.286995457720088
0.532034483667614
-0.501790294202402
-0.560744710545104
-0.915263483250196
-1.02099614920334
0.266210213905917
-0.152361865853514
-0.953269834764896
-0.34327618590657
-0.582787954664349
-0.502425096691288
-0.337023786960936
0.1934625652431
-0.904067532671639
0.466259652733069
-0.764432211845909
-0.81540163556182
-1.27267882038052
-2.03233662977778
2.59628448060265
0.0568952252112642
-0.591294436791131
-0.275804038367522
1.00965877131884
0.097562481246694
1.16705606788976
0.0134898429845028
-1.75855426325433
-0.766897412759487
-0.173143920340179
0.0167489618436233
-0.99913084339563
-0.614848566888241
-1.0891406652796
0.137995242059057
0.887726338441043
1.02090160395291
1.30888433285549
1.10709738417354
0.770165754133289
0.198793488643276
-0.144623532272284
-0.201775621547384
-0.619591850766265
-1.04576159638576
0.708288357510397
0.283317361565192
-0.137039084701406
-0.0422029744937265
0.44275886794302
-0.246888762386684
-0.277433578532102
-0.321426336792112
-0.635955329338005
0.243624693717428
1.58654689122436
-0.161803834093481
1.39431927055936
1.82498932278771
-0.108677128063568
0.711453919418793
0.12932619099052
0.596697181442201
0.281730388868031
1.31311751840346
0.283725190568083
0.873338903273778
2.09167471298804
1.54518831232434
1.82322882293126
1.14973909335677
1.75519690751424
1.52638739314799
1.22839212013048
1.81137084751628
1.76243517690165
1.25754581404061
2.16552629335111
2.2645378552901
1.89073229440867
1.74099375821307
1.73271467620892
2.23176726867255
1.51955202317304
2.02666094650875
1.51627508107956
1.74706830173477
1.58574724547424
1.34463289325556
0.63264189012336
1.20913326423018
1.86635467895772
0.867791973204861
0.729302715016903
0.676111785011047
0.750398310113829
2.04370834016531
0.193259023155278
0.940295282709726
0.669867658192704
0.663823790184085
1.47530084178176
1.2102883089479
1.26670493103221
