-0.428500684653514
-0.522121626878277
1.42270418843997
1.37075263133909
0.956136334328743
0.974263809301492
1.14530947968739
1.06567967790125
0.855728628214802
0.605466437343856
1.07487962954766
-1.01242387583931
0.734943206516715
0.809262873895228
0.802705111189157
-1.28818099163252
-0.410907890058089
1.25009627867751
-1.62838399166215
0.206162776798139
0.444863324006062
1.08642911232612
0.269551900463876
0.710076075742067
-0.60691573670044
0.845480677188619
1.2061405570851
-0.201922654659713
0.421860768285819
1.32512225362845
0.537491072527737
1.37532500536684
0.357405152347262
-1.13401498720878
0.175963543136082
0.223850952819012
1.15676334082547
-0.204112497212194
0.570055456045381
0.129608147193044
0.14285886797071
0.135811250408675
-1.72370468406056
0.436835999964425
0.786684848397618
-1.02107663992261
1.3087122115428
0.650705968128301
-0.206552589704063
0.305404353099364
0.437438968102383
0.645797108096831
0.451797099357771
1.62350396268902
0.261986840530471
-0.629297119841295
0.46849129836576
0.199843557388819
0.0489965031285954
0.428782037266812
-0.925522576810442
0.0319852526614111
0.343487622662656
0.642637265338999
0.612242206421275
0.338875059748926
1.50076691425709
0.709125614242235
-0.347579910405512
0.184528254256424
-0.0543176938671302
0.58070104741226
-0.400649433021359
-0.0327873176348381
-0.943671470651391
-0.39103627342622
0.785345203603954
0.209525259583709
0.277069159096888
-1.48031899950569
-0.276075173721322
0.971626693618813
0.463722391937611
-1.61133577412846
-0.201291689416615
0.0388198206109423
-0.458151595172574
0.0261454833548321
0.0907875824270257
0.0589487982985976
0.440766675754592
0.19712314548792
-1.12147233884905
-1.80139134017547
0.496685288877315
1.63207920321869
0.478485005824293
-0.802340592444922
0.655148958713469
0.0961177450983258
1.59462631135407
1.2859482801669
1.58011936690153
-1.55550380511506
-0.364648336997592
0.623641239038544
-0.498243639151306
1.51957494128175
-0.0859771250116571
-1.08524379020848
-1.39569165072109
-1.40596034697467
0.663962050096663
-0.779479992156479
-2.72501526697683
-2.23777907284386
0.860508589634711
0.574812681103351
0.171765171322797
1.33129289260978
0.879378569097148
0.0234811516832877
-2.12791109086276
-1.17161762484686
-2.20828729369549
0.378699106289106
-0.00329430686755305
-1.60569902252543
-0.344473805733256
-1.50629400350607
-1.24566644082086
-2.05898657130682
-1.47847345227841
-2.29614163388327
-1.50655438496117
-2.27196924630465
-1.6382253682936
-3.49112482656195
0.566940795392559
-1.06403974894327
0.686239011497691
-1.8117002738501
-0.0539871671990829
-2.63064718708107
-0.096694394963537
-1.88075503497607
0.582833515988678
0.824461933571485
-0.0105415261308427
-1.63153581635511
-1.34256005763626
-0.424107854431396
0.176418909816706
-1.17776270590057
-0.458688109181601
-1.01892544109645
-0.203355949284928
-0.0168924408139805
0.0488468540161895
0.405117223848065
0.0328412629595727
0.568673435644958
-0.573084281772358
-1.75486438209831
-0.528306239186639
0.0741862663851117
-0.22745082390713
-0.733304558265063
-0.590462139162877
-0.138877235187998
-0.132759904910261
-0.0423774247649176
0.8607294409266
-0.485713609744413
-0.638862776209072
0.11568376250435
1.63839151763039
0.675241058440668
-0.0744319606644456
0.00870047083658188
0.572644206727773
0.820307712179707
0.445860751927715
-0.552788133235678
-0.065346929250073
-0.597254174326013
0.336772896298922
0.0777229204578352
0.581253465226214
-0.016609513383619
0.90447038008816
-0.13802470228784
-1.85653869651589
1.08626202130597
0.875645741487064
1.02118055398458
0.491819880810786
0.236078045418121
-0.267754628347045
0.831586218705347
-0.990995431894532
1.40966558676038
0.575924422641887
1.0380409440248
0.468820337817133
1.05587127098111
2.2649868965034
1.53158152297332
0.179634032469496
1.0398826851823
0.995895127133591
0.470852594060204
0.809970546508518
