0.141554289360211
0.080976815024955
0.558390029492532
1.25364569438501
0.371663340016847
1.61882706982239
0.883392601566756
0.943881096634989
2.03361941826053
-0.52575005690961
0.623954114886009
-0.0786350833632631
0.788335942823727
0.695345523893261
0.642380357989547
-0.406385033836535
0.941012474776836
0.94238238070372
-0.505683673828168
1.07316239902139
0.489828296786879
1.11703978744237
0.446465511848101
1.37664573863812
0.83977962401511
0.518540220894884
0.374852992276146
0.810301057085978
0.610846337750375
0.938455445448481
2.24216733572235
1.14149541796527
2.07164185542543
0.878658106707843
2.32591399504129
0.86365911502726
2.00415339093095
0.870145478585238
2.02920204231841
0.56828367461544
-1.3403758452306
-0.39219702134008
0.0961922172994195
0.667526161167998
-0.591577341102288
0.273283998797738
1.085915038929
0.930316190245332
-0.00941450902654924
0.760209822540959
0.562359659017295
0.964336306710878
1.67114151164058
2.07639248227034
0.992467156965749
0.196080973630424
-0.222933279555699
-0.50571467928428
0.483485900009946
1.04711198431707
1.16298312012135
0.789223716279349
-0.209369872358079
0.607900793401157
0.975946105021213
1.19690050903723
0.599523836514784
0.14605451917675
0.149436651192784
0.342726160605469
-0.412379596766473
-0.614707092608996
0.427049411575706
-0.603770290838369
-0.974870026996095
-0.16994142947729
-0.161043010094629
-0.644744291396612
-0.364878321570103
-0.428698719283732
-1.06601111480026
-1.14691901575268
-0.0613182959093144
-1.47229325769341
0.062035800683501
-0.58694182947218
-1.33589509786599
0.576108878089567
-0.37682035569111
-0.297153534936663
-0.483883219879403
-0.572851080344342
-2.01648698374983
-2.56465686182172
-0.184774835699495
0.162050435123778
-0.415919916884783
0.687588489223159
-0.0514394936729613
-0.0731677937193472
-0.844020142918089
-1.6205390904348
-1.03167745087161
-1.02462632157703
0.27257392090164
-0.688375563831006
-0.732797473947352
-0.713032143389516
-1.62672610916138
-2.53512784675861
-1.22831462114383
-1.81663610130033
-0.739591094545195
-0.755636785295123
-1.3552935394263
-1.19234024757191
-1.00057308393032
-1.13303283883645
-0.1892217188012
-0.324849522477535
-0.703757222871934
-0.602024313402907
0.724846505818903
-1.1706138632372
-0.587178505706965
-0.598793005031189
-0.391028831400414
-2.90093061583544
-0.334389884547257
-0.678368608037543
0.293691845296997
-0.382459734607543
0.305226851502095
-2.01559124070532
-0.522514289344533
-3.09086949955862
0.187539419015399
-2.56904345642054
-0.496347772765214
0.0924816970615399
0.0025633758466394
0.784547056004391
-0.0717892019894564
-0.716841060381533
-0.300662260053881
0.114761659641153
0.768006519837462
0.599585424444617
-0.290686935841291
-0.546563079491452
-0.573105068222956
0.210970099123093
0.977570866589098
0.858773529330735
0.572612304039402
-0.0861643380213201
0.538270744422319
-0.0563420110498014
0.675814994089108
0.926847233480361
-0.434097106774342
-0.860068368549624
0.475919503096787
-1.69216134914106
-0.323522880292751
-0.912734438687917
-0.0148809231147662
1.50646151275873
-1.62793424003941
1.02595183092202
0.501978637715602
-1.49369427431624
-1.37618924999793
0.46480754322135
0.277103468437227
0.411507553707031
0.898836856388146
-0.657520306548944
1.21911918178329
0.312741061822504
0.927635449403056
0.706003577349952
0.319024744492779
0.562280837095622
0.0955885266583761
1.32069353738667
1.75879512702114
1.30011537509831
0.342164445895824
-0.525379560318077
0.282495479835934
-0.0447565764807226
-2.9548122151091
0.968936860435937
-0.945999359249092
-0.463632068860673
-0.100767515686424
0.58131200593478
-2.13239232275087
-0.301097994779666
-0.616307525129419
0.248287365123999
0.480408899347406
-0.180062916480799
-0.962772050237345
0.820574526730253
-1.23799476210219
-0.226059932734311
0.499183631222742
-0.811452559456501
-1.08795789403955
1.26962046448306
-0.194852104206062
