0.123415662582601
-1.09995044466602
0.738920284635004
0.85463965392981
0.434458432605691
0.621870860019825
0.284942874342652
0.524743256835784
-0.199149673040852
-0.0235007358145861
0.380964414396679
1.23040388699347
0.29945668395425
0.30641689280503
0.372552259985103
1.3235408970083
0.652990398355429
0.472872640770105
1.27991662022282
0.401643865789679
-0.524902269918087
-1.34744912015775
-1.05798543324368
-0.0613440183409471
0.543042925336096
0.0116933449010674
-0.260650805519605
0.500745990840798
0.157396720625551
0.323939706476481
0.422006436466939
0.592755910063647
0.235501776966389
0.781686695414557
0.403247560585107
-0.50588833787889
-0.870108324734611
-0.812141785747474
-0.724993184293572
0.796961774858851
0.498396470131243
0.347460105113917
1.19624189984468
-1.25361084910075
1.24289029339854
0.6994315497687
0.833488073605722
0.313904669974891
1.00866849355283
-0.641496664614493
-2.00660036696581
-1.18243276190031
-1.54648917372752
0.672469411699758
-0.425323569127066
0.182346552739713
-0.203857339956433
0.0243486379999908
-0.572160815504648
0.771780175639674
1.1089364732689
1.36616500081405
-0.492681997761035
0.233031207804042
1.10117888492498
0.269236523291067
1.17389052000236
1.24156502313559
0.720337863190231
1.30078593159958
-0.486054504042552
0.974713154167907
0.959174257960143
0.200824657260772
0.791699479346864
1.25834561063316
0.77186725221011
-0.22114968278084
0.175386150128839
1.18102115945476
-2.06417044961165
-1.64970167104747
0.879340921757243
0.846751707702897
0.616610926017889
0.251720550386189
-0.921420553212875
-0.278114685029514
0.63003022941428
0.902307266293692
0.601743251103833
0.401887533747424
0.719448130747709
1.16749993063696
0.107741082340672
-0.479986731694457
0.0969579335435016
0.281402116919304
0.118156439100647
0.730749974105911
0.347013542924675
0.459964039472008
0.369786254521148
-2.48865471157716
0.640645930365227
0.33858606042685
0.0161415795042449
0.0577201058301219
0.961839446063542
1.63815062830325
1.30869449215916
0.837287559101953
-0.190125227640733
0.618848032786123
0.674392361416805
0.562392256414271
0.428441306426144
0.090728197378459
0.436240627683539
-0.605268422324583
-0.254497569798019
-0.299261499007361
1.19736608789544
0.860110638835228
1.12566316392163
0.564167767070939
0.721831874633729
1.07908929674993
0.902892855774515
1.3152779335547
0.791025766341414
1.12915678846145
1.56582571305135
1.27749640937661
1.3209145288548
1.59392234082042
-1.43236453456072
0.948556762324444
0.11665985617418
0.920099949301567
-1.15001251000865
0.444673142398448
0.0473219627744505
-0.135953409668015
0.517632029727222
0.759637065069061
0.724248788388171
0.503132162173252
0.141444675814148
0.496776794813448
-0.0328087187222154
-0.095344520831095
-0.233658946369373
1.25276029878356
0.87071463568567
0.631572038449903
-0.660227185644235
0.17328852210606
0.487417982630647
-0.0984911993248118
0.410026088068325
-0.911297912611306
0.765746822314213
0.467434945158321
0.00880296134705711
-0.0829973619995598
0.189819104782109
0.959182314328351
-3.39934581425753
-1.00926974843518
-0.560887151298551
-2.17894382466604
-1.52283968018011
-0.371047193528973
-1.22965714209172
-2.12320737383257
-1.16799802140904
-1.08114852775984
-1.47622572624007
-0.731174988998626
-0.550615412215113
-2.41539700363474
-2.16137886176446
-0.763180058059723
0.0147233292771393
-1.14995452181698
-0.5153914071563
-0.362276777664862
-0.518408789003081
-0.655546634381238
-2.16671951041529
-0.0984162306422008
-1.20352680365819
-1.80381760340605
-1.43001859503446
-1.68051144573579
-2.12601103102766
-2.13280487551223
-3.04477320086634
-2.35170132281391
-1.23790261824049
0.316735522625817
-0.0595114403807284
-0.151933121739117
-0.0690955979269252
-1.6362778613094
-0.47953299579183
0.675208244281301
-1.61061172256625
0.497128142148122
-1.10099194325952
-1.52884908411829
-2.17583828895269
