1.57199762897227
1.49539079018426
1.30329598389296
0.918951948911261
1.38537313577677
1.61069271437283
1.56700821650935
1.53195548785524
1.50903542757183
1.30770188856087
1.31277922555511
1.78866014266072
1.42800558990515
1.43003238726738
1.1531055549867
1.42893579453249
1.13265142307548
1.38288151453279
1.55202096421849
1.75378383931303
1.42663269293267
1.59228912158306
1.71360627397142
1.23952481673713
1.45098570290797
1.36355051733879
1.06568986185374
1.57648390134232
1.24787447416657
1.14551806617808
1.759576448708
1.29813714255736
1.75998449168461
1.87832562917501
1.78843805064708
1.45352373585901
1.44625865392793
1.33975294154999
1.30062333973807
0.167828390495819
-0.372464762422169
0.583932251822064
1.73307396063102
0.797990025172035
0.189822841209893
-0.148575013725301
0.260505506485623
0.779554259905579
0.952815611218764
0.769520903107079
0.217127258565746
0.497315179857959
0.125746960945856
1.27743832767105
0.908698187183295
0.881466485230169
1.41149439333057
1.08292102075696
1.83910590878414
1.78567776010659
1.17558347009034
0.848144209651017
0.546928748584395
0.534182428637841
0.677019594098574
1.16224941291894
1.67359361339669
0.0633698430849943
-0.363263548449516
-0.132972923583849
-0.342822296730503
0.261973989325548
-0.110592776648071
0.200193232421481
-0.071403981727998
0.182051376314151
0.0246135772312737
-0.1045298588625
-0.574529721449062
-0.407190620679369
-0.972357389569735
-1.18471638787871
0.328961225524291
-0.64940275818003
-0.0375384118922195
-0.345621242903703
-0.815920470275651
-0.389409659587813
-0.826599210681222
-0.826817270332108
-0.858987005643957
-1.13754235848441
-1.28529224458225
-1.31030379054451
-0.642239098882982
-0.190441843267177
-0.508253785560942
-1.29257358665711
-0.442952873908503
-1.19592325265841
-0.918906485082353
-1.04093479396043
-0.906474831074852
-0.695364543636923
-0.979791603088004
-0.788584050718945
-1.20700204302883
-1.08161905152739
-1.11950955747937
-1.01625799117611
-0.762628170423206
-1.15771801380696
-0.99459017902762
-1.20807431074749
-1.45818293519334
-1.81561667166379
-0.885104510445779
-1.10580803807628
-1.29401365478122
-0.893017473339975
-0.818085092243858
-1.60599150345199
-0.0850582707620417
0.0179463344982222
-0.929873959896556
-0.368623916837925
-0.116639838963727
-0.123344690559743
-0.172133176990502
0.0317585092679752
-0.135221973563276
-0.51361383359107
0.513675193486509
0.0234676752164951
1.23812078642893
0.0445635611855642
0.53441044559461
0.330436955409322
-0.72561117317949
-0.694934363572646
-0.466213262883973
-0.617160746105539
-0.490969018747421
-1.74029716602511
-1.43346932541113
-1.26976508048687
0.0899344936778111
0.838501502007229
0.0472940319752064
-1.03792533503311
-0.037717878454002
-1.33916160878615
0.221046760535972
-0.529010778923332
-1.00643369551377
-1.40563043476121
-1.39750266296876
-0.71385365190871
-0.70703157639875
0.990893597468569
-1.524933046775
-1.00450854335254
-1.18162009115614
-0.997687064468684
-1.19845337274707
-0.383043900539855
-1.05935794647897
-1.22976164485625
-0.273974903824346
-1.22413735611724
-1.05295414074277
-0.661458405557977
-0.386620729180044
-1.23504558173809
-0.635169234757198
-1.20307152362544
0.399020917654581
-0.0409746112877085
-0.863515486845495
0.294999202397123
-0.027027720029887
-1.42367954830898
0.46060370422137
-0.0279804218157248
0.95099025020412
0.288240561279022
-1.18597183392631
-0.0544088079092111
-0.467098310503491
-0.764996059615803
0.175492432529312
-0.341087960620868
-1.10974071446612
-0.832223819462669
0.98146688335606
0.430626939799167
-0.569708475471835
-1.26187171739936
-0.391230735031312
-0.432725161809683
-0.0296056951257021
0.768765652886607
-1.64589154274549
-0.567557007470795
-0.0881937365148464
-0.809092152594158
0.144985692874094
0.429178699555005
-0.339085800944086
-0.0675986135063161
-0.328289097966948
-1.19562563115805
-1.12966704026465
