0.825590289267352
0.751153268903377
2.10206920630089
-1.09677092133679
-0.20294548269104
-0.866662640781304
-0.817097152414689
-0.84555651819493
-0.404295810880608
1.79734307291144
-0.348073457272365
1.86783913039855
0.0179821947452254
0.975290210699674
3.05966786354301
2.65371797787795
2.7191458305619
0.297388054730439
1.49788762818174
-0.7105131342992
0.483164282827115
0.737906008204763
0.418266241905851
-0.344856388161434
-0.243028617643791
-0.258302087486326
-0.406708124828469
0.569858622183845
-0.134457796318056
-0.630670046639059
-0.636318420338704
-1.08268426353286
-0.285107355628389
-0.60512658963016
-0.974345995496357
-0.280858010098453
-0.838115511089765
0.187973632717615
1.02178958820238
1.99636238939737
1.22750045018294
-0.732085362947028
3.1046824522173
-0.0778451201944104
2.31798134037475
-0.910466911816839
0.490087734664574
-0.917645439343472
3.05342995032329
-0.958171575955164
-0.407754936429803
0.142665769606443
0.164122304276771
-0.665095849435388
-0.195169348516877
0.382231219124793
0.363518760228906
0.115835642320653
-0.299771287807525
-0.825952707988037
-1.15479559223784
-0.0811796905634697
-0.724007142417682
-0.819624122266353
-0.436804083197622
-0.562883878673196
-1.13429126210831
-0.209744836032676
-0.519031894462249
-1.06079290009955
-0.278694468167192
-0.79298521803161
-0.204160152145264
1.5446349633956
1.85431716371633
0.374097391634474
-0.228906830212272
0.035233526859845
0.660869577795757
-0.304735206682401
-1.08425842883747
-1.50763919446757
-1.23849280691196
-0.291742881488257
0.813822981713549
-0.551737769452758
-0.660395354539404
1.4771215271453
-0.801085279104629
-1.31913216728532
-0.772883882278448
-0.216668077936433
-1.48553580408899
-1.41540050111363
-0.892698813319689
0.0839732321106482
1.45392079436486
0.105884110366538
-0.227656849663268
-0.684181150804039
0.566731696291633
-0.624998616973544
-0.570085182447047
1.19819737926763
-1.18066708735194
-0.727795055205694
-0.0241841187852479
-0.633429536912736
-0.872528607132426
-0.308517547811784
0.424732804399063
-1.29710552510785
-0.904680796379129
-0.614573215506368
-1.58642846680258
-1.50400446163598
-1.17340740430646
-1.20317907659946
-0.90259813713437
-0.734598998017514
-0.942548536890609
-1.58657190715269
-1.00371958041907
1.1047734924747
-0.799407419064328
-0.685174840936187
-1.02723064289157
-0.696816948011165
0.0481874815968912
-1.28220737867342
-1.03019918392114
-1.11418546969608
-1.59055836415188
-1.14776289488174
-0.985177862290584
-1.50023407231068
-1.07510650115683
-0.94879741529442
-1.01954457693481
-0.427971344928729
0.121145876492854
0.599975428279875
-0.609844619437075
-0.16369526429733
0.417183295040717
-0.308995247024709
1.12272425288898
1.6895807337071
0.591353283622214
1.3430320021831
-1.47765571513882
-0.420776652403129
-0.359928775762314
-0.369207361679397
-0.531818880317333
0.201389734124618
-0.639562532559636
-0.695524153379399
-0.147897089854527
1.51496039974703
-1.10616128077672
-0.298512289780846
-0.674734340790611
0.483168182088972
0.454751425315778
0.795863133728677
0.448943854243181
1.05887829417255
1.22265014336672
-0.284082886673443
-0.000817612490409936
0.410617867244017
0.727262122118756
-0.443262805153206
-0.191349155305402
-0.0395752576787979
0.932786065872149
1.10662086758772
1.33771830808283
2.32745995137605
0.403575144152806
1.26330819003771
1.58573982256333
2.34729178802325
-0.425536573406035
-0.345224799171653
0.72787357462974
0.348558339347131
1.05772258875139
-0.496072659827337
1.41672262494096
-0.126742234810165
0.859993158037355
0.535827543645083
-0.288265019263098
-0.00796493824324816
1.26083471617629
0.321302837988411
-0.0705367437378562
0.200850375799695
-0.0384710450429376
1.03714198709991
0.620817693032462
0.916649193679762
0.726344760829183
1.49918812619894
0.531966957117605
0.726694232594519
-0.114360292360487
0.664611311752972
-0.929374739315757
0.286165590322699
-0.339648174834214
