0.135782892983517
0.337021335121541
1.42894233107145
1.37791961527816
1.42888795600708
0.790346514603749
0.197894775730978
0.829876558002605
0.850870223511356
-0.625651144069778
1.30411147200936
0.955868635498105
0.912536300594664
0.647085674242236
0.885442568451548
1.17550863666186
1.40023333582195
0.991247676642079
0.336968143925168
0.697066697947243
0.332922703032737
0.458181572885435
0.426619444256389
1.1406551005792
0.455746475490035
1.33752791921449
1.04761658091336
0.53049393673294
0.984454841063598
1.09498458136308
1.34123130498878
1.29294514589665
1.32438699136942
0.537889154668012
1.47146138735389
0.599972840968907
1.28035075629356
0.200518704000154
0.977932454035835
0.716231780334132
-0.631867175633725
-0.948983996988651
0.930719320854137
0.182409117031003
0.94596440064269
-1.79648645432744
0.981900693585031
0.225616576827848
0.923152657465595
0.269785294318027
0.188691939525639
0.841061243985699
0.685794856260038
1.18445943919602
-0.0157595799872199
0.952399642410093
0.544659516059045
1.16922132853528
0.305236024289258
0.935465238727188
1.00204893157828
1.21513283597705
1.00763388329919
1.02325761521811
0.927684261148717
0.780804396282054
1.46595635155304
1.11227547287855
1.07166620462698
1.21678332937663
0.614388976588471
0.418360576479166
1.21775950237781
-0.0339091721704755
0.630244461200987
1.0407804898698
1.16164624353163
0.394416867448496
-0.442588970409663
-0.011578340600962
-1.26230654094694
-2.16181167655091
0.703399248477352
-0.138445613309922
0.880832200701956
0.271935713496816
-0.735636159223035
-0.346248951282066
-1.16712189451881
-1.37714781886062
-0.455873852230291
-1.23547762304209
0.451623739338821
0.642765262985807
0.409611056841631
1.07137852219563
0.369928375781883
0.0870451693757655
0.212449371758903
-0.390610039396321
0.0724610734856592
0.332403299359313
0.0250669830736654
-0.799171901271399
0.186730046181267
-0.875616036210746
-0.0894486440911293
0.237015840380126
-0.572577706377726
0.971873945993023
0.634871360217323
0.550130869631845
-0.495944112482268
-0.988167629393809
0.71895416642074
0.247642497503045
0.0940196722391835
-0.401016357200627
-0.197975810000743
0.0118907681084242
-0.37747166891807
-0.395094713127656
0.586056063584855
-4.15263648264459
-0.275991889680488
-0.0767186982797683
0.364072883187822
0.437666876822441
0.318062365775283
0.172127601465602
0.000853847882829928
0.436344473000835
1.25710253246293
-0.16909537548763
-3.16294455416346
-0.853997545031618
-2.40053717365997
-2.50429669998944
0.171521648818314
0.539400575762248
-3.25698188940067
-1.51217564390015
0.019720567613674
-1.27085377308202
-0.466909828729708
0.546093211823628
0.700217175565827
0.14192723921197
0.0198246214433945
0.022305921797158
0.0952793504911572
-0.321491485138541
-0.0063079041381554
0.465601504586948
0.135654447350887
-1.46391386450782
-0.792520837864356
-0.589594488011884
0.425704406474851
0.0760193758287678
-0.477581575941276
-0.792382439100419
-0.0698840706569772
-0.0395345275335318
0.322503220676153
-1.08406982662522
-0.275711543090396
0.392487428557743
-2.28288322228193
-0.468832735293237
-0.706328851487448
-0.567311576627095
-2.83331086045811
-0.432918492151393
0.423447775339496
-0.866896167629523
-0.122915340624057
-0.0510015476524577
-0.840935858183438
-2.94207944362539
-0.352323869184776
-1.28699047345
-1.67899965244037
-1.73790867010418
0.35358188275884
-0.751943156204948
-0.180937793507482
-0.316669435180009
-0.332387867341678
-2.31158794384906
-1.70601192741011
-1.51189563474659
-0.826993065940036
-0.409749122149399
0.264729499754577
-0.453608587851656
-0.238083343960425
-0.827673573526175
-0.928275420758188
-1.50013469486426
-1.44940912374009
0.38166881735391
0.0405593341286745
-0.143384128900237
0.0334229041262524
-0.193438382380229
-0.302385245411522
0.0530162318550928
0.306298134188474
0.224025887250196
-0.903540063249241
-1.78514475888975
-1.48342796884614
