0.21628435314159
-0.570929337107883
0.536321382340072
0.699019918080814
0.56932659950558
0.484402017493638
0.961807523612684
0.962805881331979
0.881657983111136
1.37176721181734
0.529827600328678
-0.974883195653738
0.51059697257347
0.333268514709768
0.937335806454535
0.0290564377217757
1.0822328168901
1.04508344901647
-0.251315059692566
0.658051445903004
0.641383393331108
0.629929442504769
0.263194834063486
0.417388178442321
0.539020677790125
0.598041715817932
0.635154730354274
0.226852101609867
-0.279723568587931
0.312907533687439
0.694368518496582
0.485227268933756
0.759157657661917
0.418452134394963
0.465893556064436
0.323746383618773
0.724784314390077
0.294691730024413
2.11938391023238
0.862145301958993
-0.351046472555906
0.129153281312589
-0.845588428572674
1.72683862632347
-1.05012665374123
1.25295473390799
0.852016205419979
0.433970575373964
0.14717861474897
0.229445926381748
-0.240283223130438
0.111600332460752
0.704470416077563
1.08683370028109
0.733742398427922
0.0645977858104657
0.201389967573996
-0.533579846202333
0.0785359046572065
0.335282005613447
0.42805655455371
-0.0607035008015171
0.490703187387111
0.61518367585965
-0.134899525488885
-0.109149307205265
-0.308013992684092
-1.11070953796112
0.523282714497927
-0.0313605066368896
0.0357607226213713
-1.66187109962416
0.3115684018063
0.0290391680551864
-0.191339727576024
-1.31859095295367
-0.723710590170591
0.206203853877894
-0.969747179370438
-0.785782310775261
-0.708648763274141
-2.22153564323613
0.561445608251504
-1.65595183516573
-0.746494508796526
0.345847826709099
-1.09062899048571
0.369759922810237
-1.26833183521584
-1.30121285132109
0.423052692795548
-0.528208867081728
-1.08953002428788
-1.87431505635003
0.253002423621308
-0.959581061003029
-0.708755941777511
0.497629582260091
0.461108507401206
-0.0207510794671806
0.184167502735765
-2.07819439039545
-0.047568186342515
-0.220213596442029
-0.269552984220154
0.703439081865731
-1.3352280652124
-0.717317560617564
-1.93058247415917
-2.22037439173402
-2.32030480470477
-2.51448233187512
-0.464135347645519
-1.08395601373793
-2.54560394410094
-0.494232143323234
0.103121157633185
0.363182014920423
-0.849300407909048
-0.287387260919403
0.260055180981218
0.0262592416711768
-1.73224564637002
-1.21748394982268
-2.0972076470763
0.237511360523174
0.455485704702458
-1.44382488082711
-1.22911789803125
-1.89251896354379
-1.9041081682995
-1.55839123624098
-0.857763109397975
-2.24342203975754
-1.70693507566714
-2.97163613529854
-1.17260435263502
-1.20389920873498
0.729613724488185
-1.29637242469777
0.617322376732659
-1.46806815510703
0.245989220619441
-1.35786640352059
-0.562472907348397
-2.36122186719721
-0.140718707640198
0.596073101222702
-0.16044554082585
-0.333977507349494
0.642266213676139
0.0125624180383834
0.942886599786913
-0.337592685760126
-0.235027547464925
0.0902995691022287
0.34016964415054
0.423960067265997
0.00275379852189599
0.453901858049326
0.565329487551551
0.794424595988348
-0.413948326563606
-1.37645820205608
0.333487635554337
-0.520489084008898
-0.0996653934567546
0.392715830629329
-0.209649504311811
0.707376708870671
0.546912477724487
-1.06724366273986
0.710076095880566
0.986568925544654
0.579874108612632
1.09645609404884
2.31028289228047
0.102366334172273
1.30495999998073
1.03647206823103
1.20299240207932
1.29292120274062
1.21977214812864
1.66351643909034
1.28453545221483
1.46634803699164
1.15968840956814
1.18892270247474
1.38755759083934
0.0989969184209992
1.37149121142701
0.478133597470927
-1.76547321625263
1.00106963446616
0.47011114588706
0.0161237038225665
-0.128833532187325
0.64392591274477
-0.49478540280846
0.810407576692823
0.0569484621890449
1.32540896204163
0.385001835458363
0.541535643783879
1.55861628552473
0.986333608084757
2.07890851206346
1.17893291584117
0.605889213917809
0.53220502207928
-0.61292743521206
1.2037796691196
1.26150827429571
