0.932821765801543
0.474018889205061
0.814709047474913
1.89032695642217
0.562026042561036
1.29485675002954
1.5064241916036
1.63819590831383
1.71874962990404
0.573950019069772
1.3172810134098
0.416209602922024
0.235677866498781
0.379312175942678
0.0210912383604932
0.701519594078739
0.30636477613736
1.85668238132637
0.717123958163104
0.941017788998921
-0.0928614580614959
0.338365816683351
0.734033312060453
0.965571672601863
0.0687342772614144
0.725627630468258
1.19187298188071
0.245513331490063
0.205679465949036
1.30354719373889
1.69216371160792
1.77724573037658
1.23453161351093
0.203543328277867
1.35710574055608
0.463525596485659
0.915669607999089
0.0891889395691569
0.719513140775324
0.753408418576403
-0.66718087893678
-1.26522901240513
0.504851124909496
0.627688938856697
0.513382893580877
-0.941722828242649
1.14257056709336
1.19205218910434
0.584071755121029
0.293756068298836
0.0716534951919117
-0.677632987867554
-0.643971862556523
1.70717200503376
0.709897945595362
-1.32023476841183
-1.3887343096053
-1.39710472773346
-0.825267692614593
0.406567096216379
-0.808878675490053
-1.36764795078732
0.896011852951638
0.923540753694228
0.512125176051607
0.736088836201748
-0.526725466758945
0.468436247851352
-0.0317761592577574
-1.09050501010207
-0.539310647353164
-0.0165915047924955
-1.40748583399578
0.225265545321017
0.0655816082630946
0.191245766586428
-0.0665381623589918
0.248144096265873
-0.30471812209483
-0.518379154812689
-0.539484709253619
-0.198764277331985
-0.103289185573344
-0.990649788126696
0.324114535449787
0.109645826556862
-0.413215878400909
-0.718535526657277
0.260005606928453
0.142311418128733
-1.03317557909753
-1.61886105759631
-0.458968779034641
-0.586841853171422
-1.47278822417475
-0.361121212869893
-1.38294246608524
0.702878358806984
-1.63379218315246
0.725658750360787
-1.51003001802386
-1.36457754178471
-1.2824380805268
-0.408069620081461
0.728759043331704
-1.06360828353761
-2.61210864105676
-1.08315307564835
0.184454950306264
-0.641161714840478
-0.492758333512369
-0.442145159505288
-0.726930327518829
0.889887829456398
-0.66669639121878
0.935407359461598
-0.922822762121008
-0.541008122016361
0.0489366991779227
-0.508016416174502
-1.17192836534678
0.196822815337809
1.01640042781552
0.175000520099249
0.691281272611076
-0.00380384923620829
0.384844184018599
-0.227173455816784
0.79821175114041
1.22077423162912
0.440708282887261
0.523186459655895
1.3606551894106
-0.398503383234636
0.783116682584658
-0.526680416740456
0.981126344413303
-0.108044671694125
-1.43595185396652
1.05832554954519
0.342956299439214
1.25084375359217
-0.502685654232748
0.939959788571708
-0.716154385912108
0.100463960736278
1.1365901738286
1.25043324423225
1.07046869812353
0.698540948225467
0.906996766352957
0.275156306400267
0.327854681582429
0.693057321818723
0.740456702021447
-1.38681752645758
0.931040700142113
-0.876211377415054
0.455546706516922
0.740412400491875
-0.510793852381501
-0.514992454526234
0.909259238268024
0.615041713464325
0.201118863572326
-1.02498785091612
-1.68952832254454
0.665065326278581
0.302911503804947
0.793261008567663
0.648749856437802
-1.26323034859702
-1.15158026398716
-2.25163653211327
1.0062140578211
-2.14504740129358
-2.04384076106623
-0.492803051404486
0.771105943090252
-0.341175188079334
-1.45826240773119
-2.37356155934324
-2.8698854806117
0.570685148114086
-2.19841498997377
0.172077809518713
0.186484621319271
0.196124444615596
-1.93510055838702
0.464947660820055
-2.25286025363837
0.55413201860646
0.710561449399217
-1.86621101654228
0.124215173981866
-0.317317342909462
-1.96632328821615
-2.08173322880409
-1.23770176744088
-2.17622093941756
0.54558608116204
0.847335633391711
0.507683017255276
0.628263722838847
0.165319307334105
0.375991142189394
2.10537206383214
-0.130281759343484
0.348152955038468
0.353826790506816
0.110159137878571
-0.417180555387431
-0.985164761537907
