-0.019320214377101
0.0487837298470168
-0.821510731427346
-1.8417978134602
-1.85226841471981
-0.134371353357247
-0.299547767797204
-0.513943271162427
0.568440747680656
1.48478322825461
-1.33498447500854
0.0544100898820563
-0.364169122880309
-0.199175697368919
-0.465122222765267
0.0694828637992044
-0.23676922199499
0.070091547845197
-0.181395583544052
-0.438652576365923
-0.0152091023455702
0.201507438177665
0.529291745844933
-1.16807111652616
-0.439155260292263
-0.777542236969297
-0.946497651584091
-0.279365131964895
-0.572591389425423
-1.35051295855875
0.14460624931372
-1.32967383099337
0.677249842432355
0.477795108854274
0.0874317862149159
0.209798419580875
0.709275729867532
-0.227127001314476
2.15818358032954
-0.713201982504501
-1.75080583567676
0.0260629252502475
0.323335106840493
1.38173510527628
-0.878853838998313
-1.868758298048
-1.35755081021064
0.928733521286493
-0.0541235177883745
0.0613006703308046
0.0806856928513113
1.58114747660113
1.73375021946025
0.253858991902766
-0.443160650528299
0.428279295539269
0.0527540126015131
0.0536356683265499
1.00475440600431
0.640380777285653
-0.0151646505911825
0.0140281013674557
-2.93618500801277
-1.61041936023785
-0.243505598581545
0.5004157860469
1.75719916658109
-0.248698793522475
-2.09118126488278
-0.468877873947844
-1.47339501310434
-0.621658644782928
-0.517538749819003
0.846241170960571
-0.245634274610701
0.363709954021339
-0.0720897687226714
-1.53728480509609
0.293421321754016
-0.0952959739910415
-0.518827819349974
-0.594610166380034
0.0168945630528047
0.506685283229506
-0.164544723439123
-0.552749599658276
0.342726909019283
0.212561496905451
-3.12570288577002
-1.2051718556733
-1.99209417425981
-2.13991211876686
-2.57771971380352
-1.65041597484604
-1.28263605356961
-1.07490692946849
0.470331102457369
0.140580149878935
-1.0931942417325
-2.38687844970364
-0.32342888308168
-0.583539202544088
-0.529144909850231
1.64305181785414
-1.05883635341734
-2.43420144030957
-0.00281757659293461
0.703435348510699
-2.23984603729387
-0.923293427999882
0.00751333877086367
-2.28163846240576
-0.406763821144476
-1.543013130766
-0.347190489422504
0.0692605089667649
0.30486447270068
-1.63593797118639
-0.571178082325323
-1.95399465723042
-2.93741689327083
-2.30328849882549
0.308631494584516
1.0957072451599
1.07815764914609
0.232288251659828
-0.289677597819771
-0.439261479614605
0.851922057959094
-0.03198673816229
-0.125003957934469
0.73268324216174
0.384338073340439
0.767384211332883
1.32303547023121
0.63738775244862
-0.699465650231973
0.531760341588252
0.00651481985778329
0.9072695656108
0.143277087763121
1.15157664810585
0.392098248439515
-0.678846153674587
0.661635002872948
1.56516976305266
0.468621283361071
-0.0104979521646186
0.208918786569273
0.86242163751392
0.456249100741796
0.200505747684151
0.348061780233962
0.620650445937705
0.628547011951282
0.944011144174497
0.758928569285083
0.0152025538724271
0.138693377204718
0.541648514582075
0.410423927120168
0.114520050916661
0.280899216078416
1.05116941052527
1.4164385406441
0.515026210435413
1.16977991989514
1.21487466293536
-0.136865512977556
0.561546364656489
0.557882771651907
0.401900215877221
0.522416646969025
1.25480073085514
0.928147233662136
0.958838135833775
1.03500343471123
0.137278233582525
0.766631093855322
-0.465316282887652
0.779333746063484
0.967922020714299
0.365561197393986
0.676082712097935
0.418403363546358
0.207275620071028
1.40982233204864
1.41070266306782
0.930898813638994
0.0951381916285449
0.793138606511658
1.13884875037194
0.829936995399553
1.10277833091561
0.134821921697399
1.11666369382561
0.87441939310661
0.94065300937688
-0.750639421215689
0.439522675298546
0.943429957535447
0.794447022628785
-0.0551408174263519
0.397166312913309
1.34527524422378
1.27363352977364
1.09920670277509
0.414166105512878
0.541709129927877
0.59235728164547
0.770425351588267
1.044431785309
0.826242359258907
