-0.908726695214992
-0.886111499707486
0.679566043604475
0.245954059474933
0.763190386194323
-0.232912501335929
0.0905600853837578
0.342597882668953
-0.584609406568383
-1.64196852004839
1.01814577491895
-0.112488464057047
-0.366797323672784
-0.87037143049237
0.174907619136135
-1.31048262458889
-0.708817311689778
0.0364990163282725
-0.884461808278389
-0.904463381136511
-1.29701422419964
-0.535062531913552
-0.252604672706531
-0.4125759403293
-1.2072738739611
-0.203033090204694
-0.000657218359800617
-1.02874280902911
-1.01843551758319
0.207412108215834
-0.124216175028362
0.278556294133823
-0.732228635239333
-1.41142228345603
-0.626301834821928
-1.53622168433474
-1.2411392580546
-1.16925495306085
-1.7256736958888
-0.223712431870241
-0.488021711484586
-0.848315273202304
1.01223816086469
-1.92702445499538
-1.086936320081
-2.07173756107653
-0.499282807893527
-1.38896022080915
1.34839694992721
0.463244613335629
0.0745943004026405
1.01657882672616
1.42197860280869
-1.00876459299077
-1.86757844945038
-0.587649458546886
0.0129279112419368
0.119696659817255
1.43719511828218
0.997740200313983
-0.424992352237107
0.0242178326428199
0.450160586596905
-0.00578296685157394
-0.513584574257401
-0.706612462476631
1.11985868000154
-0.35558995029908
0.893660270494008
0.422245816042955
-0.515637256021644
0.282294879308218
-0.261302362582071
1.28307479364414
1.82142760004841
0.863270951369685
7.37912740800031e-05
0.917862443130917
0.071401753517452
1.10171705256149
-0.221298965335664
-0.463686181499733
0.152636802689619
1.32540362569185
0.646431664974583
0.573236121002511
-0.295869569617192
-1.77344552793438
-2.44408704082968
-0.472165092238711
-0.430266138946657
-1.599651778316
-2.29078805288398
-1.44140982777417
-0.448180109053737
0.55599779472392
0.403127236353889
1.16276741526984
0.273022695281354
-1.83148247287015
0.675850713048407
-0.98721683212269
0.656227483852315
2.86084388641144
-0.640092760543712
-1.83040212941345
-0.511818718837569
0.916189639093212
-0.659315100843963
-0.0805600946060924
0.328371228414234
-2.74130968158771
1.21492735748449
-0.779094146129085
0.106063228148117
0.606447955649694
-0.209890724016864
-1.55858987437411
0.160032556539446
0.0765323525525947
-1.43527222693086
-0.768900150570616
0.668819846597356
1.20006645904625
0.553196196117182
0.301517978471631
0.803760989210741
1.19056933985691
-0.555891822037542
0.873754629078142
1.2457909703088
0.545742742901816
-0.511910272474346
0.867032450371059
-1.30688306018273
1.07154340165072
-0.124803587631309
0.272970356373651
0.860801176164604
0.979652415158959
0.0207201815709793
0.25501017789937
0.363981434192841
1.17927667577945
1.63701072344502
2.21053821746017
1.10749687086211
1.08847291060573
0.965091735803634
1.2192618700699
0.205236715985313
0.0894775603547043
0.595157716384711
0.0127640129182048
0.867141654720869
1.03354815326845
-0.102492487663489
0.452168110124046
0.849361747004669
1.52327250566624
1.35355834124539
1.11496342389488
1.20459519293721
1.09868518413152
0.72057691595653
0.661852512576864
1.09169019649512
0.996625753326513
-0.887598731641938
0.780526570514674
0.654492104568261
0.207471998012459
0.84696410282755
1.10696289579258
0.356106706061575
1.82063945491644
0.426043954962283
0.718861977448091
0.18586452680426
-1.45911037901951
0.551567126002014
0.402516707505776
-0.529160141361315
0.564039465511599
0.311498279186718
0.526443293426435
0.627993827188859
0.463170334266778
0.5093873359734
-0.635118550908492
-0.329889761659852
-0.061700275238791
0.72348130378713
0.136892878143037
0.454937690360023
0.0801478357120692
0.327089101526961
0.321214002222642
-0.660183566802904
1.57368842366961
2.00091627809205
-1.87157180887368
-0.512992857878149
-0.96403194254227
-0.79034649644414
-0.568798905600046
-1.6053600405095
-2.70329884752101
-2.6964537587041
-1.2248681316343
-0.363839402115232
-0.215639902451136
-0.406737941804151
