1.78805539877762
0.800406217613013
0.999010040381962
0.186311639303995
0.780433076972907
0.673446658388233
0.293823829649049
0.0594494988794373
0.213158642819577
0.707633471806454
0.767918354707921
1.01810920804874
1.68064001273706
2.07548425628158
0.946229862573527
1.5622125455725
1.23261223428066
0.934160085207879
1.54774363812764
1.3766296914739
-0.512160199697078
-0.249026430814127
0.445478956625004
0.16380944563614
1.36311442184813
0.71555240475764
-0.0111352571510821
1.12833423031413
1.0814852168072
-0.458190754916218
0.835848371559395
-0.430471991520567
1.35449367262271
0.926720396380924
1.2668173231638
0.630325696502572
-0.743332229181936
-0.0693526180543068
-0.817928369488839
0.277690188774639
-3.20456800482553
0.269403091351802
0.488600748327992
0.195786044354848
-1.60122039523501
-1.16229243502336
0.344382316270829
0.0385365959436684
0.707832614784381
0.356004049071695
0.400264423239092
2.04131485901093
1.86498929167781
0.570391621201786
-1.37884048745867
-1.22029818029826
0.102304959764773
-0.206159774116077
-0.00909537415550348
0.635511264880692
0.730971241212623
0.334594525508031
-0.70200048841645
-0.297994239360402
-0.315779161410913
0.699041824343054
1.13815003401774
0.22319804397476
-0.0552351161801183
-0.721418533803207
-0.215313870793554
-0.412449149444268
-0.0664779889610541
-0.0138800414340246
0.341591119753337
-3.07883002979027
-0.20677272380841
-0.123344288170907
-0.575164750522097
0.0270430986494945
-0.925864617814686
-1.81352288866367
0.821628163288116
-0.0527721675029389
0.00793699179056568
-0.453027157926645
0.901220327811181
0.181420863538532
-1.07007955148705
-0.91807461051438
-0.166111545806878
0.749592107418288
-0.288591578583704
0.891127723740133
1.69214837778038
0.684511488650407
-0.483577817346992
0.963831138776995
0.244934429250087
0.126760112576877
0.0578567731171446
-0.0403600355591485
-0.0866161229228841
2.20690497622029
1.36105522209838
0.247699214342799
0.119458330726801
-0.144373720112086
0.710520162361663
1.39099009597209
-0.501056234410468
-0.290365541377546
-0.587821273207683
-0.695172324337104
1.38344862189089
1.58223591719731
0.0447931331020329
0.0144237367599978
-0.196926840281846
0.296711111205778
0.645763102156756
1.12824374346122
0.0677269900980843
1.71182755275192
0.129100483989437
-0.288017068062842
-0.311181801118697
0.125441684947977
0.361846502973174
0.103858818075847
0.460546017175219
0.903468450719439
0.682909614757299
0.539711897359896
1.67893191309452
1.40117271681962
-2.45370396353647
-1.20359412601354
0.818930047290666
-0.291015340676579
-0.944327153531127
0.190883405314556
0.0769774742750785
-0.449812704769606
-0.394013725198353
0.304510408468239
0.224065120054287
0.705223126487306
-0.164265594181416
0.335699991530959
0.407946255895752
-0.353518011877405
0.0228561831358979
0.213582051712512
0.108311691753073
-0.796005045188211
0.191376154991978
0.174928820716725
0.194465780074601
1.02167065237649
0.199833874200763
-0.336867936937074
0.387345782889351
-0.247442298895829
0.954615730306257
-2.15763376860057
-0.267011651443715
0.880054561527322
-0.124571454545132
-0.815252366220071
-1.14523015806351
-1.69271266161106
-2.36984769526623
-0.57300556801167
0.0335481620647403
-0.746602388565356
0.214451026426616
-1.47869068620027
-0.0869262950058187
-1.0753047532179
0.147235827159936
-0.492517665906896
-1.27482572286202
0.00751665658108937
0.293495609443857
0.318305485188938
-0.0725858515607714
0.664325316569594
0.020598246224548
-1.13307458829868
-1.06781225398536
-0.469499179731955
-0.329902745769573
-0.515657321366499
-0.333484907751891
-0.631354930164999
-0.411395813108404
-0.0392977674967718
-1.44681238200614
0.07626482076178
-0.161158374143208
-2.66716618091275
-1.62251957780205
-2.62514084514613
-1.23725193112471
0.840700604473311
-3.81979497407924
-2.64435259799229
-1.81405300852829
-1.76229797039158
-1.41013118294754
-0.65599946486589
-1.01683946525861
