1.57334162637029
1.19450080269019
0.627071405456195
0.546033522038772
0.56237399722565
0.897403455916153
1.08510357178705
1.21772683209607
1.59547531645554
0.385090618217579
0.683152591189228
1.25358612536096
0.809378381221182
1.20458841047871
0.688324458286127
1.3817220336976
1.32753079181249
1.15671108942061
1.34137551791729
0.726670975355821
-0.194502904546254
1.15556913443014
0.897817565495236
0.852529700833579
0.376349500000592
1.08937558706867
1.11954556464558
0.600369259876497
1.27499170473113
0.995401895596872
1.2984273105463
1.26376305014716
0.801518564998381
-0.34228187376124
0.981694303836815
0.561829472799944
0.757956400440189
0.3441384401989
0.258171483325295
0.169136948599595
-0.823771161920225
-2.02321154636918
1.09992726481132
-0.127459268304791
0.409273478460266
-0.861549398448519
-0.00404858926224066
-0.324399832353653
0.810877426326191
-0.606653282837122
-0.824774042023926
-1.34018314822888
-1.61061071969287
1.49216099026419
0.720933810514909
-0.0128536976175236
0.196603361052471
0.386500424100258
-0.47511234585727
-0.38498466951421
-0.360797040379667
-0.979966763716838
-0.122651700595201
-0.288948114241933
-0.666023857420214
-1.20251596864636
-1.61781591149734
-0.0371164726227878
0.0512604983913548
-0.735412248442905
-1.56546750247854
-0.880954036229611
-0.80532459053076
-1.02972066671909
-0.654977290211589
0.758966410076271
-0.302407699030019
-1.60063382874513
-1.6344514122117
0.17767328578897
-0.536006166639267
-0.232164242507999
-0.77929383180128
-0.860822050703369
-0.050257973324115
-0.93704554350366
-2.03838894770126
-0.804256224278076
0.529451419064728
0.866391136148148
-0.920218906947194
0.798332539803502
-0.424531663169356
-1.12059772474303
-1.51438758071299
-0.935209742302585
-0.623782767497857
1.58253952000936
-1.46237066485827
1.0118988647959
-1.64620628843942
-1.92885005395948
-1.33485302479019
0.54684916197321
-0.146588158854691
-1.53910099305545
-3.40128501957755
0.434348638689874
0.597868908626952
-0.197364766560005
0.680677866535554
-0.51327375426553
-0.322378741603027
0.774009341451339
-2.59719606560136
-0.538092879407698
-1.8168969784427
-0.188993098803665
1.03519240541852
-0.448431486697549
-1.59285351761475
-0.178741716542001
1.69637919205047
-0.389901534049689
1.24192703879057
0.251022990607525
-0.272917702096572
-0.443604942913551
0.403935579659618
0.990650962226691
0.925377532826323
0.762929247684562
1.23317770618881
0.184384087600823
0.665700849589164
-0.188676698248278
1.18351097115038
0.847077439847692
-1.4257018708237
0.92238722317652
0.0595922521617202
1.52943275250397
-1.46136339916241
-1.0870510771696
-0.480372664973409
1.14711208125596
1.07317100390261
1.61925297180984
-0.459333406928128
-0.896935315655825
1.22938982288566
0.0147193256540657
-1.58621220479634
1.08203975565452
1.40224177132222
0.201446213287989
0.0214099617181976
-0.525174032877026
0.911896941587704
1.17562511334799
-0.853377880939068
-1.02349361094194
0.0814306507389937
-0.6178148187091
0.423212370801422
-0.667783491702471
-0.470382136468172
1.39246175661522
-0.691589817888109
1.07783680370622
0.647823326611708
-0.407584826996962
-2.12291133415184
-0.564544416548354
0.500736965464484
-0.716520426272202
0.263350726498382
-0.339037144717171
0.792367832847266
-1.32256729731915
0.698850227988885
0.438067097669885
-0.610525122945841
-0.12662413591664
1.4830694895931
1.09662875275524
1.34604194869487
1.12689078387919
0.290237918721551
0.262647556802543
-0.959175362517203
0.871173761378386
-1.00044760573176
0.70458582392282
0.391068395083361
-0.242108193406311
-0.482326660955817
0.335383491767235
-2.61723063973866
-1.47907642128598
0.0903188716336149
-1.19828752800608
0.542331776929351
-0.49353509598854
-0.985433379300345
1.11437918167741
-0.17431638410663
-0.931042070299236
-0.161877421037608
-1.84289238489751
-0.110679161922382
0.42610033679961
-0.687819020171437
