1.67666956386543
1.14765114888407
1.38361217761871
1.28337491868732
1.38133553147153
1.38567201505624
1.51792967430987
1.63137821533127
1.25697187633974
-0.381566022996901
1.40429969339379
1.04154414825069
1.193044931311
1.09141472977246
0.994282294976032
0.650162466268148
1.0073493714514
1.22100606052418
0.739615771962324
1.31324829930741
0.855723998336453
1.29307595683109
0.746170215516798
1.28770237959112
1.05569133939869
1.21161646814318
1.20302877314326
1.09215647580456
1.20446591934885
1.23800933838673
1.57685848494964
1.34514759156457
1.59191287811222
1.45968944709731
1.69338477396356
0.945131867516136
1.19888225870038
0.976820434554284
-1.17732129698496
0.227897568247106
-1.34806159066846
-0.177347810468785
1.29511029362925
-1.53218005184626
0.183823772289532
0.402531504714343
1.06008175300703
1.02906116005304
1.04665972548361
0.535067454965676
0.571913444810541
1.24146668423029
1.46383978391503
1.43002848052553
0.714106672216941
0.250381518358884
0.147329017820067
0.0505855208694984
0.619277961018728
0.678609504368455
0.859019743269422
0.202723834511206
1.08634294019298
0.905441110419966
0.29707062726387
0.828139054297853
0.736661235132318
0.375676671113084
0.652253473482809
-0.0762754646056499
0.797834527207944
0.0705530290597128
-0.63419638940015
0.559903603923434
0.465379854959508
0.203588535630417
-0.567684685775781
-0.27359237822085
-0.171466209327425
-0.520469948523795
-0.829631551407327
-1.91868772157588
0.226594535879834
0.141341278493215
0.298341125446127
-0.120092789446454
-0.486861163060503
-2.28180774485344
0.28056850296695
-0.367501340931752
-1.10210028318273
0.380257044196002
0.711542871809407
0.0367227569758014
-0.167077954365745
0.160952107828777
-0.418521803182037
0.00737895508771314
0.568957541869115
0.131404013827136
-0.736045299562932
-0.669901836297551
-0.914512382883885
-0.877235284299123
0.3915458414003
0.0891716610034837
-0.513125241883464
-0.42064102135655
0.301064057840947
-0.0429613146019512
0.816672946161182
0.831785017586621
-0.670871947379132
-0.0927657523067539
-0.0646567789230514
0.426162289855041
-0.0519110824070958
-0.187038893279036
0.162391486965044
0.0759163762480789
0.425140409281396
0.104300067034109
-0.175782131908594
-1.77637555556205
-0.552764571309639
-0.216255705125945
-0.118500712258531
-0.999050100471453
0.387421096706129
-0.805460543255656
-0.736214882331563
0.323663322459616
0.424198031049149
-1.1759082307882
-1.2402425780005
-4.30854082207798
-2.1471224134402
-2.81659274225319
0.146234875984459
0.374229527973764
-1.87282815104175
-0.220238948687445
0.10619878575717
-0.997133891349036
-0.266623979033125
0.994256255566857
0.270019110442469
0.0232888007184712
-0.193751028811609
-0.554466338130574
-0.182824691688326
-0.122385424794945
0.147187862366173
0.234745608831881
0.213341056721987
-0.0638192071233194
-0.484890231430474
-0.430479706234506
0.209823728201171
0.502748827750796
-0.026274012833503
-0.335278886681556
0.124385866900003
0.723563667895238
-0.0729699893602956
-1.36689722622343
-0.275850596271262
0.277353990228174
-2.99589264051861
-0.0802740211933877
-0.370006931882817
-0.957090012155596
-1.45883260945434
-0.0871941619299334
0.57018575920735
-0.414806251169514
0.348035193281125
-1.13434067389847
-0.193611443047938
-1.11639195381804
-0.0302766309758754
-0.0140948723003028
-0.753127990333217
-1.31025892431063
0.476517836860607
-0.239024680016317
0.226886056553272
-0.286468187148036
-0.215572286240113
-0.780906484281386
-0.786475833305757
-0.343389061235521
0.0255384397914213
-0.0782453280803398
0.117153810018934
-0.188710435739436
-0.280701684145096
-0.101992948687061
-3.47034091521519
-0.889366756888054
-0.195606189222862
-0.457420645943075
-1.06584306267035
-1.20145943337491
-2.17157227516545
-1.29800033583692
-1.53913892457532
-1.44003473371043
-2.52125724408801
-1.08518925515186
-0.853837148507529
-2.03459246538432
-1.32860018366526
