-0.591350339423151
-0.550290694156116
-1.22774505287395
-1.43261410521876
-0.773134299532681
-0.264292056785229
-0.398448034596024
-0.598302001062734
-1.54833987607705
-1.66163714492327
-1.03420485245313
-0.935280513437511
-0.329006402918468
-0.802329708869692
-0.462564020907744
-1.35936552341661
-0.692383939838182
-1.17866405891222
-1.53704641571124
-0.642821212028072
-1.48605495594609
-0.832451532978305
0.0241910828752946
-0.200902544210406
-0.147247425331204
0.121008658239009
-0.0468048495894676
-0.666573671077321
-0.106731299996293
-0.423119382192747
-1.57911107336274
-1.57885684506962
-0.19363985719631
-0.906015098952181
-1.02695627109306
-1.54604971823136
-1.64313064247542
-1.77540479923391
0.828038045202221
-0.502290901767127
-2.78306657715416
-3.98357176125643
-1.02359694531228
-0.781061081938329
-0.835407000104276
-3.56768628101034
-1.01185603484373
-3.50725258647816
-1.32982001611088
-1.30455977153671
-1.61446432310225
-0.879998083341193
-1.64168382943856
-2.14836858408035
-2.23638342140027
-1.37228295477364
-0.196889307973679
0.00670786746448039
0.721813591600929
-0.82619892910021
-1.10249379067019
-1.11287743825392
-0.535214180112114
-0.445493470760448
-0.569892584916904
-1.14211127522454
-1.71977599428809
0.448898458140742
-0.876731875346807
0.114546360204256
-0.188594677468766
0.147908107261606
-0.997753639310257
-0.790277496522155
-0.57641888098648
-0.369350363033977
-0.190464917925023
-2.38524373383027
0.916196212001136
-0.267399333294012
1.15285631877815
1.41766210406462
0.690176964852971
0.659210750382666
0.230302242003079
0.366914716413933
0.876357501569979
1.06835307358065
0.662736617707371
0.842960282982149
0.608649804991995
0.284097962877433
0.0446884309333771
-0.522060163004453
0.150724721033643
0.487134227332623
1.00481289549251
0.562913929810265
0.49069489478586
0.276694287553474
0.248046268487594
0.800195473418959
0.210752716192547
0.226237194744004
0.578107038975489
0.432060140069087
1.02658521846555
1.0176689770006
0.68989332377236
-0.349722800103461
-0.329279051249766
-0.257070206186276
1.11430771692193
0.200878565292764
-0.4059377486092
-0.0147855058366784
0.938087204175552
0.498615668193972
0.524352336757936
0.70919136461127
0.427657198932919
0.0944298241521812
0.303927864037039
-0.693669044770262
-0.45782838262549
0.91148588851279
0.34121629772904
0.0677036379205242
0.175894547452556
-0.578005570475514
-0.0236497369613857
0.274581443114348
0.369397798429925
-0.372768076435167
-1.27185700686912
-0.803835977973384
0.467075102761919
0.164747717810913
1.01954657992153
0.653026141793175
0.301551869560561
0.38523384954792
0.84784520000253
0.915899973136196
0.769886094485651
-0.371385450276841
0.692161711952192
0.689999692278103
0.899942791859525
0.273870059403626
0.308955625676129
1.01169431023025
0.890862526319275
0.718496105015785
0.279799940670726
1.02926610012794
0.946261976891679
1.11976111834708
1.05844380621142
0.13395605389311
1.03487402571255
0.660285051633061
0.922952491931753
0.893516502547329
0.514602177196599
1.02499778418992
0.587307624794018
0.126646591067487
1.06752331423609
1.08206605602522
0.942316028120404
0.974645343758661
0.770956528556446
0.87196909041006
1.0984931181954
0.931937577070766
1.15997313323564
1.07576388991818
1.01384654287013
0.547068573502692
1.01848062560731
1.04421342511214
0.303947991652239
1.49826266492196
1.29185920706463
1.09363796014826
0.50304909239401
0.72209427092801
1.04159307152091
0.981031501158547
0.679148684540418
0.581930223259967
1.19041110557021
0.932215887325692
1.15154671452649
1.09705134060166
1.26879180149669
1.11572592594444
1.14231782599147
1.32466824209462
0.996361483547997
0.414118837833838
-0.105925076619466
0.113217962398612
0.363087589618023
-0.439216225629872
-1.25688226856711
-0.29124626564718
-0.401416324355962
0.451545609698582
1.25489633858128
1.02153430231451
1.07665384872193
