1.46728635196767
1.474303206963
0.736661114571561
0.890998457948493
0.850413174899231
1.10405081523322
1.24847491233721
1.29272534377365
1.2405081891964
-1.28852261479643
0.969144382964537
-0.171060734274323
0.987375669809967
0.930247466576792
0.238647121165933
0.0602241965155093
-0.176897288838288
2.02395315681325
0.893267381296884
0.887824473126311
0.535134015689946
0.854043526288699
0.403076184296008
0.701012110140827
1.14627330217438
0.475536342034867
0.451297351686453
0.777519948980206
0.652643973288804
1.06451015369638
1.44695935438132
1.59881930804405
1.02628082760326
1.02463841306317
1.26180181663747
0.680624899520341
0.939587416926418
0.586197885106443
0.175308679208058
-1.61922294365389
-1.00905375653851
-1.58488288482207
-0.659902461099147
-1.47403425230967
-0.756224866131468
-1.32318924166255
-0.134338288227557
-0.393813344076906
-0.747384408012361
-0.475954975188826
1.12970266049728
0.295264813616638
0.704321564681463
1.36905352687837
0.664819837128306
0.705071524266978
0.490868356040887
0.951520657359629
1.39568812436862
0.883470297040412
0.341250231076469
1.03400136363992
1.37417035628597
1.24209510226765
0.992375941337946
0.601678038168047
-0.375298757132458
0.480205858959675
0.748532631922972
0.0104925819215474
0.943076540908957
0.605463231073547
0.267067507302439
0.771288236590265
0.931811825463018
0.427898182465463
-0.6962769238184
0.493359786054739
0.752859652948335
-0.253345179736278
-0.215737415431307
-1.61430519168611
0.903367340115427
1.65445385944231
0.594705337138214
0.654431150328764
0.344731865800612
-0.0243007068139143
-0.984730452536239
-1.90480748048721
0.329125405085727
0.578048207785335
0.263476718533794
-0.192029657681705
1.29910268346425
1.17227995636906
-0.083391850793079
-0.404854076050698
0.263037264287891
0.256920988894288
-0.267100301753848
-0.333432687483425
-0.22233608325827
-0.295366769392668
1.42934215158114
0.704759954858365
-0.38942639761461
-0.495820950306172
-1.79850243252506
-1.90880315112519
-1.02747015910188
0.0733554869577375
-0.947058102197954
-0.0936657231510987
-0.678029345586744
-0.85276282219705
-0.683679598547987
0.863894861078705
-0.563829902791101
0.547408660862225
0.919767007585065
0.748057028780525
-1.26539230891954
-0.184049096198292
-1.12428504666081
-1.43089004026973
-0.0630521072087338
-0.749227052453175
-1.6736920834837
-0.0020127815506784
-0.479729464672642
-0.845324378959396
-0.168002817434607
-0.857202581938496
-0.5506339394043
-0.24342163127023
-3.4769225359593
-1.72801844217654
0.287145386579963
-1.64021509072214
-2.30097983534403
-1.61232823608919
0.313014475428797
-1.47261922197611
-1.26717082521541
-0.439321094939231
-2.73672835558299
-2.48497792838468
-1.7302679777977
0.0687496720952768
-1.64874664065644
-1.08090863844277
0.150920233640977
-0.490962102462189
-0.856452480598748
-0.690979281919808
0.274021384500684
-1.28586943050693
0.0342187982763146
0.761876542323386
0.152146613802159
-0.158582185249787
-0.869001797756574
-0.392229335862497
-1.21648502725073
-0.755056893613055
-0.784853864740326
-0.785973186237301
-4.03754564585696
-0.757794030961989
-0.461029494000697
-1.24164287071395
-0.452735884205342
-0.830281652608487
-1.45213484138251
0.242606586640579
-0.0333923222853361
-0.0776151286714545
0.0920677376145995
0.23422093058685
-0.077979571788265
0.871320365779386
-0.966922550904374
-0.237576159986904
0.964621394883123
0.33485174175613
1.01748480624422
0.620258850344701
-0.0392046223307649
-0.182138403561531
-0.273031213606178
0.316768278130504
-0.110537053427436
0.414441254746294
1.01313606916018
0.567279802558672
0.652784838077299
0.262046504833305
-1.56894276402141
0.471442458235257
0.993425862089996
0.7822943809484
-0.0923064132195924
0.65024778069889
-1.22012213780293
-0.14273444121814
-0.635481809326278
0.704876138852369
0.592457639771746
0.955974748000635
1.15814950932361
0.684677091912949
1.60998576964285
