0.749714114094046
0.349877530440182
1.06939425468272
0.346572798477089
0.29059118714669
-0.380949306286549
-0.827527481592286
-0.290982202613103
0.540860149485648
1.3939632338094
0.511976963390732
-0.0981721076862259
0.316545339846101
0.277063682187437
2.05365901655466
0.670340935457099
2.15497918544535
0.323112446877209
0.836451931638456
-0.0966277046706108
-0.50209506617517
0.942932728861168
1.39743204611663
0.513830311139309
0.575108505417531
0.765752974875524
0.433583801380205
-0.202077427891892
0.158709673004633
0.469023113052742
0.56465212831837
0.660911514800901
0.589555447425525
-0.232179605845492
0.75808661339029
0.0808439729201575
0.669397156815369
2.63344842188594
2.94577378795991
1.94900390772744
0.399699624893865
0.57109165690408
-0.351464751602792
1.62124008460106
0.131248481754784
0.38650030404724
0.350488097600151
0.0302411910531991
-0.383556391906808
-0.148314906591125
-0.123404218939661
0.773627211819412
0.572173477142513
1.30353783860884
2.20364472222257
2.33892231855283
2.54861634134673
1.3535173832939
0.414078030968843
0.745481206087759
0.569598147192653
2.0808126345432
-0.854344426460229
-0.185455530972161
0.594491635928639
0.384038018407854
1.24367535398812
-0.149818215829353
0.15840640554325
0.420122519235364
0.0447192605988128
-1.2535595831428
1.5909698465466
0.9378831343002
-0.446060933194149
-0.669306133834222
0.392911044771479
-0.216822425863786
-0.576910168156159
0.263813264812115
-1.67686397818892
-2.77914518747198
0.0813376485584028
-0.867559395702392
-0.16995676847495
-0.628514556099294
-1.32251876065046
-0.253896313961777
-1.91699080228462
-1.20180334897907
-0.406577599195475
-1.4673048811324
-1.38714959830671
-1.65625709776033
-0.383055496196282
-1.03414756638541
-0.904838931548937
-0.801875312857633
-0.630976611012152
-0.517496331069791
-1.04244345414075
-2.23187310183184
-1.55548484831259
-1.1239994168882
-1.00880206618595
-0.74023134982524
-1.93429805416044
-1.01463479865343
-1.57150038085985
-1.87209619377418
-0.911911381533673
-1.19738591020838
-1.17329493776867
-0.710075441024867
-1.40346257093378
-0.170219929266066
-1.26145027710796
-0.619613269449742
-0.07389109370801
-1.65582628656996
-1.27214397924291
-0.944199810862894
-0.135248022874297
-1.15538241856742
-0.431565499360524
-0.516878938302471
-0.349690277075252
-0.0304498956030376
-0.666827771021212
-0.342170367570604
-0.236615145309867
-0.402938633632063
-0.227914379299236
-0.681191864187427
-1.66230967970889
-0.331459333908443
0.135420531935459
0.537642458656819
-1.16724516134264
-0.824348212501565
-0.947311569025081
0.0897379361268148
-0.288730488787537
-0.890384505711729
-0.254653427916183
-1.33163734866671
0.41162817564811
1.04383817324223
0.645017700090752
-0.971217666692183
-1.4570676801838
-0.886764826095976
0.47569042664125
-0.650621431857381
-0.638404899904714
-0.759187030352613
-0.426154283869671
-0.744241043923409
-0.484341405725122
1.13976132597738
-1.04600356355327
-1.35475697466201
-0.508757159742805
-1.13738296150693
0.196433369174468
0.415417447981198
0.359512162767941
0.873894351559958
-1.51982635658086
-0.155697138340113
-0.379500105997404
0.0726414481540607
-0.956497420036299
0.214548579828132
-0.648999507881368
-0.0144364638444407
0.427212489537123
0.845305321555863
0.590905857034971
-0.450857107837067
0.845785408488361
1.49549927863178
1.28280725251547
0.133235644714549
1.73188862500919
1.03229876286612
0.699716462142899
1.93355553625835
1.05657866672001
0.782115269066677
0.562924619427386
0.722273977098816
0.391288787556257
2.14509262128604
1.56824327318503
1.5313417904197
1.28163022995415
1.01334113975988
0.681628785790994
0.234112516936814
0.641534377396469
-0.0570123284655794
-0.249407410992218
-0.245910303342854
0.0925442290909563
1.23307670788272
-1.53311942877052
0.156868380883964
-0.622114354516845
0.172840423872182
0.156367273655566
-0.524278864764812
0.229672782183088
