0.454341850448221
-0.0895878047389908
0.938107963713433
0.6604474737859
0.867633503751195
-0.0164378154973446
0.0174333091016072
0.251507409100742
-0.572495615165682
1.47826790316523
0.803077947532284
0.0748239988440252
0.955713457254458
1.13223157362234
1.38122444764538
0.50645527944745
1.06255019628889
0.534864806048498
0.276527692276346
0.529161855063777
0.400071720719984
0.787196056915635
0.686962757701246
0.571253333378031
1.04967239680565
0.405055043799835
0.500311605992001
0.610257108083404
0.42947650757186
0.81378127545554
-0.317304818450076
1.12638280352689
0.499819535524717
0.772026168727386
0.0593756024694943
0.090384992039719
0.0354262816090488
0.135857608976377
1.96366060913039
1.12618085596645
-1.6035348244107
-1.77568907232464
-0.2842526466458
1.41074534925774
-1.88621423148903
-0.449734355826531
-0.0113789259380983
-1.14333862985702
-0.157001640997216
-0.443465632501656
-0.946243563350822
0.0646212754906796
-0.164163147875208
-0.900309284054373
-0.862068726929892
-0.877868000957808
-0.133163646599319
-0.856846075702395
-0.373976473244682
-0.658349787451802
0.0734408510430352
-0.679145596380192
0.680237788144336
0.454899447200835
-0.829546068756609
0.416080513395848
-1.14867371254477
-0.300694759729991
1.09204800182183
-1.35283419762762
0.585684461625158
-0.601285289292715
-1.01396783623537
-0.555751806718794
-1.52599527038102
-1.54765982316894
-1.6879851786952
0.89237095452188
-1.12110802041834
0.0684706899341538
-0.890075070269233
-0.894454989762377
0.42677360331671
-2.80375155066494
0.724778876483533
0.48695396092294
-2.2191166954414
1.32813773828127
-0.250526076319151
-0.160018538545102
0.519773402248852
-0.528087648291741
-0.513464187529483
-2.21761296462157
0.771200639139301
-0.896614194816003
-0.478563154619426
0.54920975922108
-0.285417381202552
0.0899890881347172
-1.38818386923229
-1.0253743442376
-1.5599391509428
1.11829285632114
-0.26416264958177
0.344659215505727
-0.620349586143658
-1.43688009718554
-0.932318598281304
-1.23290070875227
-1.16614233312785
-1.81991483819619
-0.166247303471598
0.307495760993789
-2.18151553757546
-0.266572067740597
-0.807405901563877
0.489895616144936
0.926984043973728
0.0312765784857818
0.618383892682975
0.885633104657558
0.628449413414677
-0.854017079566292
-0.174789480741965
0.04837617665211
0.367053882435296
-3.54249569231161
-0.715950428555917
-0.484686859993555
0.575476719941646
-0.621183471612464
-0.0556863216375176
-2.4771181166079
-0.844656973671202
-3.52654840727811
-0.834262107306367
-2.67199904928195
0.157636274533875
-0.207535225344841
-0.178684091742042
0.963750695219447
0.189021187755188
-2.30583106135338
0.236182342554162
0.0286230624244875
0.522745261435692
0.32055708821714
0.376089533481253
-1.87220494432265
-0.515027135672501
0.491582915311147
0.279214628704287
-0.215278054522863
-0.300860324931913
-0.207052576077186
0.758716298327298
-0.0514765444876231
-0.213701202109363
0.0538613868428154
-0.195386413502038
-0.552784007450949
0.133874764695135
-1.08330141223947
0.449666355653842
-0.304652115918235
0.202974431415029
0.379455781171382
0.530078013781123
0.827002442617369
0.3507295149983
-0.0878235017955196
-0.280067421265611
0.685249063518309
1.13262443598184
1.105004256809
2.06007953678936
0.334516603469692
1.0037584419348
0.913689205695766
1.27039015808296
1.59938944344816
1.2406336057177
0.952033638352495
1.67882827949723
1.53575677102771
1.31008498047788
1.61140558328616
1.32002949331241
0.204637378006054
1.05490209570307
1.04854977794573
0.708084036845115
1.84695554929672
1.19921364664355
1.29422778442911
0.477070628363965
0.97208305821876
-0.542274202526674
0.569848718237399
1.1911182862835
-0.60526018560775
-0.541279789776057
-0.484977652523204
-0.171305160038359
1.12463426102641
-0.347027093613559
-0.194540156184958
0.0726760851641801
-0.658391349620435
1.28754529262083
0.295632233683948
1.49646642738097
