0.135589146492197
0.0347404498379427
0.949465487731854
-0.479408665624815
-1.04876365778815
-0.331819509801496
-0.758166038067524
0.0294779280611306
-0.00179035452365426
3.85719370540504
-0.776716234473515
1.58126647317317
0.407238510268228
1.5847710097025
2.43464968706074
3.40117549132101
3.3314427609488
0.496822998451134
2.18606355178205
-0.26111050184203
-0.0611909790362196
0.666378469699664
0.273425509815781
-0.480839162445437
-0.228260700050908
-0.313543057564649
-0.837130621198562
-0.265444443496204
-0.0421667668270845
-0.557958639404785
-0.185884770452369
-0.818015759438163
0.930835322121142
-0.797587637855468
0.211371988799228
0.172609744060437
-0.69501781542439
0.803788735847231
3.67038477186706
2.52145151961789
0.813226494076793
-0.793138901507026
1.80902769913034
3.3269905772505
0.510402546016291
-0.339703288129798
0.0707627896873883
-1.42637699539122
2.52658173303471
-0.435260089654073
0.052348727492218
-0.113549299714196
0.12424376139621
0.274874395221902
1.49147777966571
0.231729212137216
0.699625925071136
0.0829095653683176
-0.131964211737856
-0.377690483472027
-0.327389305134355
0.318904231024044
-0.95194661064164
-0.147462446448978
-0.672544455443814
0.0363359916354442
-0.410772989638918
0.161620221324442
0.496642000837142
-0.433909855897294
0.134972731249761
-0.857323210158045
-0.656416515962648
2.32771466907016
1.52901252421972
0.469020812664497
0.234916290692263
-0.245752377606789
1.79116499472287
-0.909945342352451
0.456191436089305
0.488967001517933
-0.628186427771348
0.159425488234681
0.388405130705298
-0.95495387539842
1.88107955819103
0.434460600057368
-0.40546065594107
-0.482881657660984
-0.418231799008987
0.104087977960825
-1.03508732064782
-0.266450580919369
-0.109703829876768
-0.802346298998275
-0.656856122359332
-0.132538281249776
-0.0949108760301369
0.173767436589278
0.656159922397494
-0.796867618556885
0.906979629543149
0.32338879441784
-0.171394137706201
-0.15474457847857
-0.292211565004247
-0.210301391794493
-0.79452989069997
-0.674301203627076
-0.432257878619432
-0.864500547609185
-0.507282905957876
-0.708193827566487
-1.60287324536713
-1.25616483473142
-0.772164181210938
-0.585689165257128
-0.393780775760328
0.434838604639425
0.247711024064919
-0.477978111792202
-0.45607507483055
0.682761489458875
-0.718855244248777
-0.500042929052814
0.218103044177916
1.78099472676223
0.565163026409771
-0.430071879982661
-0.700777974866686
-1.47921182773885
-0.695638985719853
-1.08840454102138
-1.05809505216216
-0.425115307836076
0.113368230420816
-0.0132363674848659
-0.84798855252575
-0.432666675589035
-0.320548605736683
0.549971026792198
0.263954969945106
-1.58631916940017
-0.658176244997912
-0.638667073018712
-0.192596405426612
1.27070044976326
0.962103551053081
-0.791064836105796
2.35745277899265
-0.615007156643719
0.706044424351051
1.2222091321521
-0.580532961977307
-1.26501843017277
-1.62083297343913
-0.143792700325894
0.479838877924103
1.74178080893669
-1.22694532099314
-0.841610685207332
-1.37799570759786
-0.950578661634233
-1.6359939453583
0.354612674822422
-0.777304976164113
-1.06832319374433
-0.0616799325029696
-1.13800059042638
-0.767560422997468
-0.330370203294728
-0.327800350229473
-1.1052503085976
-0.0444887301160909
-1.30956462106304
0.0694859340908359
1.48035177417989
-0.917184060357618
0.227165192184293
-0.811120015380972
-0.43857155392677
-0.916310609089609
0.566641151593928
-0.626029502909484
-1.14016185886643
-0.404531432302678
-0.803619581285577
-0.883008544284234
-0.225462334389777
0.0954228394569497
-0.224444832836146
-1.00356672802685
0.382462856557134
-0.564194119119755
-0.721434818446683
-0.390769997340808
-0.705345702843404
-0.325113129857462
-0.947884912602086
-0.911428164758704
0.532083345431544
0.0152689702714207
0.55475425772291
1.03923160308551
0.913440032195337
0.844651741552398
0.404779602886482
0.616757491019002
0.44493534160231
0.959036907531168
-0.294355345518124
0.0659073513975705
