0.640291852480454
0.180202531239394
1.41732452508068
0.937537919411714
1.62362083367886
1.2686080500343
0.942973473790538
1.4049970272229
0.0690074664019075
1.35895517195976
1.39671068497203
0.471852115659288
0.88583917623271
0.704545584223919
1.36745468782431
0.793001038698792
1.48305008194237
0.992872626112292
0.609526759094801
0.3394711994781
-0.550982190468796
-0.53595173228629
-0.804368043847039
0.960264628250555
0.622058427367946
1.25363223146234
1.14227589037269
0.342615760813045
0.866626171680278
1.4108245339655
0.982302892764654
1.29963457302478
0.90547823582293
0.0106826901618053
0.958653076827301
-0.471942251094647
0.444583891685126
-0.576033819502439
2.77367306254903
0.147195422822736
-0.405091348614176
0.34990073690009
0.598824668585301
1.5599692907245
-0.617041490768256
1.4666478064517
1.49260132285195
0.793138780035919
0.922493297605291
-1.22328884895985
-1.01607053325019
0.745410742749637
2.44739156720844
0.760452764580391
-1.16148286382246
-0.777422908213109
-0.568546625660382
-0.930116261817475
-1.47228348340889
-1.04666479473927
0.433177449758587
0.229467511901119
1.79213460659351
1.48244879027368
-0.0131553313989589
2.17314802536897
-1.52046622390657
-0.153530514664683
2.21064424220483
0.158114759788936
1.92898419927093
0.0727532048195772
0.245531778901131
0.635565214381528
0.727021414130576
0.275685819607346
-0.717892351898006
1.14338717278633
0.244494079285181
0.015825131673659
-0.792984588464268
-2.44791915929541
0.461518820842638
-0.651115733480543
0.404757007807974
0.371189446324971
-0.438704737201896
-0.379033283088334
-1.26472591359079
-0.915823425908186
-0.967700388352447
-0.321623521139541
-1.48588282163406
-1.69734643090339
0.843832214512161
0.4884309350215
-1.23491792340565
0.394853013110038
1.0826462994282
-0.562611142532487
-0.836534698812269
-0.559299502747462
-0.90051244039391
-0.944585103509883
-0.651298663566417
0.0652550207819087
-0.828257515820546
-0.871741645856918
-0.362184786508538
-0.630492471568622
-0.763268491987068
-1.25609484191385
-0.30169547412097
-0.437448910918013
-1.66712194975549
-0.479175810260843
-0.402555391727174
-0.271826083823044
-0.933508517533962
0.671458622456273
1.13260699528612
-0.0646727632275289
-0.494074639784284
-1.29656882730575
-0.228739760981667
-1.42807842185806
0.0303844865192054
-1.26148998988454
-0.760722723878517
-0.549657266990212
-0.928223838176656
-0.581635854495752
-0.602514238799248
-0.870989828179254
-0.582343801118397
-1.03530048564146
-2.42820908080934
-1.2920784554822
-0.120951449152116
-0.713308440898389
-2.86193587940626
-0.583406169681436
0.114244180701265
-2.20939939820843
-0.165567468133897
0.189212966767329
0.786231385738209
0.671672702540048
0.386675260289893
-0.444928868441188
-0.0561174368918245
-0.748059225293889
0.111500137201804
-0.651701165972722
-0.413877099744911
-1.03624113095661
-0.726218038782522
-0.813381181651974
0.00148547958263168
0.259626880697256
-0.868451896574973
-1.13273443287797
-0.931477105578276
-1.17495620776004
-1.25068189129293
-1.18975344456966
-0.0489413878648384
-0.411722079082362
-2.24177290158282
0.173647505413194
-0.210516557966824
0.572108483380897
-2.55461062020502
0.346664833327439
1.11598571922305
0.0338964476416122
1.29808364482844
0.0430316199593754
-0.321670414170511
-0.706141445519005
0.36958285255515
1.15136641339723
-1.30199945167261
-0.55068575326781
1.37865763184458
0.296621046474289
0.618288822612597
1.09667506304027
0.976034668065961
-1.20127350536638
-0.508481965338737
-0.490242580009348
-0.545739699934187
1.16877000838517
0.50777516908326
-0.149955911705974
0.223908572918956
0.622526661218439
-0.785501338977295
-1.3757872875086
-0.33944004168461
1.76368985151301
1.01052851668622
1.33956101356266
0.0636429126369134
0.392264062905186
-0.314352181458958
0.92863945717211
1.17610272358001
1.30964825370872
0.111106021134107
0.427696842624524
0.479960671890531
