1.30026155198044
1.25725204832682
1.17161366828448
1.05669531296275
1.37226624476834
1.26992387192896
1.33978325473481
1.35215331168767
1.20161875272637
1.08462845183182
1.05240985263453
1.29859766411678
1.04512604211184
1.33044985652442
1.24234606302639
0.884014545831511
1.3590830516291
1.50753026676869
1.09388145930511
1.14640342580792
0.940892810835771
1.11597377239201
1.32947410147724
1.10511177007183
1.07396357641933
0.812046526210584
0.716909110322842
1.28135852916843
0.977510705914236
1.06737346460211
1.16082774413343
0.595498802900694
0.959767908051772
0.947665142085567
1.03553466654904
0.698271584907522
0.816664733005215
0.384488540260918
2.09663699144985
1.03357674347449
-0.70527368683453
-0.793937657356894
1.5898125631985
1.67554220402243
0.272606845293007
-0.236955727483296
1.49651509440101
-0.150706938277343
1.25447737429308
1.29264324742221
1.34176995777472
1.90275561203562
1.85152702983934
1.24763673827652
0.659471250165688
1.07186741763133
-0.225842458674017
0.182448607423579
0.474412459137313
0.884285490347029
0.972433389778047
0.361865014155916
0.347063403230381
0.710081017210136
0.499958124251947
0.889073716328628
0.0108047992962604
0.0963396998476387
0.217649420072085
0.0384479178164796
-0.068662719964959
-0.593124304395605
-0.00179360906826782
-1.03621605890622
-0.865395418969237
-1.5633917842156
-0.560704936742912
0.679964577082641
-0.208077339941898
-1.08325533226195
-0.693021787305646
-1.29341800193141
-0.250919957013818
-1.35299878418978
-0.730291069425355
-0.449308955350654
-0.691064615221247
1.74850302427871
0.433540204002725
0.353281343269779
0.689181745982714
0.6363960168775
0.521379262447198
0.497554271137169
1.12682782624193
1.05835389801497
-0.072873880255076
0.232443432020519
0.766243971320606
0.727229617084246
0.158414121349076
-0.64120757760259
0.0610861614633108
1.02095598532574
0.319552103943739
0.537263818923477
-1.32752280270862
0.0921098169774917
0.393311954334462
0.61235812848432
0.280483986431924
0.663642167985049
0.272064919461829
0.550671834615718
-0.596372522775402
-0.262732188426007
-1.15623653846277
0.957884069789366
0.395106445192065
0.539494106832046
0.630405323669375
0.252100530169842
-1.50174647807384
-1.07560443739495
-1.54620560321292
-1.40131331898217
-1.68315148623032
-1.6703679623104
-0.998665341848397
-2.18213101099142
-2.00152283362429
-0.819590643472366
-1.57709428737878
-1.57135359374923
-2.4305346704801
-2.65121870215411
-2.92177249358641
-2.2432867990302
-1.14918388581103
-0.377169231844186
-2.00690638538867
-1.33577166855759
-0.903826815445614
-1.46653927859594
-0.600922682166741
-0.815222402801622
0.150807590137428
0.255321094626487
-0.352737988409167
-0.778785883490014
-1.40241337764824
-1.07671551732749
-0.562168973104744
-1.01254951009341
-0.833067385262254
-0.844203597869788
0.280734487417864
-0.806514436105385
-0.461306391758688
0.768418431747093
-0.245809764319394
-0.803734423905166
-0.439354509712824
-0.428020399593943
-1.14421374352824
-0.858946874419911
-0.536691847277659
-0.243902881507774
-1.14595957730006
-0.968771873771
-0.99391514212217
-1.34224541707074
-1.08843280046538
-0.977204362055237
-0.693310154602612
-0.296684373062905
-0.270945050296495
0.168119973816376
-0.750449648567803
0.0400417340520143
-0.585793048075741
-0.25489315570645
-0.582874175380887
-0.367875115033924
-1.27613394979497
-1.48847183510827
-0.0836116522149865
-0.568947497979456
-0.657935930252031
-1.26538963696135
-0.755040520349174
-0.636261797158788
-1.04294141389066
-0.0236617890372868
-1.34584990942391
-0.305985846394479
-0.484329423379908
0.01982103849651
-0.976802675669704
-0.317231113419684
-0.455860595935579
0.736590077630427
0.51857363701962
0.549156824320991
0.40244331051628
0.582166111736319
-0.346912856952529
0.512702556578587
0.682951392996844
0.864409093807175
0.209695239643542
-0.0909756345461899
0.00841257048319401
