0.215383326551094
-0.520834131150134
0.818925573037998
0.114330515395727
1.16979092775044
0.961650703713423
0.689007514001805
0.585555381373847
2.10842169206303
0.525047645670642
0.833532419532436
0.312733341595072
0.438551066335022
0.866133131245846
0.700264068582375
0.427499669011223
1.62679130941698
-2.46669906680901
-0.282967630171319
1.05206044967811
0.998318339813531
1.18043523593957
1.43566866912572
0.80347762339696
0.929083778825846
1.11650641243508
0.952223243087826
0.771102919571777
1.35826187608187
0.753494509697752
1.84077502731382
0.571245896182478
1.32490421539346
0.809019850104634
1.70517178280325
0.792640457978977
1.14245071080742
0.579000268872122
0.712255868045115
-0.030946408172128
-1.02955256301879
0.0526205738278008
-0.788246937292492
-0.477263174223225
-0.132319602808489
0.788074605289571
0.714743204778863
-0.00950140702121935
-0.533809032904424
-0.0204346672159515
-0.39814591441461
0.15950572024803
0.453091490497128
1.41393838861548
1.25860987216883
0.385537267727608
0.744204103305104
0.225804749671554
-0.0797654990343454
0.261565555549605
0.650802446789922
0.227775532642638
0.112265218932669
0.0585616252648063
-0.145992441437951
-0.183562637764349
-0.297804453790681
-0.451068088516429
-0.328107379913577
-0.0985070881354625
0.110191745370586
-0.842120794375785
-0.0188517851005035
-1.08047234698042
-1.48234185150403
-2.1022723295323
-1.11416427147149
-1.04232206386967
-0.972474740087335
-1.69384099781461
0.407439122794564
0.859233642489438
-0.362322970174831
-1.62760410749331
-0.434039761445371
-0.165622839452226
-1.20639516611529
1.05132025686489
0.688641138097752
0.863969521464864
0.751089396652678
0.617467563421743
1.16189874102453
1.1388915458323
0.384163847487447
-0.042819088450935
-0.341774780572156
1.26343038089267
0.419034071864488
1.54743281654851
-0.463735073753329
-0.47221523884935
0.300194262577483
0.0397438171504292
1.40802619286111
-0.4295272215602
-2.29567084447461
-0.0238506148361366
-0.770257965874819
0.220815496934896
-0.0639266852015953
1.03922690616846
-0.527919614215025
1.82431954360279
0.803390156324574
1.88700330183113
-0.178894628231745
0.497422942223804
1.14747354291296
-0.185016337025527
-0.660190743532873
1.00660793060205
-0.789150566939308
-0.206201220512122
-1.23262906885846
-0.332886350777479
-0.692810355209475
-1.30942812481778
-0.642246861829802
0.409143922122357
0.264890604970798
0.825893522599479
-0.251693667912026
-2.75839858537687
-0.590549243345202
-1.49446203427133
0.186940976063098
-1.91895696466826
-2.34782068471513
-0.014030484951017
-0.132429163864615
-1.39623945158953
0.622040734843055
-0.120847544760119
-2.41889089964216
-0.852715297452337
-0.183215888309698
0.913934188222214
-0.929685729013078
-0.241859731514985
0.100230307191214
0.318025759660886
0.159894949368517
1.25433902585705
0.371154374551295
-1.39395935197483
0.102597352992118
-1.08673034067268
0.0661035716968317
1.57369301321497
-1.35326095984821
-0.519539150277592
0.646902047880462
0.00180874136343388
-0.0798782005160132
-0.168013199959991
-0.172966055370438
0.31984465624294
-1.7873407522483
0.555429578065843
0.335512371723571
0.0224077236624993
-2.48487809869338
-1.77863465322606
0.171813661634542
-2.33441705895294
-2.69402833550191
-0.102353567285048
0.860683774436189
0.840556208687834
-1.01510684640636
-1.56262831040176
-1.65867981536724
0.75635878155376
-0.777825823735609
0.509605988469006
0.545835212120408
0.756188105554977
-1.72689767628938
1.01752078264065
-1.49908307771891
0.604798480738786
-0.881483576709392
-0.500525819766686
0.282587162983321
0.209580650008008
-1.99158856388207
-1.07398270889721
-0.100490578425164
-2.86705285920272
-0.0300902365474919
0.295857077202474
0.0421348019195049
0.148687735789682
-0.280321461853488
1.1338004549885
-0.086955424622889
1.14503030736515
0.425784965556873
0.143405377886772
-0.667953357905333
1.1846965246379
0.117029632174897
