0.384532214919306
0.755207187855308
-0.983558370258943
-1.3001634387715
-1.61540549472987
-0.133810278278834
-0.0952766587485661
-0.197610799118427
-0.870477276002183
0.184750526511617
-0.765026187950523
-0.102572396505849
0.229869332132021
0.407721207671407
-0.247283613040978
0.388350617529147
0.258789328577465
-1.05760817059491
0.211417785564522
-0.934624445045631
-2.14136425439322
-1.00284795043365
0.512254896362133
0.185908164007267
0.215727736586863
-0.168430479257577
-0.251667294730267
-0.111303633394375
0.24750648030456
-0.079693459763277
-0.802155052302796
-0.618377338784852
-0.232802082052138
-0.972241794036544
-0.97059139860812
-1.66336325848528
-1.9478988040124
-1.85537968205913
0.743568445638389
-0.616549823623562
-2.55445744114609
-3.04034068785644
0.143496154996306
0.0645386712736748
-2.04979598114083
-3.58160368176411
-1.67099004571178
-2.04633816279524
0.256737447008105
0.0190737255112758
-0.886104073226183
-0.444472058510784
0.259546674763874
-1.79308380216454
-2.46734174886531
-0.990832937463741
0.784015644324787
0.373759550195837
1.4294165679606
-0.190666958278073
-1.40959695488657
-1.19708507123151
-1.28695429335031
-1.53281700611186
-1.32357624401246
-0.962043808471739
-0.0402210370598413
-0.396614133502424
-0.442584219938346
-0.71325142281267
0.094700688418526
-0.064857501995857
-1.06680534188006
0.72853735653279
-0.112830132868483
-0.822619633238683
-0.936653697803556
-0.844120046101498
0.0721589017912287
0.214802295118638
0.741169576352505
0.876987864190783
-0.242797218573563
-0.064857501995857
-0.180027113135247
0.52878567805261
-0.22629567580629
0.206271561855428
-0.176780825890787
0.0311000051703719
-0.376556965207683
0.795755133045406
-0.651048999477906
-0.540623770989799
-0.110332534287951
0.0265484320453635
0.355605591905553
0.66324960169731
0.743261695446999
0.267143585717915
0.526487353967733
1.02297820645773
0.311048251436696
-0.358559656585156
0.933526275655029
0.586564560178195
1.17962110485339
0.590336087493024
-0.452297405512829
-0.496211626819466
-0.421502357669499
-0.713773240921673
0.54791542858328
-0.0122535213704255
-0.0877876065758028
0.51198865263588
1.09289848721537
-0.202613737199784
0.505148863074359
0.457592963103068
0.117571565497864
0.916407481437603
0.526074691474335
-2.64411100098438
-0.140758809620115
0.524305645343633
0.119207108929624
-0.196086351049115
-0.0368502884077827
-0.0357273498164266
0.0838255383241751
0.594161926190537
1.04681966128999
-0.507977567152544
-0.769258282337408
-0.496479512219094
0.121364981090205
-0.0643090997677555
0.638981033625825
0.149244765601517
-1.69329493365204
-0.808801677411411
1.05916216235253
1.07233776037331
0.542136400518671
-0.0204465908740758
0.377925229001526
0.139691589063839
0.170509352600323
0.379945212886984
1.0973849802528
1.04005215776439
1.28251354023841
0.994939287614248
0.314596704635065
1.05357549247563
1.09807279465635
1.11068675821514
1.06908009060388
0.878092718050038
0.563274882456916
0.04252255404024
0.826261591790753
1.06448396645438
0.825770111309535
0.6067722970361
0.635829378359569
0.181307749568456
1.05705200700204
1.09552472894988
1.04423802420581
0.833653659751024
-0.666881967736882
0.773347985525437
1.18104285640922
1.2381083466077
1.54668751626687
1.00606421141196
1.14123898605446
-1.95212531185354
1.20840433860928
1.18371036562891
-0.296757892926715
0.317644561908747
1.43021229905763
1.2315405726274
0.785616049046133
1.07402965335648
1.14234732996081
0.94805703387581
-0.282563681024473
0.692400810375882
1.00700289951387
1.46606261170505
1.20062043542775
1.25865057692423
1.19615134020905
1.08467691925408
0.589408048417367
0.585200113702361
1.08975998697963
-0.71986220925849
-1.26415909149296
-0.852636005369032
-1.26646898678104
0.967435693091698
-4.06534425014737
-0.599818221502016
0.204031962657401
-0.8164436923954
1.26387922169696
1.69932358276778
1.64183763917937
