0.948152286237389
-0.0738065876701402
0.453681854406162
-0.1381811100075
-0.64834351604128
0.677817758474502
0.653646338318496
0.340205902709677
1.10562401382273
1.4154271571064
-0.643108722574906
-1.37456666189261
1.26361397734521
1.47811151562594
-0.23182075795839
0.21255474763316
-0.41156881098344
0.764037227164498
0.54691982289624
1.02058741047718
1.15117363516372
1.07061658763256
0.468257536038673
0.326836736572959
1.1306235754565
0.259036250053224
-0.857083716274719
1.00499563166068
0.546597375315354
-0.114804723687234
1.01981029761126
-0.384086835497721
0.921620351473385
1.16375025340755
1.35175379665253
1.14691868596717
1.67276204064098
0.838779687568904
1.31860689829502
0.312951962064038
-0.776296488299295
-0.428632827263765
-0.396207980922985
0.988668877386601
0.221023574942329
-0.634050226635734
0.00600228510986188
0.424575255716677
-0.128298102950959
0.01704423535135
-0.318889674792719
0.31462909178164
-0.0775915156851994
0.839751897690885
-0.0861073674077516
0.113684287253243
-0.0634808211468375
-0.137012893428679
-0.729870622622688
0.124606438960724
-0.741276177048691
-0.955833676295766
-1.33739978207361
-1.20323439377179
-0.598141298322249
-0.891183285605956
-0.578241203270643
-0.634243788380306
-1.50261611733005
-1.16896206175908
-1.78322581397896
-3.03806988856628
-1.96414780910847
-1.05128324657852
-1.12673800215918
-2.22979272823485
-0.902799111268891
-0.365460889487374
-1.57471026333117
-1.25822775451677
-0.926730884556296
-0.919622869298148
-1.64711308847723
-2.77712400700171
-1.73663253253502
-1.57356810310777
-1.89122410317381
1.46612564053183
0.285770744665875
0.845862551754619
0.909527412444628
-0.126910201786147
-0.467519461173837
-0.700262174755536
0.92863424517967
-0.282178239238029
-0.827320893199059
-0.463798948401245
-0.962617015012774
0.341849754425966
-0.774237640209659
-1.0544642653906
-0.667503379017822
0.49831905975763
-2.12482352923942
-0.142561325168381
-1.13167312519928
0.0823726138825321
-0.391630909614692
0.290280151635122
0.450761958734549
-0.468905021246267
0.727476069078403
0.20897677381484
-2.50832871075653
-2.80972675110254
-0.634789816939529
1.31080285473348
0.842467491898226
0.223926294925886
0.0212853797656271
-1.07345780648972
0.400728546235821
2.63344253903994
0.189852215068033
-0.243956735282375
-1.69372410110129
-0.826482964797303
-1.04178966713856
0.279135484354465
-0.67327161567537
-2.63825597381436
-2.00812559717405
0.600700500522735
1.82385519536069
0.175997485655178
0.471011312322858
1.11662651419695
-1.6288886103507
-1.46332371913705
0.500936569700054
1.54813565188967
-1.78011668102512
-0.450556643274354
-0.136751138002825
1.15965678554354
0.235058441153305
0.631039223691787
0.144552797186724
0.658820563029036
-1.81742290433628
-0.342829090972519
-0.634032807757567
-1.60215303954513
0.125186935320737
-1.18695474906464
0.785992092272175
-1.0843083933802
-0.193773956806166
0.849341950345777
0.294721350900962
0.128779157422813
-0.161221687909555
1.13636774763224
0.101693892041343
-0.523253066839367
0.154419556704954
0.242313181123575
0.454763179264096
0.751206767067742
0.0374484382138261
0.324049640451542
0.456115122014094
0.640841291359308
1.04280751245986
1.00037489732841
0.978305758263001
0.815719170048999
0.720901003405195
0.0996067545917364
0.595312645966478
1.22696637857238
0.53242816072329
1.18691724206621
-0.258701162230122
0.319677508593524
0.939848373000026
0.334221164521363
0.835873024291676
0.390658514354194
0.530980402776429
0.692183716656256
0.93325296915011
0.738030746614445
0.0436869618201781
0.478853285499966
1.31423866027626
1.33638427136261
0.0453529037697293
1.32045837685633
0.0691265849758967
1.13791796760717
0.272628836319753
1.05804261804743
0.627102246108986
0.308126079722643
0.703082544311562
-0.0283510327785726
0.318770186118481
1.44728160134467
1.07982985166835
0.597042412083969
0.867689681739835
