1.43682260979291
1.02009604027693
1.68356896048214
1.10556419412388
1.49682041983012
1.74573976184109
1.78020830556153
1.5998381317152
1.14270825540308
-0.49856101059959
1.48536358506839
1.23399772581311
1.74921996187293
1.75760081605965
1.63759824728057
1.49654939992072
1.63619756487403
1.65105360681273
1.43576649111176
1.65455919991195
0.708538184459409
0.680404972777538
0.32311128528971
1.41600680757915
1.45889109477567
1.6807181124392
1.92001340204594
1.55190808632919
1.45240954663874
1.45089441887558
1.49482102216519
1.0897490130715
1.59484048156331
1.40441904137199
1.89981516491102
1.11295134860087
1.00825374219474
0.528663093670081
0.875496689374062
0.995101226786141
-1.12691524771577
-0.453925542715376
1.27095325098863
0.636411194604106
-0.00561804705223247
-0.436406632080456
1.13682879639975
0.194315982857547
1.3578068773629
1.20120123619675
1.27277248839956
1.94800175689181
1.66686550095015
1.14397888524726
0.259809484871626
0.259385215498384
0.145174150681456
0.252375339331446
0.502343189047711
1.12415993155131
1.3195482750827
0.816035064020931
0.366255443485089
0.79217567746089
0.657543191074144
1.01767925560242
1.55481212301425
0.236805104657272
0.377305398643058
0.247399217461181
-0.0140320491672752
-0.275115060684045
0.201339263985021
0.507147331008901
0.341783554852578
-1.03514743973643
-0.279560153567968
0.162941338125576
-1.53800151875282
-0.543664080237089
-1.42462167913023
-2.24863142352005
0.602967072064923
0.00329999961847223
0.0606152987910919
-0.332556804847491
-1.70943283358158
0.218833136155264
-0.450558955483586
-0.332543660203789
-0.264552900695452
0.0752930699827238
0.371887791368993
0.180270162143557
0.154222184286713
0.660342490912933
-0.0954910062869729
-0.408736681739486
-0.876086751422585
0.289085110656415
-0.635626107129641
-0.860111624391087
-0.774897363032336
0.118953110078622
0.21279840225939
-0.250755903382695
-1.36034572731163
-0.492756493416321
0.453490178919196
0.777312025174207
0.308926046004617
0.514192823734621
-0.0787773431545503
0.33632149823993
-1.03961441530953
-0.196675921968541
-1.14257704448738
0.474715364076367
0.00304684485790821
0.372600572409382
0.622054506433429
0.127183363430866
-0.633558392923864
-0.31231284042853
-0.258714182060863
-0.774565652658025
-0.784344681590103
-0.276351237459026
-0.668606434358705
0.0606751459669539
-0.225990068568049
-0.664904724036303
-0.490942689503816
-0.136540069714236
0.207020726640181
-0.654039726269707
-2.08279190683424
-0.871413120721872
-0.49975480240903
-0.26176491724433
-1.63178063761775
-0.518567445680088
-1.34422699712808
-0.837839870083785
-0.763868179011274
0.52196796531072
0.0520809285636277
-0.555031906736047
-0.634867032090103
-0.799407324569261
-1.05351541271894
-1.15943647467358
-1.95798230014559
-0.870282883041007
-0.756689239423276
-0.884089055445969
-0.0596715379242577
-0.275807122699302
-1.39979639213999
-0.869157099289108
-0.200307156513856
-1.02937611388765
-0.320270913249137
-0.535280229580312
0.0373507245101448
-1.39566355957087
-0.380695890376569
-0.115940750673867
0.711533912192962
-1.03222851151833
-1.07366936670225
-1.24105858615635
-0.892726442826182
-0.0532757818349466
0.287956772221137
0.00334364464445496
-0.113799691524678
-0.620513306738467
-0.638491937945645
-0.494874686341399
-0.754417817225348
-0.0882687753893516
-1.37084248929434
0.314338545986977
-0.715180808949605
-0.222574367501997
0.235334194393448
-0.128083528574973
-0.672569573207879
-1.11693359319302
-0.84488114721689
-0.404378962891402
0.330331741185712
-0.589397376897556
-0.253660523712145
-0.563290271991831
-0.405279646601853
-0.112752544075371
-0.818656640419247
0.270659200764073
-0.0236497602424675
-1.96267610385245
-1.64501332250803
-1.84152322781173
-1.69283141617248
-1.50162514504313
-2.70409722796121
-2.1312853342965
-1.68856368519772
-1.43527801984905
-0.838222687578218
-1.42582756062467
-1.09759382228288
