1.19346753506816
1.08184192977212
0.994237373355916
1.01275150221849
0.857287419485093
1.5074958784405
1.44430026023331
1.34791285871108
1.31205571654627
1.00706490035195
1.09839577079909
0.837587218488456
1.29281233900407
1.29124290453491
1.08289654631521
1.09608365843586
1.0165970526969
1.17583215072182
0.917079537729534
1.59768347752669
1.58615763374989
1.46001881209286
1.29752654110725
1.53885626117434
1.48459978549251
1.4046926997874
1.44923509077557
1.45255169375485
1.48521226812456
1.39795386548083
1.38946410744951
1.25383866211709
1.6108355208504
1.52635469446878
1.50323583798068
1.57184129890325
1.59869950658158
1.3652647918711
0.235414415416704
0.208932553519669
1.14552534158489
0.684986126570549
0.767882245749758
-0.151326067327136
0.63665917397529
0.796582838567007
0.775693910483346
1.016243788657
0.597994157120457
0.727740812906537
0.72488602442147
0.620554054511376
0.695225570094756
1.16376375064377
1.10867445596919
1.15558622897578
1.02904883864753
1.05577190819737
0.901799689923264
0.748101929462713
0.689248401237048
0.456043258390578
0.551022836758795
0.658208232389922
0.621184487222319
0.913890205012052
0.502128783891664
0.00541365332025127
0.434852387970763
0.323863823239263
0.486169368270481
0.303105245000851
0.417583737822856
-0.36893896288887
-0.325691630860154
-1.05674436513918
-0.119571548024399
0.237632161877012
0.105719926818829
-0.0195015334239605
-0.289712361938472
-0.856403827340961
-0.173670730316201
-1.35087352491164
-0.514296997125737
0.0602033145826051
0.0866518351998438
-0.0440659952257998
-1.42783470052154
-1.90983062082008
-1.00909093647404
-1.36556521901005
-1.56222264856004
-2.04301424500449
-0.54888901873195
-0.280001178552575
-0.48446161951907
-0.96492697741239
-0.65689423345157
-1.24852281809264
-0.346131404158538
-1.09679392446549
-0.186104453670077
0.425072613012037
-0.9086375668949
-0.458886149401864
-1.03243341708179
0.236899473082916
-1.34105534932011
-0.95938646820527
-1.49128470669697
-1.42636142829531
-1.27372000257801
-2.0527377969366
-1.99220453880738
-1.95026158987608
-0.985347302629157
-1.99925291873065
-1.93255016429564
-1.7119509395803
-1.58899084654961
-2.05663366170529
-1.44777757540051
-0.529543188257604
-1.80339702320375
-1.24646781730825
-0.652853163890134
-1.09313298891606
-0.203518264388732
-0.635294205101743
-0.843122230487379
-0.645527468146696
-1.41207209562685
-1.17007514600626
-0.769328612625326
-1.62014986340053
-1.84240807638039
-1.63277275830515
-1.29035084087529
-0.699883720947916
-1.46388216609722
-1.80054716238552
-0.762811424982398
-0.150634324779152
-0.716208358775409
-0.522165582088614
-0.64640715287817
0.0300793915135815
-0.351585208053101
-0.444487780670129
-0.303400534516921
-0.82062805994101
-0.475328634321968
-0.995722029254681
-0.89831124693166
-1.69808464604815
-0.331281045918664
-0.992191785922136
-0.0648923624047794
0.717882350455068
-0.524382457539562
-0.464140452486749
-0.407284675092802
-0.498967246204801
-1.00582694479466
-0.587062901457272
-1.1148744405954
-0.957079263104269
0.046525086545881
-0.721935775881589
-0.608325416551447
-0.0260740836402075
0.444164462317093
-1.21509614521636
-1.06494475033159
0.22339746024185
0.398673636318273
1.10507166144865
0.348137593531975
0.117549042583899
0.35557520226461
0.417648234896773
0.581656738860351
0.173887083890837
0.625696877950763
0.266196155620674
0.380334958756449
0.309799937007339
0.349280626840941
-0.126287465376114
0.2826208359024
-0.116392319823326
-0.259293170700384
0.420585751434841
1.07467310331281
1.07425044436326
1.30350788431696
0.0249046400492576
1.8378033071931
0.353234747419261
0.00867948614353551
0.183414962069932
-0.881888982684241
0.0471223562222676
0.435438612230886
0.927581068391845
0.0486309535184782
0.159980783300802
-0.311134537126222
0.174694686717189
-0.0326811390382678
0.156822021846307
0.204264295260936
