1.50822864075077
1.4146525222288
1.54921093511438
1.4764737274979
1.49934229158033
1.47315972855461
1.51121314155167
1.51239147904399
1.42502894198231
1.49752365039571
1.50340754361969
1.55936447188592
1.45535084729605
1.46974907175162
1.4203227299394
1.57852794683078
1.50978221281648
1.62011028608996
1.56795822350978
1.40021119930598
1.11982491127939
1.19441120609378
1.40107785138071
1.38113955762192
1.32730839954423
1.3749081500504
1.36857727295174
1.30820328021429
1.34104027536446
1.4214221571549
1.51579927876348
1.45161041702194
1.41393408956934
1.35468508936246
1.47755572452188
1.21641819299418
1.36037036523018
1.04379067051685
1.01514771318721
1.50824921611532
0.317467508824248
0.538167117397624
1.49838137696281
0.723762939828289
0.111349084483926
0.589423832402152
1.23909121471528
1.04008888846237
1.44987188917885
1.51971781446001
1.46071508290821
0.713033455384595
0.623888795038726
1.51882444935793
1.49805934585973
1.5880743776731
1.47920537148982
1.46191366013484
1.34090008581996
1.63341968637018
0.891593179735897
0.76704067546609
1.14470557993318
1.34150375316356
1.11008353600195
0.850357799747418
0.826616853095911
0.283015968452174
-0.0955137847884632
0.915557996603734
-0.0610986205702207
-0.0971743120168957
0.584582185310643
-0.489506992041054
-0.487862229477953
-0.488101365642292
0.277405126553444
-0.362982735484195
-0.856183178937348
0.211510940035335
-0.441128246519567
-0.350122308520616
-0.013930966740291
-0.304709299227913
-0.182674917741679
-0.232472144263264
-0.673955622623087
-0.966098145609502
-2.23411286784152
-2.01337025542163
-1.89363994624663
-1.40268404905074
-1.51478342490199
-0.812072198995295
-0.464464241693124
-0.376027058873137
-0.417881743153195
-0.948008604239893
-0.812173565875641
-1.85008890506738
-0.50198032560954
-1.10343523088936
-0.104262185541123
-0.656901661673167
-0.721344012320988
-1.97384287766567
-1.55092148917461
0.215540368826337
-1.19776662352994
-0.782073203399099
-0.652275762598203
-1.66118733746442
-1.3207572930932
-0.959539035342634
-0.498386281065804
-0.345369974012313
-0.533063161889298
-1.46492871928995
-0.967761201825987
-1.18484448228403
-1.78308870209206
-1.51334927951062
-0.226550468010654
-1.02610486810158
-0.606194397112393
-0.44142776110763
-0.630810465259365
-0.979295830767049
0.0866718382855857
-1.11678250666415
-0.936689048476344
0.267814034509993
0.316562382290682
-0.547989135253337
0.0176870034790609
-0.918405518708884
-0.730362505562856
-0.142066918149213
0.085525307793457
0.044338826083907
-0.77654062562649
-0.829455876147772
-1.03629095746513
-0.535706525356818
-0.470109883659373
-0.182002685503841
-0.819056264148869
-0.621775398332096
-0.403674814192299
-0.874882121178688
-1.05830042502762
-0.400853618697277
0.103201627385953
-0.644571273792937
-0.207252411019772
-0.847552863365901
-0.566170286129163
-0.385912072147043
-0.104802636515754
0.553728694777768
-0.144439454561024
-0.403297309106067
-0.360758593694871
-0.727162420805991
-0.554919361565258
-0.418670736094551
-0.163551520445401
-0.497984253400516
-0.952480571317823
-0.227051460392585
-0.71668879984108
-0.819921122852867
-0.463954179532924
0.0406790303517431
-0.52958124243634
-0.106365353555716
-0.0191849079067086
-0.744501783794089
-0.260441103427623
-0.521401368893165
-0.00824416810002435
-0.453782425258513
-0.652924067668239
-0.480512876021119
-0.229689367037774
-0.524175265267761
-0.316236811850263
0.0537033296697662
0.184756165786842
-0.804677181227361
-0.406755828639886
-0.587417794389025
-0.715041715812655
-0.259756252406361
-0.0137817824487661
-0.122649308074871
-0.211595584342796
-0.413773626627988
-1.59387828855787
-0.465744235109232
-0.358144445413172
-0.947975953530791
-1.32474126023606
-1.38216796028394
-1.04510494340956
-0.457742750538798
-0.724609660294643
-1.21671015322996
-1.77072155660402
-1.16441224289333
-0.533551038557682
-0.454122430738356
-0.406534339265634
